,HomePlanet,CryoSleep,Destination,Age,VIP,RoomService,FoodCourt,ShoppingMall,Spa,VRDeck,Transported,Deck,Num,Side
0,2,0,1,39,0,0.0,0.0,0.0,0.0,0.0,False,2,0,1
1,1,0,1,24,0,109.0,9.0,25.0,549.0,44.0,True,6,0,0
2,2,0,1,58,1,43.0,3576.0,0.0,6715.0,49.0,False,1,0,0
3,2,0,1,33,0,0.0,1283.0,371.0,3329.0,193.0,False,1,0,0
4,1,0,1,16,0,303.0,70.0,151.0,565.0,2.0,True,6,1,0
5,1,0,2,44,0,0.0,483.0,0.0,291.0,0.0,True,6,0,1
6,1,0,1,26,0,42.0,1539.0,3.0,0.0,0.0,True,6,2,0
7,1,1,1,28,0,0.0,0.0,0.0,0.0,306.7894819713431,True,7,0,0
8,1,0,1,35,0,0.0,785.0,17.0,216.0,0.0,True,6,3,0
9,2,1,3,14,0,0.0,0.0,0.0,0.0,0.0,True,2,1,1
10,2,1,1,34,0,0.0,0.0,174.90603284902085,0.0,0.0,True,2,1,1
11,2,0,3,45,0,39.0,7295.0,589.0,110.0,124.0,True,2,1,1
12,3,0,1,32,0,73.0,0.0,1123.0,0.0,113.0,True,6,1,1
13,1,0,1,48,0,719.0,1.0,65.0,0.0,24.0,False,7,1,0
14,1,0,1,28,0,8.0,974.0,12.0,2.0,7.0,True,6,2,1
15,1,0,1,31,0,32.0,0.0,876.0,0.0,0.0,False,6,82,0
16,3,0,3,27,0,1286.0,122.0,174.90603284902085,0.0,0.0,False,6,3,1
17,1,0,3,24,0,0.0,1.0,0.0,0.0,637.0,False,6,4,1
18,3,1,1,45,0,0.0,0.0,0.0,0.0,0.0,True,6,5,1
19,1,0,1,0,0,0.0,0.0,0.0,0.0,0.0,True,7,0,1
20,1,0,3,14,0,412.0,0.0,1.0,0.0,679.0,False,6,6,1
21,1,1,1,1,0,0.0,0.0,0.0,0.0,0.0,False,5,0,0
22,1,1,3,49,0,0.0,0.0,0.0,0.0,0.0,False,5,0,0
23,1,1,3,29,0,0.0,0.0,174.90603284902085,0.0,0.0,False,5,0,0
24,1,0,1,10,0,0.0,0.0,0.0,0.0,0.0,True,5,0,0
25,1,1,2,1,0,222.89785157787045,0.0,0.0,0.0,0.0,False,5,0,0
26,1,0,1,7,0,0.0,0.0,0.0,0.0,0.0,False,5,0,0
27,3,0,1,21,0,980.0,2.0,69.0,0.0,0.0,False,4,0,1
28,2,1,1,62,0,0.0,0.0,174.90603284902085,0.0,0.0,True,3,2,0
29,1,0,1,15,0,0.0,225.0,0.0,998.0,0.0,False,6,6,0
30,2,0,3,34,0,22.0,6073.0,0.0,1438.0,328.0,False,3,0,1
31,3,0,1,43,0,1125.0,0.0,136.0,48.0,0.0,False,6,8,1
32,1,0,1,32,0,0.0,850.0,81.0,437.0,453.0,False,7,4,0
33,3,0,1,47,0,214.0,0.0,1411.0,0.0,1229.0,True,6,9,1
34,3,0,1,2,0,0.0,0.0,0.0,0.0,0.0,True,6,9,1
35,3,0,1,20,0,222.89785157787045,0.0,1750.0,990.0,0.0,True,6,9,1
36,2,1,3,28,0,0.0,0.0,0.0,0.0,0.0,True,4,1,0
37,3,0,3,23,0,784.0,964.0,0.0,951.0,0.0,False,4,1,1
38,1,0,3,15,0,0.0,492.0,48.0,20.0,401.0,False,6,8,0
39,1,0,3,20,0,554.0,195.0,0.0,2606.0,0.0,False,6,10,0
40,1,1,3,30,0,0.0,0.0,174.90603284902085,0.0,0.0,False,7,1,1
41,1,1,1,17,0,0.0,0.0,0.0,0.0,0.0,True,7,2,1
42,2,0,1,45,0,0.0,164.0,45.0,2511.0,855.0,False,2,3,1
43,1,1,1,55,0,0.0,0.0,0.0,0.0,0.0,False,7,3,1
44,1,1,3,4,0,0.0,0.0,0.0,0.0,0.0,True,7,3,1
45,1,1,2,21,0,0.0,0.0,0.0,0.0,0.0,True,7,3,1
46,3,0,1,21,0,970.0,0.0,180.0,0.0,64.0,False,6,10,1
47,3,1,1,19,0,0.0,0.0,0.0,0.0,0.0,True,6,10,1
48,1,0,3,35,0,790.0,0.0,0.0,308.4769036733407,0.0,False,5,1,0
49,1,0,1,56,0,0.0,112.0,0.0,1379.0,127.0,False,5,2,0
50,1,0,1,28,0,4.0,0.0,2.0,4683.0,0.0,False,7,6,0
51,1,0,1,25,0,0.0,0.0,1938.0,0.0,1.0,True,6,11,0
52,2,0,1,2,0,0.0,0.0,0.0,0.0,0.0,True,1,1,0
53,2,1,1,38,0,0.0,0.0,0.0,0.0,0.0,True,1,1,0
54,2,0,1,27,0,279.0,605.0,3374.0,286.0,3.0,True,1,1,0
55,1,1,2,36,0,0.0,0.0,0.0,0.0,0.0,False,7,7,0
56,1,0,1,22,0,45.0,1096.0,148.0,1377.0,1.0,False,6,12,0
57,1,0,1,62,0,0.0,592.0,0.0,17.0,25.0,False,6,13,0
58,3,1,1,15,0,0.0,0.0,0.0,0.0,0.0,True,6,14,0
59,1,1,1,33,0,0.0,0.0,174.90603284902085,0.0,0.0,True,5,3,0
60,1,0,1,62,0,1.0,153.0,197.0,0.0,460.0,False,7,6,1
61,1,1,2,0,0,0.0,0.0,0.0,0.0,0.0,True,7,10,0
62,1,0,1,18,0,1.0,258.0,446.0,0.0,0.0,True,7,10,0
63,1,0,3,21,0,1946.0,37.0,0.0,0.0,24.0,False,6,15,0
64,3,0,1,28,0,793.0,0.0,2.0,253.0,0.0,False,5,4,0
65,1,0,1,42,0,887.0,0.0,9.0,6.0,0.0,True,6,16,0
66,1,0,1,19,0,190.0,0.0,5.0,1.0,726.0,False,6,13,1
67,1,0,1,17,0,16.0,2165.0,0.0,0.0,52.0,False,6,14,1
68,1,0,1,14,0,0.0,1.0,0.0,0.0,1063.0,False,6,17,0
69,3,0,2,37,0,46.0,83.0,738.0,0.0,12.0,False,4,3,1
70,2,0,1,42,0,1.0,8397.0,0.0,0.0,506.0,True,3,3,0
71,3,0,1,27,0,147.0,0.0,1018.0,0.0,0.0,True,6,18,0
72,3,0,1,28,0,14.0,0.0,1295.0,0.0,0.0,True,6,15,1
73,2,0,1,38,0,0.0,5840.0,0.0,321.0,9654.0,False,3,4,0
74,1,1,1,13,0,0.0,0.0,0.0,0.0,0.0,False,7,13,0
75,3,0,1,42,0,7406.0,0.0,0.0,0.0,0.0,False,6,16,1
76,3,1,1,2,0,0.0,0.0,0.0,0.0,0.0,True,6,16,1
77,3,0,1,8,0,0.0,0.0,0.0,0.0,0.0,True,6,16,1
78,1,0,1,24,0,688.0,0.0,0.0,0.0,17.0,True,7,14,0
79,2,1,1,40,0,0.0,0.0,0.0,0.0,0.0,True,3,5,0
80,1,0,1,43,0,211.0,0.0,0.0,638.0,513.0,False,6,17,1
81,3,1,2,45,0,0.0,0.0,0.0,0.0,0.0,True,5,5,0
82,1,1,1,35,0,0.0,0.0,0.0,0.0,0.0,True,7,15,0
83,1,1,1,26,0,222.89785157787045,0.0,0.0,0.0,0.0,True,7,16,0
84,1,0,1,27,0,1.0,697.0,31.0,188.0,0.0,False,6,20,0
85,1,0,1,19,0,0.0,0.0,670.0,1.0,34.0,False,7,9,1
86,1,1,1,0,0,0.0,0.0,174.90603284902085,0.0,0.0,True,7,9,1
87,1,1,1,3,0,0.0,0.0,0.0,0.0,0.0,True,7,9,1
88,2,0,1,54,0,0.0,1208.0,0.0,3.0,637.0,False,1,2,0
89,1,0,1,26,0,0.0,856.0,5.0,32.0,0.0,False,7,11,1
90,1,0,1,26,0,0.0,2811.0,957.0,0.0,87.0,True,7,11,1
91,1,0,2,23,0,311.0,427.0,526.0,37.0,0.0,False,6,19,1
92,1,0,1,2,0,0.0,0.0,0.0,0.0,0.0,True,7,12,1
93,3,1,1,31,0,0.0,0.0,0.0,0.0,0.0,True,6,82,0
94,1,0,1,18,0,0.0,0.0,0.0,830.0,91.0,False,6,23,0
95,1,0,1,24,0,0.0,451.96167494677076,0.0,0.0,17.0,True,6,24,0
96,1,1,3,9,0,0.0,0.0,0.0,0.0,0.0,True,7,18,0
97,1,1,1,6,0,0.0,0.0,0.0,0.0,0.0,False,7,18,0
98,1,0,1,27,0,0.0,0.0,570.0,2.0,131.0,False,6,21,1
99,3,0,1,21,0,1743.0,5.0,17.0,0.0,0.0,False,4,2,0
100,1,1,1,23,0,0.0,0.0,0.0,0.0,0.0,False,7,19,0
101,1,0,1,31,0,562.0,0.0,326.0,0.0,0.0,False,7,19,0
102,1,0,1,0,0,0.0,0.0,0.0,0.0,0.0,True,7,19,0
103,2,0,1,32,0,0.0,410.0,6.0,3929.0,764.0,False,6,82,0
104,2,0,1,40,0,0.0,331.0,0.0,0.0,1687.0,False,2,5,1
105,2,0,1,42,0,2209.0,11418.0,0.0,1868.0,445.0,True,2,5,1
106,2,1,1,28,0,0.0,0.0,0.0,0.0,0.0,True,2,5,1
107,2,1,1,29,0,0.0,0.0,0.0,0.0,0.0,True,5,6,0
108,2,0,3,48,1,0.0,2537.0,87.0,17.0,13.0,True,2,1,0
109,1,0,1,64,0,0.0,0.0,804.0,0.0,0.0,True,6,23,1
110,1,0,1,27,0,82.0,157.0,429.0,238.0,1.0,False,7,20,0
111,3,0,1,26,0,0.0,0.0,0.0,0.0,306.7894819713431,True,6,24,1
112,2,0,1,33,0,1.0,2223.0,0.0,12.0,404.0,True,4,4,1
113,1,0,1,39,0,0.0,2344.0,0.0,65.0,6898.0,False,1,0,1
114,2,1,1,13,0,0.0,0.0,0.0,0.0,0.0,True,1,0,1
115,3,1,1,24,0,0.0,0.0,0.0,0.0,306.7894819713431,True,6,25,1
116,1,0,1,29,0,0.0,0.0,0.0,699.0,74.0,False,7,21,0
117,1,0,1,18,0,55.0,597.0,49.0,0.0,1.0,False,6,27,1
118,3,1,1,67,0,0.0,0.0,0.0,0.0,0.0,True,6,27,0
119,3,0,1,35,0,701.0,0.0,296.0,0.0,25.0,False,5,7,0
120,3,0,1,61,1,2353.0,334.0,9.0,316.0,2.0,False,4,3,0
121,3,0,1,45,0,2103.0,6.0,0.0,0.0,0.0,False,5,8,0
122,1,1,2,22,0,0.0,0.0,174.90603284902085,0.0,0.0,True,7,22,0
123,3,1,1,19,0,0.0,0.0,0.0,0.0,0.0,True,6,29,0
124,3,0,1,36,0,2738.0,0.0,0.0,0.0,0.0,False,4,5,0
125,1,0,1,19,0,0.0,14.0,730.0,0.0,0.0,True,7,17,1
126,1,0,2,47,0,97.0,418.0,126.0,25.0,55.0,False,7,23,0
127,1,1,1,13,0,0.0,0.0,0.0,0.0,0.0,True,7,18,1
128,1,0,1,34,0,0.0,22.0,0.0,564.0,207.0,False,5,5,1
129,2,1,3,35,0,0.0,0.0,0.0,0.0,0.0,True,3,6,0
130,1,1,1,24,0,0.0,0.0,0.0,0.0,0.0,True,7,19,1
131,1,0,1,26,0,440.0,0.0,0.0,0.0,462.0,False,6,29,1
132,3,0,1,31,0,222.89785157787045,0.0,97.0,0.0,0.0,False,6,30,1
133,1,0,1,20,0,0.0,420.0,210.0,0.0,0.0,True,6,31,0
134,1,0,1,56,0,0.0,0.0,0.0,0.0,0.0,False,7,25,0
135,1,1,1,50,0,0.0,0.0,0.0,0.0,0.0,True,7,26,0
136,3,0,1,42,0,1072.0,0.0,10.0,0.0,76.0,False,6,31,1
137,1,1,3,28,0,0.0,0.0,0.0,0.0,0.0,True,7,27,0
138,1,1,3,38,0,0.0,0.0,0.0,0.0,0.0,False,7,20,1
139,1,0,1,41,0,0.0,0.0,0.0,0.0,607.0,False,6,32,1
140,1,0,1,22,0,4119.0,0.0,0.0,0.0,61.0,False,7,22,1
141,2,1,1,26,0,0.0,0.0,0.0,0.0,0.0,True,2,8,1
142,2,1,1,17,0,0.0,0.0,0.0,0.0,0.0,True,2,8,1
143,1,0,1,57,0,50.0,1688.0,0.0,308.4769036733407,135.0,True,7,28,0
144,1,1,2,17,0,0.0,0.0,0.0,0.0,0.0,False,7,28,0
145,3,1,1,35,0,0.0,0.0,0.0,0.0,0.0,True,6,37,1
146,3,1,1,13,0,0.0,0.0,0.0,0.0,0.0,True,6,35,0
147,3,0,1,27,0,1365.0,0.0,48.0,22.0,137.0,False,6,35,0
148,1,1,1,31,0,0.0,0.0,0.0,0.0,0.0,False,7,23,1
149,1,0,1,24,0,0.0,0.0,0.0,221.0,567.0,False,5,10,0
150,1,1,2,19,0,0.0,0.0,0.0,0.0,0.0,True,7,30,0
151,1,1,1,32,0,0.0,0.0,0.0,0.0,0.0,True,7,24,1
152,1,0,1,58,0,0.0,985.0,0.0,5.0,0.0,True,5,11,0
153,1,0,3,21,0,287.0,0.0,16.0,115.0,175.0,False,6,38,1
154,2,0,1,38,0,0.0,10346.0,1.0,14970.0,2111.0,False,2,2,0
155,3,0,1,38,0,3414.0,0.0,161.0,28.0,119.0,False,4,6,0
156,1,0,1,19,0,1.0,219.0,673.0,2.0,11.0,True,7,26,1
157,1,0,1,0,0,0.0,0.0,0.0,0.0,0.0,False,7,26,1
158,1,0,1,3,0,0.0,0.0,0.0,0.0,0.0,True,7,26,1
159,1,0,1,20,0,0.0,0.0,3.0,299.0,92.0,False,7,27,1
160,2,1,1,24,0,0.0,0.0,0.0,0.0,0.0,True,3,3,1
161,1,0,1,37,0,17.0,146.0,426.0,0.0,232.0,True,6,36,0
162,1,0,1,25,0,62.0,0.0,0.0,0.0,956.0,False,7,28,1
163,1,1,1,56,0,0.0,0.0,0.0,0.0,0.0,True,7,31,0
164,1,0,3,49,0,84.0,3.0,401.0,202.0,98.0,False,5,8,1
165,1,1,3,11,0,0.0,0.0,0.0,0.0,0.0,False,7,32,0
166,1,1,1,1,0,0.0,0.0,0.0,0.0,0.0,True,7,29,1
167,1,0,1,8,0,0.0,0.0,0.0,0.0,0.0,False,7,29,1
168,1,0,1,39,0,0.0,0.0,10.0,898.0,0.0,False,7,29,1
169,3,1,1,2,0,0.0,0.0,0.0,0.0,0.0,True,6,41,1
170,3,0,1,23,0,222.89785157787045,0.0,8.0,1072.0,0.0,False,6,41,1
171,3,0,1,0,0,0.0,0.0,0.0,0.0,0.0,True,6,41,1
172,3,0,1,39,0,406.0,0.0,867.0,0.0,0.0,True,6,42,1
173,3,0,2,25,0,1052.0,0.0,719.0,0.0,7.0,False,4,5,1
174,2,0,1,36,0,0.0,972.0,0.0,795.0,575.0,False,3,5,1
175,1,0,2,52,0,0.0,0.0,0.0,0.0,0.0,True,7,30,1
176,1,1,1,18,0,0.0,0.0,0.0,0.0,0.0,False,7,33,0
177,1,1,1,15,0,0.0,0.0,0.0,0.0,0.0,True,7,31,1
178,2,1,1,35,0,0.0,0.0,0.0,0.0,0.0,True,2,3,0
179,2,1,1,47,0,0.0,0.0,0.0,0.0,0.0,True,2,3,0
180,2,1,3,45,0,0.0,0.0,0.0,0.0,0.0,True,2,9,1
181,2,0,3,28,0,0.0,2433.0,174.90603284902085,878.0,443.0,True,1,2,1
182,2,1,1,51,0,0.0,0.0,0.0,0.0,0.0,True,3,8,0
183,1,0,1,29,0,0.0,2.0,66.0,0.0,705.0,False,7,34,0
184,2,0,3,28,0,2.0,1720.0,12.0,1125.0,122.0,True,3,9,0
185,1,1,2,19,0,0.0,0.0,0.0,0.0,0.0,False,7,32,1
186,1,1,3,24,0,0.0,0.0,174.90603284902085,0.0,0.0,True,4,6,1
187,3,0,1,29,0,902.0,1.0,137.0,0.0,0.0,True,6,44,1
188,3,1,1,11,0,0.0,0.0,0.0,0.0,0.0,True,6,44,1
189,3,0,1,17,0,848.0,0.0,307.0,182.0,0.0,False,6,44,1
190,1,0,1,13,0,192.0,0.0,0.0,51.0,739.0,False,5,9,1
191,1,0,1,35,0,147.0,188.0,0.0,10.0,387.0,False,6,45,1
192,1,0,1,21,0,367.0,281.0,0.0,0.0,146.0,False,6,46,1
193,1,0,3,21,0,0.0,56.0,0.0,0.0,1918.0,False,6,40,0
194,1,0,1,38,0,1517.0,0.0,0.0,27.0,0.0,False,6,47,1
195,1,1,1,19,0,0.0,0.0,0.0,0.0,0.0,True,7,36,1
196,1,1,1,2,0,0.0,0.0,0.0,0.0,0.0,True,7,37,1
197,1,0,1,0,0,0.0,0.0,0.0,0.0,0.0,True,7,37,1
198,1,1,1,13,0,0.0,0.0,0.0,0.0,0.0,False,7,37,1
199,1,0,1,25,0,122.0,84.0,174.90603284902085,0.0,0.0,False,5,10,1
200,1,0,1,16,0,0.0,3.0,0.0,0.0,1099.0,False,6,48,1
201,1,0,3,1,0,0.0,0.0,0.0,0.0,0.0,False,7,37,1
202,1,1,1,15,0,0.0,0.0,0.0,0.0,0.0,True,7,37,1
203,3,0,3,21,0,2237.0,0.0,119.0,0.0,0.0,False,5,13,0
204,3,0,1,23,0,1215.0,80.0,1.0,2.0,0.0,False,5,13,0
205,3,0,1,33,0,1933.0,12.0,188.0,1.0,0.0,False,5,13,0
206,3,1,1,21,0,0.0,0.0,0.0,0.0,0.0,True,5,13,0
207,3,0,1,41,0,1230.0,0.0,301.0,43.0,1023.0,False,5,13,0
208,3,0,1,16,0,915.0,0.0,221.0,234.0,0.0,False,5,13,0
209,3,1,1,42,0,0.0,0.0,0.0,0.0,0.0,False,5,13,0
210,3,0,1,20,0,1406.0,0.0,0.0,11.0,0.0,False,6,41,0
211,3,1,1,24,0,0.0,0.0,0.0,0.0,0.0,True,6,41,0
212,3,1,1,16,0,0.0,0.0,0.0,0.0,0.0,True,5,14,0
213,1,0,1,21,0,0.0,2.0,665.0,0.0,9.0,False,7,35,0
214,3,0,1,32,1,181.0,0.0,5.0,1634.0,0.0,False,6,42,0
215,1,1,2,58,0,0.0,0.0,0.0,0.0,0.0,True,7,38,1
216,1,0,1,24,0,4.0,7.0,0.0,713.0,79.0,False,6,43,0
217,3,0,1,30,0,85.0,0.0,1.0,1720.0,0.0,False,6,44,0
218,1,1,2,27,0,0.0,451.96167494677076,0.0,0.0,0.0,False,7,36,0
219,3,0,1,32,0,56.0,0.0,256.0,1438.0,0.0,False,6,45,0
220,1,0,1,43,0,222.89785157787045,888.0,0.0,0.0,0.0,False,6,50,1
221,2,1,1,42,0,0.0,0.0,0.0,0.0,0.0,True,2,11,1
222,3,0,1,37,0,637.0,0.0,0.0,92.0,319.0,False,6,82,0
223,3,1,1,35,0,0.0,0.0,0.0,0.0,0.0,True,6,52,1
224,2,0,3,33,0,0.0,1249.0,0.0,4812.0,1116.0,False,5,11,1
225,1,0,1,18,0,313.0,1.0,691.0,283.0,0.0,False,6,46,0
226,1,1,1,21,0,0.0,0.0,0.0,0.0,0.0,False,7,37,0
227,3,1,1,43,0,0.0,0.0,0.0,0.0,0.0,True,6,82,0
228,3,1,3,14,0,0.0,0.0,0.0,0.0,0.0,True,6,47,0
229,2,0,3,46,0,0.0,3571.0,0.0,0.0,7.0,True,3,6,1
230,2,0,1,33,0,0.0,86.0,796.0,584.0,10912.0,False,3,6,1
231,3,0,1,21,0,2947.0,0.0,287.0,27.0,0.0,False,4,8,1
232,2,0,1,33,0,0.0,1.0,0.0,8620.0,1063.0,False,3,10,0
233,1,1,2,47,0,222.89785157787045,0.0,0.0,0.0,0.0,False,7,38,0
234,1,1,3,54,0,0.0,0.0,0.0,0.0,0.0,True,3,11,0
235,1,0,1,30,0,335.0,695.0,541.0,0.0,0.0,False,6,53,1
236,1,0,1,29,0,272.0,615.0,0.0,0.0,1.0,False,7,42,1
237,1,0,1,21,0,702.0,172.0,408.0,2.0,6.0,True,6,54,1
238,2,1,1,24,0,0.0,0.0,0.0,0.0,0.0,True,1,3,0
239,3,0,3,21,0,1664.0,0.0,174.90603284902085,0.0,0.0,False,6,49,0
240,3,1,1,60,0,0.0,0.0,0.0,0.0,0.0,True,6,49,0
241,1,0,1,22,0,0.0,0.0,313.0,299.0,92.0,False,6,50,0
242,2,0,1,26,0,0.0,4810.0,0.0,981.0,2054.0,False,5,16,0
243,1,0,1,26,0,66.0,29.0,0.0,0.0,803.0,False,6,56,1
244,1,1,1,28,0,0.0,0.0,0.0,0.0,0.0,True,7,43,1
245,2,1,1,39,0,0.0,0.0,0.0,308.4769036733407,0.0,True,4,8,0
246,1,0,1,13,0,118.0,0.0,0.0,754.0,1.0,False,6,51,0
247,1,0,3,47,0,0.0,231.0,592.0,0.0,0.0,True,6,52,0
248,1,0,1,63,0,0.0,25.0,128.0,0.0,1240.0,False,6,59,1
249,2,1,3,28,0,0.0,0.0,0.0,0.0,0.0,True,4,9,0
250,1,0,3,50,0,44.0,2390.0,0.0,53.0,0.0,True,6,61,1
251,1,0,1,35,0,0.0,0.0,0.0,888.0,306.7894819713431,False,6,82,0
252,1,0,1,45,0,0.0,97.0,0.0,14.0,333.0,False,7,45,1
253,1,0,1,19,0,0.0,0.0,2078.0,0.0,0.0,True,6,63,1
254,1,0,1,21,0,0.0,918.0,0.0,0.0,0.0,True,6,54,0
255,1,1,2,29,0,0.0,0.0,0.0,0.0,0.0,True,7,46,1
256,1,0,1,22,0,146.0,654.0,1.0,0.0,2.0,True,6,64,1
257,2,1,1,14,0,0.0,0.0,0.0,0.0,0.0,True,5,16,1
258,2,1,3,42,0,0.0,0.0,0.0,0.0,0.0,True,5,16,1
259,1,0,3,57,0,3.0,1281.0,29.0,162.0,13.0,False,6,65,1
260,2,1,3,39,0,0.0,0.0,0.0,0.0,0.0,True,6,82,0
261,2,0,1,28,0,0.0,587.0,32.0,6.0,1460.0,False,2,12,1
262,1,0,3,19,0,0.0,0.0,0.0,0.0,828.0,False,6,55,0
263,2,1,3,19,0,0.0,0.0,0.0,0.0,0.0,True,3,12,0
264,2,0,3,26,0,0.0,4458.0,0.0,1157.0,262.0,True,2,7,0
265,2,1,1,17,0,0.0,0.0,0.0,0.0,0.0,True,2,7,0
266,2,0,1,43,0,0.0,0.0,0.0,0.0,0.0,True,2,7,0
267,2,0,3,9,0,0.0,0.0,0.0,0.0,0.0,True,2,7,0
268,2,0,1,40,0,0.0,6500.0,88.0,1090.0,0.0,True,4,10,0
269,2,1,1,50,0,0.0,0.0,0.0,308.4769036733407,0.0,True,2,8,0
270,1,0,1,24,0,90.0,2.0,1324.0,17.0,0.0,True,7,47,1
271,2,1,3,57,0,0.0,0.0,0.0,0.0,0.0,True,1,3,1
272,1,1,1,16,0,0.0,0.0,0.0,0.0,0.0,False,6,82,0
273,1,0,1,23,0,0.0,0.0,15.0,0.0,1370.0,False,6,67,1
274,1,1,1,23,0,0.0,0.0,0.0,0.0,0.0,True,7,41,0
275,2,0,1,28,0,0.0,422.0,0.0,1851.0,5166.0,False,5,18,0
276,2,0,3,23,0,0.0,584.0,0.0,20.0,2469.0,False,3,7,1
277,1,0,1,23,0,368.0,175.0,259.0,1.0,101.0,False,5,19,0
278,1,0,1,18,0,0.0,0.0,1359.0,0.0,0.0,True,6,59,0
279,1,0,1,18,0,1194.0,0.0,157.0,6.0,0.0,False,6,60,0
280,2,0,1,67,0,222.89785157787045,230.0,0.0,4476.0,241.0,False,6,82,0
281,1,0,2,60,0,7.0,540.0,1.0,0.0,4.0,True,6,68,1
282,1,1,3,28,0,0.0,0.0,174.90603284902085,0.0,0.0,True,7,50,1
283,1,0,3,49,0,331.0,0.0,0.0,318.0,0.0,True,6,68,1
284,1,0,3,0,0,0.0,0.0,0.0,0.0,0.0,True,7,50,1
285,1,0,3,26,0,386.0,0.0,74.0,0.0,1330.0,False,7,51,1
286,1,1,2,35,0,0.0,0.0,0.0,0.0,0.0,True,7,42,0
287,2,0,1,24,0,0.0,2628.0,174.90603284902085,170.0,0.0,True,2,9,0
288,2,1,1,20,0,0.0,0.0,0.0,0.0,306.7894819713431,True,2,9,0
289,1,0,1,18,0,0.0,2.0,0.0,308.4769036733407,0.0,False,7,44,0
290,1,0,1,21,0,0.0,5.0,3.0,0.0,306.7894819713431,False,7,44,0
291,1,0,1,59,1,1018.0,0.0,209.0,0.0,0.0,False,6,61,0
292,1,1,2,13,0,0.0,0.0,0.0,0.0,0.0,False,7,45,0
293,1,1,3,43,0,0.0,0.0,0.0,0.0,0.0,False,7,53,1
294,1,1,1,29,0,0.0,0.0,0.0,0.0,0.0,False,7,47,0
295,1,0,1,19,0,17.0,0.0,784.0,0.0,2.0,True,6,82,0
296,2,0,1,2,0,0.0,0.0,0.0,0.0,0.0,True,3,14,0
297,2,0,1,32,0,247.0,4651.0,0.0,46.0,202.0,True,3,14,0
298,2,0,1,33,0,443.0,317.0,0.0,148.0,1260.0,False,3,14,0
299,1,0,1,25,0,0.0,0.0,251.0,0.0,552.0,False,6,72,1
300,3,1,3,29,0,0.0,0.0,0.0,0.0,0.0,True,6,73,1
301,3,0,1,29,0,5715.0,2.0,211.0,1476.0,0.0,False,6,62,0
302,1,0,1,44,0,695.0,1.0,16.0,0.0,0.0,False,6,74,1
303,3,1,3,2,0,0.0,0.0,0.0,0.0,0.0,True,6,63,0
304,3,0,1,19,0,417.0,349.0,634.0,3.0,1057.0,True,6,63,0
305,3,0,3,0,0,0.0,0.0,0.0,0.0,0.0,True,6,63,0
306,1,1,1,18,0,0.0,0.0,174.90603284902085,0.0,0.0,True,7,48,0
307,2,1,3,38,0,0.0,0.0,0.0,0.0,0.0,True,2,10,0
308,1,1,2,5,0,0.0,0.0,0.0,0.0,0.0,False,7,57,1
309,1,0,2,31,0,121.0,0.0,0.0,274.0,907.0,False,6,76,1
310,3,1,1,30,0,0.0,0.0,0.0,0.0,0.0,False,5,21,0
311,1,1,3,15,0,0.0,0.0,0.0,0.0,0.0,True,7,59,1
312,3,0,1,27,0,434.0,0.0,1434.0,0.0,0.0,False,6,64,0
313,3,0,1,22,0,142.0,2876.0,202.0,3.0,0.0,True,4,12,1
314,3,0,1,36,0,520.0,0.0,1865.0,0.0,0.0,True,6,82,0
315,1,1,2,14,0,0.0,0.0,0.0,0.0,0.0,True,7,60,1
316,3,0,1,23,0,2001.0,0.0,2975.0,0.0,0.0,False,6,78,1
317,1,1,1,18,0,0.0,0.0,0.0,0.0,0.0,True,6,82,0
318,2,1,3,36,0,0.0,0.0,0.0,0.0,0.0,True,2,15,1
319,1,0,1,41,0,222.89785157787045,1198.0,0.0,124.0,572.0,False,6,65,0
320,1,1,1,50,0,0.0,0.0,0.0,0.0,0.0,True,7,50,0
321,1,1,2,32,0,0.0,0.0,0.0,0.0,0.0,True,7,50,0
322,1,0,2,26,0,148.0,0.0,453.0,0.0,88.0,False,6,66,0
323,1,0,1,15,0,358.0,212.0,33.0,0.0,112.0,False,6,67,0
324,1,0,3,33,0,0.0,36.0,0.0,280.0,417.0,True,6,68,0
325,1,0,3,28,0,0.0,0.0,0.0,685.0,21.0,False,7,51,0
326,3,0,1,26,0,2832.0,107.0,4447.0,15.0,4.0,False,6,82,1
327,3,1,1,61,0,0.0,0.0,0.0,0.0,0.0,True,6,82,1
328,1,0,1,24,0,0.0,0.0,592.0,177.0,58.0,True,7,53,0
329,1,0,1,30,0,0.0,95.0,0.0,441.0,1023.0,False,6,83,1
330,3,1,1,24,0,0.0,0.0,0.0,0.0,0.0,True,6,84,1
331,1,0,1,24,0,0.0,5.0,0.0,2766.0,0.0,False,6,85,1
332,1,1,1,41,0,0.0,0.0,0.0,0.0,0.0,False,7,62,1
333,1,0,1,20,0,0.0,0.0,558.0,0.0,230.0,False,5,22,1
334,1,0,1,22,0,116.0,0.0,786.0,6.0,0.0,True,7,54,0
335,2,0,3,63,0,0.0,1068.0,0.0,176.0,8188.0,False,3,15,0
336,2,0,3,18,0,17.0,215.0,4.0,5132.0,697.0,False,2,11,0
337,2,1,3,21,0,0.0,0.0,0.0,0.0,0.0,True,2,11,0
338,2,0,1,79,0,5649.0,235.0,7.0,2579.0,2175.0,False,2,11,0
339,2,1,1,56,0,0.0,0.0,0.0,0.0,0.0,True,2,11,0
340,2,1,1,13,0,0.0,0.0,0.0,0.0,0.0,True,2,11,0
341,2,0,1,33,0,0.0,2491.0,6.0,1173.0,1059.0,False,2,11,0
342,2,1,1,32,0,0.0,0.0,0.0,0.0,0.0,True,2,11,0
343,1,0,1,31,0,198.0,0.0,591.0,0.0,164.0,True,7,63,1
344,2,1,3,26,0,0.0,0.0,0.0,0.0,0.0,True,6,82,0
345,2,1,3,18,0,0.0,0.0,0.0,0.0,0.0,True,2,16,1
346,2,1,3,38,0,0.0,0.0,174.90603284902085,0.0,0.0,True,2,16,1
347,1,0,1,23,0,348.0,0.0,0.0,4.0,368.0,False,7,64,1
348,1,0,1,28,0,82.0,773.0,0.0,3693.0,140.0,False,7,55,0
349,1,1,2,34,0,0.0,0.0,0.0,0.0,0.0,False,7,55,0
350,1,0,3,0,0,0.0,0.0,0.0,0.0,0.0,True,7,56,0
351,1,0,1,14,0,3.0,0.0,881.0,25.0,0.0,True,7,56,0
352,1,0,1,23,0,13.0,747.0,0.0,0.0,128.0,False,7,65,1
353,1,1,1,49,0,0.0,0.0,0.0,0.0,0.0,False,7,66,1
354,1,1,1,14,0,0.0,0.0,0.0,0.0,0.0,False,7,57,0
355,1,0,1,18,0,391.0,44.0,356.0,0.0,0.0,False,5,23,1
356,2,0,2,27,1,69.0,5728.0,0.0,0.0,987.0,True,3,9,1
357,1,0,1,48,0,0.0,111.0,0.0,1508.0,0.0,False,5,24,1
358,2,0,3,31,1,0.0,11003.0,552.0,8157.0,5688.0,False,2,17,1
359,2,0,3,61,0,1.0,608.0,0.0,3835.0,1.0,False,2,17,1
360,1,1,1,18,0,0.0,0.0,0.0,0.0,0.0,True,7,59,0
361,3,1,1,45,0,0.0,0.0,0.0,0.0,0.0,True,6,69,0
362,3,0,1,22,0,28.0,420.0,36.0,6011.0,3.0,False,4,13,0
363,3,0,1,30,1,1056.0,0.0,0.0,0.0,0.0,False,4,14,0
364,3,0,1,30,0,1770.0,0.0,0.0,13.0,0.0,False,4,14,0
365,1,1,3,32,1,0.0,0.0,0.0,0.0,0.0,True,4,15,0
366,3,0,1,43,1,353.0,896.0,0.0,0.0,2.0,True,4,13,1
367,1,0,3,17,0,177.0,451.96167494677076,0.0,310.0,7.0,False,6,89,1
368,1,0,1,23,0,222.89785157787045,21.0,0.0,0.0,1699.0,False,7,69,1
369,1,0,1,20,0,0.0,465.0,0.0,5.0,223.0,False,6,90,1
370,1,1,1,39,0,0.0,0.0,0.0,0.0,0.0,False,7,69,1
371,3,0,1,35,0,1134.0,113.0,52.0,0.0,0.0,False,5,25,1
372,3,0,1,31,0,0.0,0.0,1116.0,2.0,0.0,False,6,71,0
373,1,0,3,21,0,0.0,150.0,0.0,567.0,0.0,False,6,72,0
374,1,0,1,16,0,691.0,0.0,101.0,140.0,0.0,False,6,91,1
375,2,0,1,60,0,0.0,7255.0,5952.0,1537.0,0.0,True,3,11,1
376,1,0,1,18,0,0.0,157.0,0.0,352.0,60.0,False,6,92,1
377,1,1,1,42,0,0.0,0.0,0.0,0.0,0.0,False,7,60,0
378,2,1,3,68,0,0.0,0.0,0.0,0.0,0.0,True,2,18,1
379,2,0,3,22,0,0.0,1170.0,0.0,5467.0,1241.0,False,2,18,1
380,2,1,1,59,0,0.0,0.0,0.0,0.0,0.0,True,2,18,1
381,2,0,1,28,0,8.0,3584.0,0.0,13.0,57.0,True,2,19,1
382,3,0,1,37,0,1094.0,2.0,26.0,34.0,1.0,False,6,96,1
383,3,1,1,3,0,0.0,0.0,0.0,0.0,0.0,True,6,96,1
384,3,1,1,31,0,0.0,0.0,0.0,0.0,0.0,True,6,96,1
385,2,0,1,31,0,417.0,451.96167494677076,7185.0,562.0,792.0,True,5,26,1
386,2,0,1,29,0,0.0,4118.0,0.0,715.0,3139.0,True,3,16,0
387,2,0,3,20,0,2.0,10116.0,0.0,2.0,225.0,True,1,5,0
388,2,1,3,46,0,0.0,0.0,0.0,0.0,0.0,True,1,5,0
389,1,0,1,29,0,0.0,1026.0,0.0,16.0,0.0,True,6,75,0
390,3,1,1,43,0,0.0,0.0,0.0,0.0,0.0,True,6,97,1
391,3,0,1,17,0,1483.0,10.0,0.0,0.0,0.0,False,6,76,0
392,2,0,3,27,0,0.0,0.0,0.0,0.0,0.0,True,2,20,1
393,2,0,1,47,0,4.0,891.0,0.0,2962.0,3656.0,False,2,20,1
394,3,1,1,45,0,0.0,0.0,0.0,0.0,0.0,True,6,77,0
395,1,1,1,17,0,0.0,0.0,0.0,0.0,0.0,True,7,62,0
396,1,0,3,10,0,0.0,0.0,0.0,0.0,0.0,True,7,63,0
397,1,0,2,56,0,46.0,11.0,0.0,622.0,0.0,False,7,63,0
398,1,0,1,39,0,382.0,0.0,22.0,467.0,0.0,False,6,78,0
399,1,0,2,40,0,7.0,0.0,840.0,26.0,0.0,False,6,78,0
400,2,1,1,40,0,222.89785157787045,0.0,0.0,0.0,0.0,True,2,13,0
401,2,0,3,34,0,222.89785157787045,5637.0,45.0,1936.0,56.0,False,3,13,1
402,1,0,3,32,0,0.0,0.0,0.0,722.0,0.0,False,6,79,0
403,1,0,1,35,0,7.0,1043.0,0.0,0.0,0.0,False,6,98,1
404,3,0,1,32,1,2484.0,429.0,102.0,0.0,0.0,False,4,15,1
405,1,0,1,26,1,1869.0,0.0,136.0,0.0,0.0,False,6,99,1
406,1,0,1,25,0,1352.0,0.0,0.0,24.0,799.0,False,6,80,0
407,1,0,1,26,0,0.0,0.0,0.0,77.0,715.0,False,5,25,0
408,2,1,3,22,0,0.0,0.0,0.0,0.0,0.0,True,2,21,1
409,1,0,1,22,0,9.0,0.0,795.0,0.0,0.0,True,6,81,0
410,1,0,1,24,0,757.0,0.0,0.0,32.0,0.0,False,5,27,1
411,1,1,2,32,0,0.0,0.0,0.0,0.0,0.0,True,7,71,1
412,1,1,1,11,0,0.0,0.0,0.0,0.0,0.0,True,7,64,0
413,3,1,1,22,0,0.0,0.0,0.0,0.0,0.0,True,5,26,0
414,2,1,1,19,0,0.0,0.0,0.0,0.0,0.0,True,2,14,0
415,2,1,3,34,0,0.0,0.0,0.0,0.0,0.0,True,6,82,0
416,2,1,1,74,0,0.0,0.0,0.0,0.0,0.0,True,2,14,0
417,2,0,3,28,1,5.0,4288.0,0.0,745.0,5.0,True,2,15,0
418,2,1,1,42,0,0.0,0.0,0.0,0.0,0.0,True,2,15,0
419,2,1,1,43,0,0.0,0.0,0.0,0.0,0.0,True,2,15,0
420,1,0,1,55,0,210.0,185.0,188.0,59.0,73.0,False,6,83,0
421,1,0,2,19,0,0.0,0.0,747.0,26.0,0.0,True,7,72,1
422,1,1,1,6,0,0.0,0.0,0.0,0.0,0.0,False,7,72,1
423,1,0,1,7,0,0.0,0.0,0.0,0.0,0.0,False,7,72,1
424,2,1,3,28,0,0.0,0.0,0.0,0.0,0.0,True,4,16,0
425,1,0,1,15,0,2156.0,0.0,0.0,59.0,2.0,False,6,84,0
426,1,1,2,24,0,0.0,0.0,0.0,0.0,0.0,True,7,65,0
427,1,0,2,31,0,0.0,869.0,0.0,0.0,0.0,True,5,27,0
428,1,0,1,22,0,0.0,70.0,182.0,612.0,20.0,True,6,85,0
429,1,0,3,1,0,0.0,0.0,0.0,0.0,0.0,True,7,66,0
430,1,1,1,50,0,0.0,0.0,0.0,0.0,0.0,False,7,67,0
431,3,0,1,34,0,865.0,0.0,257.0,308.4769036733407,35.0,False,6,100,1
432,3,0,1,14,0,928.0,852.0,81.0,0.0,0.0,False,6,100,1
433,1,0,1,19,0,4.0,10.0,0.0,1178.0,428.0,False,5,28,1
434,1,0,1,28,0,0.0,654.0,22.0,146.0,4.0,True,5,28,1
435,1,0,1,36,0,0.0,0.0,863.0,1.0,1.0,False,6,101,1
436,1,1,1,34,0,0.0,0.0,0.0,0.0,0.0,False,6,82,0
437,3,1,3,25,0,0.0,0.0,0.0,0.0,306.7894819713431,True,6,86,0
438,1,1,1,36,0,0.0,0.0,0.0,0.0,0.0,True,6,86,0
439,2,0,1,16,0,0.0,45.0,2.0,5183.0,170.0,False,2,22,1
440,2,0,3,30,0,0.0,7972.0,0.0,0.0,4.0,True,2,22,1
441,1,0,2,37,0,0.0,10.0,544.0,9.0,299.0,False,6,87,0
442,1,1,3,15,0,0.0,0.0,0.0,0.0,0.0,True,7,69,0
443,1,0,1,36,0,0.0,0.0,38.0,9.0,943.0,False,5,29,1
444,3,0,2,27,0,222.89785157787045,6.0,145.0,144.0,0.0,False,6,103,1
445,3,1,1,27,0,0.0,0.0,0.0,0.0,0.0,True,6,103,1
446,3,1,1,12,0,0.0,0.0,0.0,0.0,0.0,True,6,103,1
447,1,0,1,22,0,0.0,5.0,0.0,1619.0,0.0,False,5,30,1
448,1,0,1,27,0,222.89785157787045,34.0,23.0,0.0,275.0,False,7,74,1
449,1,1,1,13,0,0.0,0.0,0.0,0.0,0.0,True,7,70,0
450,1,0,1,27,0,0.0,118.0,0.0,5.0,665.0,False,5,28,0
451,1,0,1,28,0,0.0,14.0,0.0,0.0,615.0,False,6,88,0
452,2,0,3,21,0,0.0,33.0,0.0,3348.0,55.0,False,2,17,0
453,2,0,1,39,0,172.0,1794.0,12.0,4303.0,246.0,False,3,19,0
454,1,1,2,28,0,0.0,0.0,174.90603284902085,0.0,0.0,False,7,76,1
455,1,1,1,14,0,0.0,0.0,0.0,0.0,0.0,True,7,71,0
456,2,1,3,27,0,0.0,451.96167494677076,0.0,0.0,0.0,True,6,82,0
457,2,1,3,46,0,0.0,0.0,0.0,308.4769036733407,0.0,True,2,18,0
458,3,1,3,27,0,0.0,0.0,0.0,0.0,0.0,True,6,89,0
459,3,0,1,21,0,0.0,0.0,0.0,0.0,0.0,False,5,29,0
460,3,0,3,21,0,513.0,0.0,1749.0,82.0,0.0,True,4,19,1
461,2,0,1,42,0,0.0,929.0,967.0,308.4769036733407,481.0,False,5,32,1
462,3,0,1,22,0,10.0,0.0,817.0,471.0,0.0,False,6,82,0
463,3,0,1,10,0,0.0,0.0,0.0,0.0,0.0,True,6,90,0
464,3,0,1,43,0,1821.0,0.0,47.0,29.0,0.0,False,6,90,0
465,3,0,1,42,0,1246.0,35.0,16.0,0.0,0.0,False,5,31,0
466,2,1,3,18,0,0.0,0.0,0.0,0.0,0.0,True,2,19,0
467,2,1,3,54,0,0.0,0.0,0.0,0.0,0.0,True,2,19,0
468,2,1,1,24,0,0.0,0.0,0.0,0.0,0.0,True,2,19,0
469,2,0,1,64,0,0.0,1737.0,11.0,401.0,752.0,False,2,19,0
470,2,1,3,18,0,0.0,0.0,0.0,0.0,0.0,True,2,19,0
471,1,1,3,53,0,0.0,0.0,0.0,0.0,0.0,True,2,19,0
472,3,1,1,23,0,0.0,0.0,0.0,0.0,0.0,True,6,91,0
473,1,0,1,39,0,0.0,0.0,0.0,0.0,0.0,True,7,74,0
474,2,0,1,59,0,0.0,16521.0,0.0,323.0,0.0,True,3,16,1
475,2,0,3,32,0,0.0,5755.0,0.0,59.0,122.0,True,4,18,0
476,2,1,1,55,0,0.0,0.0,0.0,0.0,0.0,True,4,18,0
477,1,1,2,21,0,0.0,0.0,0.0,0.0,0.0,True,7,78,1
478,2,1,1,50,0,0.0,0.0,0.0,0.0,0.0,True,2,20,0
479,2,0,3,55,0,113.0,2492.0,41.0,0.0,2376.0,False,1,6,0
480,1,0,1,28,0,1445.0,0.0,1.0,2.0,73.0,False,6,109,1
481,1,1,1,35,0,0.0,0.0,0.0,0.0,0.0,True,6,92,0
482,1,1,1,28,0,0.0,0.0,0.0,0.0,0.0,True,7,77,0
483,1,0,1,55,0,62.0,451.96167494677076,0.0,0.0,306.7894819713431,False,7,78,0
484,1,0,1,23,0,39.0,263.0,0.0,0.0,306.7894819713431,True,5,32,0
485,1,0,1,42,0,0.0,0.0,750.0,0.0,156.0,False,5,33,1
486,1,0,1,35,0,553.0,213.0,1733.0,0.0,6.0,True,5,33,0
487,1,1,1,47,0,0.0,0.0,0.0,0.0,0.0,True,6,82,0
488,3,0,3,28,0,1172.0,11.0,3.0,0.0,4.0,False,6,93,0
489,3,1,1,34,0,0.0,0.0,0.0,0.0,0.0,True,6,93,0
490,2,0,1,46,0,0.0,1119.0,0.0,3427.0,6595.0,False,3,17,1
491,1,1,2,26,0,0.0,0.0,0.0,0.0,0.0,False,7,81,1
492,1,1,3,1,0,0.0,0.0,0.0,0.0,0.0,False,7,82,1
493,1,1,3,28,0,0.0,0.0,0.0,0.0,0.0,True,7,82,1
494,3,0,1,33,0,20.0,0.0,384.0,557.0,0.0,False,4,21,1
495,2,0,1,34,0,98.0,715.0,29.0,5732.0,1902.0,False,2,23,1
496,2,0,1,49,0,3573.0,1308.0,316.0,641.0,25.0,False,2,23,1
497,1,0,1,22,0,0.0,5.0,0.0,320.0,352.0,False,7,83,1
498,1,0,1,28,0,0.0,1073.0,0.0,0.0,5.0,True,6,110,1
499,2,1,1,28,0,0.0,0.0,174.90603284902085,0.0,0.0,True,3,18,1
500,2,1,3,36,0,0.0,0.0,0.0,0.0,0.0,True,3,18,1
501,1,1,3,30,0,0.0,0.0,0.0,0.0,0.0,True,3,18,1
502,2,1,1,49,0,0.0,0.0,0.0,0.0,0.0,True,3,18,1
503,2,0,1,38,0,0.0,1793.0,479.0,9.0,4987.0,False,3,18,1
504,3,1,1,31,0,0.0,0.0,0.0,0.0,0.0,True,6,95,0
505,1,0,1,17,0,1471.0,0.0,0.0,45.0,16.0,False,6,95,0
506,1,0,1,26,0,9.0,0.0,0.0,0.0,878.0,False,7,84,1
507,1,0,1,23,0,59.0,0.0,0.0,681.0,0.0,False,6,111,1
508,1,0,3,24,0,930.0,691.0,838.0,0.0,0.0,False,6,96,0
509,1,0,1,23,0,0.0,15.0,831.0,16.0,3.0,False,6,97,0
510,1,0,1,24,0,0.0,86.0,704.0,0.0,1.0,True,5,36,0
511,3,0,2,32,0,666.0,0.0,0.0,252.0,1.0,True,4,19,0
512,3,1,1,43,0,0.0,0.0,0.0,0.0,0.0,True,6,98,0
513,1,0,1,23,0,13.0,12.0,0.0,762.0,0.0,True,6,99,0
514,1,0,1,42,0,126.0,0.0,266.0,445.0,12.0,False,7,80,0
515,2,1,3,29,0,0.0,0.0,0.0,0.0,0.0,True,3,21,0
516,2,1,1,40,0,0.0,0.0,0.0,0.0,0.0,True,3,19,1
517,2,0,1,37,0,0.0,6506.0,0.0,764.0,0.0,True,3,19,1
518,2,1,3,61,0,0.0,0.0,0.0,0.0,0.0,True,3,20,1
519,2,0,1,33,0,0.0,165.0,1.0,2525.0,0.0,False,3,20,1
520,1,0,1,19,0,0.0,1428.0,0.0,1.0,19.0,True,6,100,0
521,1,0,2,21,0,0.0,12.0,580.0,0.0,79.0,False,6,102,0
522,1,0,1,4,0,0.0,0.0,0.0,0.0,0.0,False,7,81,0
523,1,0,2,12,0,0.0,0.0,0.0,0.0,0.0,True,7,81,0
524,1,0,1,44,0,1440.0,293.0,74.0,32.0,0.0,True,6,103,0
525,1,0,1,22,0,0.0,0.0,332.0,442.0,0.0,False,7,82,0
526,3,0,3,33,0,840.0,642.0,402.0,21.0,0.0,False,6,114,1
527,2,1,3,32,0,0.0,0.0,0.0,0.0,0.0,True,2,24,1
528,2,1,1,28,0,0.0,0.0,0.0,0.0,0.0,True,2,24,1
529,2,0,1,28,0,0.0,410.0,2.0,1354.0,3695.0,False,2,24,1
530,3,0,1,31,0,697.0,0.0,612.0,0.0,0.0,False,6,115,1
531,3,1,1,13,0,0.0,0.0,0.0,0.0,0.0,True,5,37,0
532,1,1,1,14,0,0.0,0.0,0.0,0.0,0.0,True,7,83,0
533,2,0,1,33,0,1908.0,33.0,0.0,1.0,4.0,False,4,20,0
534,2,1,3,28,0,0.0,0.0,0.0,0.0,306.7894819713431,True,4,20,0
535,1,0,1,23,0,0.0,334.0,310.0,0.0,0.0,True,6,116,1
536,2,0,1,36,1,530.0,5085.0,1.0,146.0,872.0,True,3,22,0
537,2,1,3,22,0,0.0,0.0,0.0,0.0,0.0,True,3,21,1
538,2,1,1,19,0,0.0,0.0,0.0,0.0,0.0,False,3,21,1
539,2,1,1,42,0,0.0,0.0,0.0,0.0,0.0,True,3,21,1
540,2,1,1,30,0,0.0,0.0,0.0,0.0,306.7894819713431,True,3,21,1
541,2,1,3,16,0,0.0,0.0,0.0,0.0,0.0,True,3,21,1
542,2,0,1,55,0,0.0,1542.0,0.0,1814.0,1568.0,False,3,21,1
543,2,1,1,55,0,0.0,0.0,0.0,0.0,0.0,True,3,21,1
544,1,0,1,19,0,1911.0,0.0,21.0,854.0,0.0,False,6,105,0
545,1,0,1,28,0,14.0,809.0,25.0,54.0,306.7894819713431,False,6,117,1
546,2,1,1,18,0,0.0,0.0,0.0,0.0,0.0,True,5,34,1
547,1,0,1,21,0,0.0,451.96167494677076,625.0,110.0,0.0,False,6,107,0
548,1,0,1,65,0,0.0,0.0,521.0,105.0,0.0,False,7,86,1
549,1,0,1,55,0,53.0,790.0,37.0,0.0,0.0,True,6,108,0
550,1,0,1,50,0,222.89785157787045,233.0,0.0,0.0,0.0,False,7,85,0
551,1,1,1,49,0,0.0,0.0,0.0,0.0,0.0,True,7,87,1
552,1,0,1,22,0,0.0,0.0,601.0,183.0,4.0,False,5,38,0
553,3,1,1,33,0,0.0,0.0,0.0,0.0,0.0,True,6,118,1
554,3,1,1,3,0,0.0,0.0,0.0,0.0,0.0,True,6,109,0
555,3,1,1,0,0,0.0,0.0,0.0,0.0,0.0,True,6,109,0
556,3,1,1,33,0,0.0,0.0,0.0,0.0,0.0,True,6,109,0
557,3,1,1,48,0,0.0,0.0,0.0,0.0,0.0,True,6,120,1
558,3,1,1,5,0,0.0,0.0,0.0,0.0,0.0,True,6,120,1
559,3,0,1,23,0,2648.0,0.0,1092.0,0.0,0.0,False,4,22,1
560,2,1,1,53,0,0.0,0.0,0.0,0.0,0.0,True,4,23,1
561,3,0,1,18,0,5.0,25.0,616.0,0.0,1042.0,False,6,121,1
562,1,1,2,20,0,0.0,0.0,0.0,0.0,0.0,False,7,89,1
563,1,0,1,23,0,234.0,1.0,551.0,0.0,1.0,False,5,35,1
564,1,0,1,48,0,801.0,2.0,0.0,1.0,973.0,False,7,90,1
565,1,1,2,19,0,0.0,0.0,0.0,0.0,0.0,False,7,86,0
566,3,0,1,28,0,43.0,152.0,182.0,1.0,2005.0,False,4,24,1
567,1,0,3,9,0,0.0,0.0,0.0,0.0,0.0,False,7,87,0
568,1,0,1,24,0,222.89785157787045,4.0,0.0,670.0,113.0,False,5,39,0
569,3,0,1,46,0,21.0,0.0,2155.0,422.0,306.7894819713431,True,6,123,1
570,1,1,1,23,0,0.0,0.0,0.0,0.0,0.0,True,7,91,1
571,1,1,1,21,0,0.0,0.0,0.0,0.0,0.0,False,7,91,1
572,1,1,1,19,0,0.0,0.0,174.90603284902085,0.0,306.7894819713431,False,7,89,0
573,3,0,1,0,0,0.0,0.0,0.0,0.0,0.0,True,6,124,1
574,3,0,1,4,0,0.0,451.96167494677076,0.0,0.0,0.0,True,6,124,1
575,3,0,1,26,0,1252.0,0.0,46.0,124.0,6.0,False,6,124,1
576,3,1,1,9,0,0.0,0.0,0.0,0.0,0.0,True,6,124,1
577,2,0,1,24,0,0.0,3385.0,826.0,9.0,793.0,True,3,23,0
578,3,1,1,24,0,0.0,0.0,0.0,0.0,0.0,True,6,125,1
579,3,0,1,25,0,0.0,0.0,0.0,0.0,0.0,False,5,36,1
580,3,1,1,21,0,0.0,0.0,0.0,0.0,0.0,True,6,125,1
581,1,0,1,21,0,0.0,0.0,12.0,0.0,747.0,False,6,126,1
582,2,0,1,37,0,27.0,654.0,10.0,881.0,9568.0,False,3,22,1
583,2,0,3,44,0,434.0,3113.0,19.0,308.4769036733407,892.0,False,3,22,1
584,2,0,1,43,0,4.0,1111.0,118.0,1852.0,306.7894819713431,False,3,22,1
585,1,0,1,7,0,0.0,0.0,0.0,0.0,0.0,True,7,94,1
586,3,0,1,33,0,149.0,0.0,174.90603284902085,0.0,109.0,False,6,128,1
587,1,0,1,24,0,0.0,451.96167494677076,229.0,502.0,5.0,False,6,129,1
588,1,1,2,31,0,0.0,0.0,0.0,0.0,0.0,True,7,90,0
589,2,1,1,27,1,0.0,0.0,0.0,0.0,0.0,True,2,25,1
590,1,0,1,34,0,0.0,0.0,0.0,308.4769036733407,0.0,True,7,91,0
591,1,1,1,58,0,0.0,0.0,0.0,0.0,0.0,False,7,92,0
592,1,0,1,7,0,0.0,0.0,0.0,0.0,0.0,True,7,92,0
593,1,1,3,3,0,0.0,0.0,0.0,0.0,0.0,True,7,92,0
594,1,0,3,21,0,0.0,0.0,908.0,49.0,0.0,True,7,95,1
595,1,0,2,21,0,1.0,368.0,0.0,0.0,388.0,False,6,131,1
596,2,1,1,39,0,0.0,0.0,0.0,0.0,0.0,True,3,24,0
597,2,1,3,43,0,0.0,0.0,0.0,0.0,0.0,True,3,24,0
598,1,1,1,22,0,0.0,0.0,0.0,0.0,0.0,True,7,93,0
599,1,0,1,44,0,103.0,0.0,18.0,1197.0,1.0,True,6,133,1
600,1,0,1,38,0,0.0,0.0,0.0,1018.0,0.0,False,7,96,1
601,3,1,1,32,0,0.0,0.0,0.0,0.0,0.0,True,6,112,0
602,3,1,1,55,0,0.0,0.0,0.0,0.0,0.0,True,6,113,0
603,3,0,2,31,1,629.0,0.0,0.0,150.0,0.0,False,4,25,1
604,1,0,1,39,0,0.0,1496.0,0.0,140.0,383.0,False,6,135,1
605,1,0,1,35,0,0.0,1778.0,0.0,0.0,0.0,True,7,94,0
606,1,0,1,37,0,614.0,0.0,50.0,11.0,319.0,False,5,43,0
607,1,0,3,13,0,0.0,7.0,0.0,339.0,359.0,False,6,136,1
608,1,0,1,21,0,0.0,0.0,7.0,675.0,0.0,False,6,136,1
609,3,0,1,20,0,0.0,0.0,0.0,0.0,0.0,False,5,44,0
610,2,1,3,20,0,0.0,0.0,0.0,0.0,0.0,True,2,28,1
611,1,0,1,63,0,0.0,123.0,956.0,25.0,306.7894819713431,True,6,137,1
612,1,0,1,36,0,2.0,0.0,0.0,1958.0,19.0,False,6,114,0
613,2,0,3,29,0,0.0,3344.0,0.0,118.0,972.0,True,3,25,0
614,2,0,3,36,0,0.0,4967.0,82.0,1517.0,575.0,True,3,25,0
615,2,0,1,79,0,0.0,0.0,0.0,2210.0,2.0,False,3,25,0
616,2,1,3,30,0,0.0,0.0,0.0,0.0,0.0,True,3,25,0
617,2,1,3,30,0,0.0,0.0,0.0,0.0,0.0,True,3,25,0
618,3,0,1,19,0,1019.0,266.0,141.0,0.0,0.0,True,6,138,1
619,2,1,1,33,0,0.0,0.0,0.0,0.0,0.0,True,5,38,1
620,1,0,1,20,0,1724.0,0.0,0.0,1.0,0.0,False,7,98,1
621,2,1,3,38,0,0.0,0.0,0.0,0.0,0.0,True,3,26,0
622,3,1,1,7,0,0.0,0.0,0.0,0.0,0.0,True,6,115,0
623,3,1,1,58,0,0.0,0.0,0.0,0.0,0.0,True,6,115,0
624,3,0,1,33,0,105.0,0.0,1087.0,0.0,0.0,False,6,115,0
625,1,1,2,3,0,0.0,0.0,0.0,0.0,0.0,True,7,95,0
626,3,0,1,39,0,0.0,0.0,0.0,0.0,0.0,True,5,45,0
627,3,0,1,37,0,237.0,2.0,708.0,0.0,0.0,True,5,39,1
628,1,0,1,32,0,0.0,0.0,0.0,768.0,3.0,False,7,101,1
629,1,0,1,28,0,0.0,863.0,0.0,17.0,0.0,True,6,117,0
630,1,0,1,38,0,0.0,8.0,736.0,140.0,0.0,False,7,97,0
631,1,0,2,21,0,0.0,576.0,1.0,20.0,306.7894819713431,False,6,118,0
632,1,1,1,18,0,0.0,0.0,0.0,0.0,0.0,True,7,98,0
633,1,1,1,15,0,0.0,0.0,0.0,0.0,0.0,False,7,99,0
634,2,0,1,44,0,0.0,2506.0,0.0,1360.0,722.0,False,3,23,1
635,1,0,1,44,0,86.0,525.0,16.0,49.0,39.0,True,6,140,1
636,2,0,1,36,0,0.0,0.0,0.0,4507.0,5689.0,False,5,46,0
637,1,0,1,28,0,222.89785157787045,0.0,7104.0,0.0,0.0,True,6,141,1
638,3,0,1,15,0,1264.0,0.0,2.0,23.0,0.0,False,6,141,1
639,1,0,1,45,0,0.0,25.0,87.0,989.0,482.0,False,6,142,1
640,1,0,1,26,0,0.0,530.0,2.0,9.0,403.0,False,6,143,1
641,1,1,2,46,0,0.0,0.0,0.0,0.0,0.0,True,7,102,1
642,1,0,1,25,0,1.0,0.0,38.0,7.0,740.0,False,7,103,1
643,1,1,2,46,0,0.0,0.0,0.0,0.0,0.0,False,7,101,0
644,1,1,1,15,0,0.0,0.0,0.0,0.0,0.0,False,7,102,0
645,1,1,1,37,0,0.0,0.0,0.0,0.0,0.0,False,7,103,0
646,1,0,1,20,0,222.89785157787045,215.0,0.0,541.0,0.0,False,7,104,0
647,1,1,2,45,0,0.0,0.0,0.0,0.0,0.0,False,7,105,1
648,1,1,1,7,0,0.0,0.0,0.0,0.0,0.0,False,7,105,1
649,1,1,1,5,0,0.0,0.0,0.0,0.0,0.0,False,7,105,1
650,3,1,1,38,0,0.0,0.0,0.0,0.0,0.0,True,6,121,0
651,3,0,1,30,0,269.0,96.0,252.0,0.0,0.0,False,6,144,1
652,3,0,1,28,0,0.0,0.0,0.0,0.0,0.0,True,6,145,1
653,3,0,1,0,0,0.0,0.0,0.0,0.0,0.0,True,6,145,1
654,3,1,1,20,0,0.0,0.0,0.0,0.0,0.0,True,6,145,1
655,1,0,1,41,0,1.0,922.0,4.0,55.0,15.0,False,5,41,1
656,3,1,1,18,0,0.0,0.0,0.0,0.0,0.0,True,6,146,1
657,3,0,1,29,1,3887.0,0.0,174.90603284902085,12.0,0.0,False,4,30,1
658,3,0,1,19,0,3097.0,0.0,9.0,0.0,213.0,False,4,23,0
659,3,0,1,34,0,1973.0,0.0,97.0,41.0,3.0,False,5,48,0
660,2,1,1,36,0,0.0,0.0,0.0,0.0,0.0,True,2,25,0
661,3,1,1,54,0,0.0,0.0,0.0,0.0,0.0,True,6,122,0
662,3,0,1,19,0,164.0,0.0,783.0,0.0,0.0,False,5,49,0
663,3,0,1,21,0,505.0,0.0,1952.0,0.0,0.0,False,6,123,0
664,3,1,1,23,0,0.0,0.0,0.0,0.0,0.0,True,5,49,0
665,2,1,3,35,0,0.0,0.0,0.0,308.4769036733407,0.0,True,6,82,0
666,2,0,1,34,0,0.0,3488.0,0.0,4343.0,38.0,False,3,27,0
667,1,0,1,22,0,0.0,581.0,226.0,74.0,0.0,True,7,107,0
668,1,0,3,24,0,21.0,0.0,689.0,12.0,0.0,True,6,147,1
669,3,1,1,18,0,0.0,0.0,0.0,0.0,0.0,True,6,126,0
670,3,0,3,24,0,2698.0,0.0,301.0,8.0,5.0,False,4,24,0
671,2,1,1,33,0,0.0,0.0,0.0,0.0,0.0,True,4,25,0
672,1,0,1,24,0,121.0,237.0,4.0,387.0,54.0,False,6,127,0
673,1,1,1,18,0,0.0,0.0,0.0,0.0,0.0,True,7,108,0
674,1,1,1,19,0,0.0,0.0,0.0,0.0,0.0,True,7,107,1
675,1,0,3,43,0,0.0,0.0,722.0,0.0,0.0,True,6,149,1
676,1,1,1,44,0,0.0,0.0,174.90603284902085,0.0,0.0,True,7,109,0
677,2,0,3,25,0,0.0,4949.0,0.0,452.0,15.0,True,1,7,0
678,2,1,3,25,0,0.0,451.96167494677076,0.0,0.0,0.0,True,1,7,0
679,2,1,3,23,0,0.0,0.0,174.90603284902085,0.0,0.0,True,6,82,0
680,3,0,1,23,0,1695.0,0.0,0.0,31.0,349.0,False,5,42,1
681,3,0,1,20,0,457.0,0.0,170.0,1132.0,0.0,False,6,150,1
682,3,0,1,2,0,0.0,0.0,0.0,0.0,0.0,True,6,150,1
683,1,0,1,26,0,1577.0,2.0,0.0,30.0,0.0,False,5,50,0
684,1,1,2,38,0,0.0,0.0,0.0,0.0,0.0,True,7,109,1
685,1,0,1,1,0,0.0,0.0,0.0,0.0,0.0,False,7,109,1
686,1,0,1,12,0,0.0,0.0,174.90603284902085,0.0,0.0,True,7,109,1
687,1,1,2,2,0,0.0,0.0,0.0,0.0,0.0,False,7,109,1
688,1,1,2,25,0,0.0,0.0,0.0,0.0,0.0,False,7,109,1
689,1,1,3,1,0,0.0,0.0,0.0,0.0,0.0,True,7,109,1
690,1,1,3,0,0,0.0,0.0,0.0,0.0,0.0,True,7,109,1
691,2,0,3,54,0,0.0,0.0,0.0,0.0,0.0,True,6,82,0
692,1,0,1,21,0,521.0,0.0,4.0,261.0,1.0,False,5,43,1
693,3,0,1,19,0,0.0,0.0,0.0,0.0,0.0,False,5,44,1
694,1,0,2,24,0,0.0,23.0,0.0,184.0,2566.0,False,6,132,0
695,1,1,1,20,0,0.0,0.0,0.0,0.0,0.0,False,7,111,1
696,1,0,1,23,0,139.0,0.0,1.0,152.0,354.0,True,6,133,0
697,1,0,3,29,0,0.0,0.0,2.0,786.0,594.0,True,6,134,0
698,1,0,1,14,0,7.0,781.0,0.0,0.0,0.0,True,5,53,0
699,1,0,1,19,0,0.0,714.0,2.0,0.0,0.0,False,6,82,0
700,1,0,3,23,0,0.0,38.0,88.0,4.0,561.0,False,6,153,1
701,1,0,1,62,0,712.0,2.0,322.0,0.0,517.0,False,6,154,1
702,1,0,1,23,0,0.0,0.0,484.0,188.0,0.0,False,6,156,1
703,2,0,3,65,0,0.0,835.0,0.0,38.0,306.7894819713431,False,3,28,0
704,3,0,1,47,0,0.0,0.0,0.0,0.0,0.0,True,6,157,1
705,2,0,3,67,0,76.0,16.0,0.0,2247.0,1166.0,False,3,24,1
706,2,1,3,14,0,0.0,0.0,0.0,0.0,0.0,True,3,24,1
707,2,0,1,41,0,3594.0,3425.0,0.0,0.0,58.0,False,3,24,1
708,1,1,1,14,0,0.0,0.0,0.0,0.0,0.0,True,7,111,0
709,1,1,1,19,0,0.0,0.0,0.0,0.0,0.0,False,7,112,0
710,1,0,3,22,0,15.0,142.0,0.0,41.0,493.0,False,6,140,0
711,2,1,1,34,0,0.0,0.0,0.0,0.0,0.0,True,1,4,1
712,2,0,3,65,0,19.0,1344.0,4.0,3190.0,8.0,False,1,4,1
713,2,1,3,42,0,0.0,0.0,0.0,0.0,0.0,True,6,82,0
714,2,1,3,22,0,0.0,0.0,0.0,0.0,306.7894819713431,True,4,31,1
715,2,1,3,54,0,0.0,0.0,0.0,0.0,0.0,True,2,27,0
716,2,0,1,34,0,47.0,287.0,0.0,4302.0,0.0,False,2,27,0
717,2,1,1,27,0,0.0,0.0,174.90603284902085,0.0,0.0,True,2,27,0
718,3,0,3,67,0,1.0,0.0,5.0,1022.0,151.0,False,4,33,1
719,2,0,1,33,0,0.0,3879.0,0.0,48.0,67.0,True,3,26,1
720,1,1,2,30,0,0.0,0.0,0.0,0.0,0.0,False,7,114,0
721,1,0,1,22,0,0.0,0.0,0.0,0.0,0.0,False,7,115,0
722,3,0,2,35,0,1248.0,0.0,55.0,12.0,0.0,True,6,142,0
723,3,0,1,23,0,755.0,0.0,121.0,308.4769036733407,0.0,False,6,142,0
724,1,0,1,49,0,0.0,6.0,679.0,15.0,187.0,False,7,116,0
725,2,0,3,36,0,29.0,12180.0,0.0,93.0,17306.0,False,2,32,1
726,2,1,1,31,0,0.0,0.0,0.0,308.4769036733407,0.0,True,2,32,1
727,2,1,3,54,0,0.0,0.0,0.0,0.0,0.0,True,2,28,0
728,1,1,1,0,0,0.0,0.0,0.0,0.0,0.0,False,7,117,0
729,1,0,1,28,0,0.0,715.0,0.0,170.0,0.0,False,7,117,0
730,1,0,1,54,0,0.0,0.0,0.0,0.0,0.0,False,7,117,0
731,1,1,2,10,0,0.0,0.0,0.0,0.0,0.0,False,7,117,0
732,1,0,3,0,0,0.0,0.0,0.0,0.0,0.0,True,7,117,0
733,1,1,2,7,0,0.0,0.0,0.0,0.0,0.0,True,7,117,0
734,1,1,1,25,0,0.0,0.0,0.0,0.0,0.0,False,7,112,1
735,2,0,3,37,0,0.0,16.0,325.0,4476.0,1359.0,False,5,56,0
736,2,1,3,15,0,0.0,0.0,0.0,0.0,0.0,True,5,56,0
737,1,1,1,26,0,0.0,0.0,0.0,0.0,0.0,True,5,56,0
738,2,0,3,7,0,0.0,0.0,0.0,0.0,0.0,True,5,56,0
739,1,0,1,30,0,558.0,4.0,0.0,175.0,0.0,False,6,143,0
740,1,0,1,19,0,0.0,2.0,1399.0,0.0,18.0,True,6,161,1
741,2,0,1,30,0,0.0,3004.0,0.0,1018.0,0.0,False,1,5,1
742,1,0,1,21,0,562.0,2.0,0.0,0.0,11.0,False,6,162,1
743,1,0,2,21,0,14.0,33.0,0.0,3.0,467.0,False,7,118,0
744,3,1,1,59,0,0.0,0.0,0.0,0.0,0.0,True,6,163,1
745,2,1,3,28,0,0.0,0.0,0.0,0.0,0.0,True,3,33,0
746,1,0,1,32,0,713.0,0.0,2.0,0.0,1.0,False,6,165,1
747,1,1,1,19,0,0.0,0.0,0.0,0.0,0.0,True,7,113,1
748,1,1,1,7,0,0.0,0.0,0.0,0.0,306.7894819713431,False,7,114,1
749,1,0,3,16,0,797.0,0.0,0.0,0.0,0.0,False,6,166,1
750,2,0,1,31,1,0.0,166.0,4.0,2177.0,342.0,False,1,8,0
751,2,0,1,30,0,0.0,142.0,870.0,89.0,3497.0,False,1,8,0
752,2,1,1,26,0,0.0,0.0,0.0,0.0,0.0,True,1,8,0
753,1,1,2,20,0,0.0,0.0,174.90603284902085,0.0,0.0,True,7,119,0
754,1,1,2,24,0,0.0,0.0,0.0,0.0,0.0,False,7,115,1
755,1,0,2,39,0,0.0,0.0,0.0,7.0,766.0,False,7,117,1
756,3,0,3,19,0,0.0,0.0,0.0,0.0,0.0,True,6,144,0
757,3,1,3,27,0,0.0,0.0,0.0,0.0,0.0,True,6,144,0
758,1,0,1,34,0,0.0,0.0,0.0,874.0,0.0,False,6,145,0
759,2,1,3,28,0,0.0,0.0,0.0,0.0,0.0,True,4,28,0
760,1,0,1,29,0,0.0,0.0,0.0,0.0,645.0,False,6,146,0
761,3,1,2,38,0,0.0,0.0,0.0,0.0,0.0,True,6,147,0
762,2,0,3,28,0,0.0,3462.0,5.0,1590.0,4.0,False,1,6,1
763,3,1,1,1,0,0.0,0.0,0.0,0.0,0.0,True,6,148,0
764,2,0,3,36,1,0.0,13248.0,100.0,1953.0,1.0,True,3,29,1
765,1,0,1,31,0,183.0,0.0,32.0,0.0,1171.0,False,6,149,0
766,1,0,1,1,0,0.0,0.0,0.0,0.0,0.0,True,7,120,0
767,1,0,1,31,0,159.0,110.0,701.0,0.0,10.0,False,5,57,0
768,3,0,1,10,0,0.0,0.0,0.0,0.0,306.7894819713431,True,6,151,0
769,3,0,1,28,0,1227.0,42.0,1.0,0.0,0.0,False,6,151,0
770,3,0,1,42,0,836.0,0.0,51.0,304.0,0.0,False,6,151,0
771,3,0,1,0,0,0.0,0.0,0.0,0.0,0.0,True,6,151,0
772,3,0,2,41,0,1209.0,0.0,0.0,0.0,833.0,False,6,152,0
773,3,1,1,0,0,0.0,0.0,0.0,0.0,0.0,True,6,152,0
774,3,0,1,0,0,0.0,0.0,0.0,0.0,0.0,True,6,152,0
775,3,1,1,59,0,0.0,0.0,0.0,0.0,0.0,True,6,169,1
776,1,0,1,13,0,2.0,1.0,30.0,308.4769036733407,0.0,False,5,59,0
777,2,0,3,24,0,0.0,284.0,0.0,4614.0,438.0,False,5,60,0
778,1,1,1,20,0,0.0,0.0,0.0,0.0,0.0,False,7,119,1
779,2,0,1,71,1,0.0,0.0,0.0,0.0,0.0,True,2,29,0
780,1,1,2,23,0,0.0,0.0,0.0,0.0,0.0,True,7,121,0
781,1,0,3,15,0,0.0,59.0,714.0,0.0,3.0,True,6,154,0
782,1,0,1,18,0,751.0,0.0,0.0,0.0,0.0,False,7,122,0
783,1,0,1,19,0,0.0,561.0,10.0,0.0,161.0,True,6,156,0
784,1,1,3,4,0,0.0,0.0,0.0,0.0,0.0,True,7,123,0
785,1,0,3,42,0,0.0,0.0,739.0,0.0,0.0,True,6,82,0
786,3,0,1,51,0,815.0,0.0,343.0,55.0,0.0,False,6,158,0
787,1,1,1,13,0,0.0,0.0,0.0,0.0,0.0,True,7,120,1
788,1,0,1,27,0,174.0,653.0,0.0,0.0,0.0,True,6,82,0
789,1,0,1,42,0,786.0,0.0,22.0,59.0,0.0,False,6,159,0
790,1,0,1,41,0,324.0,2.0,174.90603284902085,7.0,26.0,True,6,159,0
791,1,0,2,21,0,15.0,0.0,2695.0,2.0,0.0,True,6,170,1
792,1,0,1,31,0,14.0,5.0,0.0,795.0,0.0,True,6,171,1
793,2,1,3,36,0,0.0,0.0,0.0,0.0,0.0,True,6,82,0
794,1,0,1,31,0,0.0,0.0,0.0,838.0,27.0,False,6,173,1
795,1,0,3,14,0,77.0,0.0,9.0,424.0,166.0,False,7,124,0
796,3,0,2,32,1,494.0,701.0,71.0,0.0,0.0,False,6,160,0
797,2,0,1,32,0,0.0,179.0,0.0,0.0,5152.0,False,2,30,0
798,1,0,1,27,0,663.0,1111.0,0.0,0.0,2.0,False,7,123,1
799,2,0,3,57,0,2651.0,2956.0,0.0,266.0,1300.0,False,2,31,0
800,1,1,1,13,0,0.0,0.0,0.0,0.0,0.0,False,7,125,0
801,3,1,1,30,0,0.0,0.0,0.0,0.0,0.0,True,6,175,1
802,3,1,1,14,0,0.0,0.0,0.0,0.0,0.0,True,6,175,1
803,2,0,1,27,0,0.0,0.0,0.0,0.0,0.0,True,2,32,0
804,2,1,3,32,0,0.0,0.0,0.0,0.0,0.0,True,2,32,0
805,3,1,1,54,0,0.0,0.0,0.0,0.0,0.0,True,5,62,0
806,1,0,3,23,0,217.0,378.0,19.0,1.0,12.0,False,6,176,1
807,1,1,3,38,0,0.0,0.0,0.0,0.0,0.0,True,1,9,0
808,1,1,1,32,0,0.0,0.0,0.0,0.0,0.0,True,7,127,0
809,1,0,1,24,0,34.0,7.0,320.0,0.0,427.0,False,5,48,1
810,1,1,1,36,0,0.0,0.0,0.0,0.0,0.0,False,7,129,0
811,1,0,1,11,0,0.0,0.0,0.0,0.0,0.0,False,7,129,0
812,1,1,1,6,0,0.0,0.0,0.0,0.0,0.0,False,7,129,0
813,2,1,3,36,0,0.0,451.96167494677076,0.0,0.0,0.0,True,2,35,0
814,2,1,3,22,0,0.0,0.0,0.0,0.0,0.0,True,2,35,0
815,1,0,1,28,0,2.0,850.0,18.0,2.0,0.0,False,6,163,0
816,1,1,1,37,0,0.0,0.0,0.0,0.0,0.0,True,7,130,0
817,1,0,1,55,0,280.0,0.0,444.0,0.0,0.0,False,6,164,0
818,1,0,2,28,0,112.0,473.0,0.0,92.0,0.0,False,7,126,1
819,2,0,1,20,0,2.0,4754.0,0.0,246.0,31.0,True,1,10,0
820,1,0,1,16,0,222.89785157787045,0.0,32.0,2529.0,92.0,False,6,180,1
821,1,0,1,19,0,0.0,162.0,540.0,0.0,0.0,False,6,165,0
822,1,0,1,38,0,0.0,0.0,0.0,0.0,0.0,False,7,131,0
823,1,0,1,35,0,12.0,687.0,46.0,2.0,0.0,False,6,166,0
824,2,1,3,33,0,0.0,0.0,0.0,0.0,0.0,True,3,30,1
825,3,0,2,37,1,381.0,0.0,3.0,447.0,0.0,False,4,31,0
826,1,0,1,46,0,784.0,0.0,0.0,0.0,4.0,False,6,82,0
827,2,0,1,41,0,3103.0,3.0,0.0,31.0,26.0,False,4,32,0
828,1,0,1,13,0,875.0,5.0,10.0,18.0,0.0,False,7,127,1
829,1,1,1,31,0,0.0,0.0,0.0,0.0,0.0,False,7,133,0
830,1,1,3,52,0,0.0,0.0,0.0,0.0,0.0,True,7,133,0
831,2,0,1,48,0,0.0,0.0,0.0,0.0,0.0,False,3,32,1
832,2,0,3,27,0,1.0,12804.0,0.0,10.0,52.0,True,3,32,1
833,3,0,1,16,0,172.0,451.96167494677076,338.0,9.0,0.0,False,6,184,1
834,1,1,3,32,0,0.0,0.0,0.0,0.0,0.0,True,7,129,1
835,1,1,1,25,0,0.0,0.0,0.0,0.0,0.0,False,7,134,0
836,1,0,1,26,0,0.0,0.0,716.0,0.0,1.0,True,6,187,1
837,1,1,1,44,0,0.0,0.0,0.0,0.0,0.0,False,7,130,1
838,3,0,1,32,0,47.0,0.0,2552.0,0.0,0.0,True,6,167,0
839,1,0,1,18,0,200.0,124.0,0.0,413.0,0.0,True,6,188,1
840,1,1,3,23,0,0.0,0.0,0.0,308.4769036733407,0.0,False,7,135,0
841,2,0,1,44,0,0.0,2792.0,0.0,148.0,1043.0,False,3,33,1
842,3,0,2,29,0,4.0,0.0,421.0,435.0,19.0,False,4,38,1
843,1,0,3,19,0,0.0,388.0,469.0,308.4769036733407,0.0,True,6,168,0
844,2,0,3,41,0,0.0,5738.0,7.0,9038.0,28.0,False,2,34,1
845,2,0,1,28,0,0.0,1736.0,174.90603284902085,145.0,634.0,False,2,34,1
846,1,1,1,19,0,0.0,0.0,0.0,0.0,0.0,True,7,137,0
847,3,0,1,32,1,2492.0,0.0,174.90603284902085,136.0,4.0,False,6,189,1
848,1,0,1,74,0,853.0,0.0,543.0,31.0,0.0,True,6,189,1
849,2,0,1,31,0,0.0,7461.0,0.0,369.0,450.0,True,2,37,0
850,2,0,3,38,0,0.0,172.0,0.0,5907.0,34.0,False,5,51,1
851,1,0,1,20,0,157.0,0.0,0.0,544.0,3.0,False,7,138,0
852,1,0,1,24,0,47.0,0.0,10.0,139.0,1406.0,False,5,66,0
853,1,0,2,26,0,18.0,84.0,93.0,886.0,289.0,False,6,190,1
854,1,1,2,44,0,0.0,0.0,0.0,0.0,0.0,False,7,139,0
855,2,1,3,33,0,0.0,0.0,0.0,0.0,306.7894819713431,True,2,35,1
856,2,0,3,31,0,0.0,1095.0,0.0,169.0,1226.0,False,2,35,1
857,2,0,3,28,0,0.0,7767.0,0.0,15.0,2453.0,True,3,38,0
858,2,1,1,22,0,0.0,0.0,0.0,0.0,0.0,True,2,38,0
859,1,0,1,33,0,13.0,0.0,984.0,0.0,0.0,False,5,67,0
860,3,0,1,34,0,379.0,0.0,1626.0,0.0,0.0,False,6,191,1
861,3,1,1,11,0,0.0,0.0,0.0,0.0,0.0,True,6,191,1
862,3,1,1,41,0,0.0,451.96167494677076,0.0,0.0,0.0,True,6,191,1
863,2,0,3,30,0,0.0,7992.0,0.0,507.0,25.0,True,2,39,0
864,2,0,1,30,0,0.0,760.0,234.0,2761.0,81.0,False,2,39,0
865,1,0,1,25,0,0.0,451.96167494677076,699.0,43.0,22.0,False,7,140,0
866,1,1,2,31,0,0.0,0.0,0.0,0.0,0.0,True,7,133,1
867,1,0,1,38,0,646.0,0.0,0.0,135.0,260.0,False,6,192,1
868,1,1,1,15,0,0.0,0.0,0.0,0.0,0.0,True,7,134,1
869,1,0,1,19,0,0.0,451.96167494677076,115.0,126.0,491.0,True,6,193,1
870,3,1,1,29,0,0.0,0.0,0.0,0.0,0.0,True,6,82,0
871,2,0,1,30,0,14.0,12045.0,0.0,2121.0,0.0,True,3,35,1
872,2,0,1,29,0,0.0,1127.0,0.0,1867.0,1070.0,False,3,35,1
873,1,0,1,36,0,0.0,11.0,0.0,18.0,872.0,False,6,194,1
874,1,0,1,24,0,174.0,0.0,0.0,630.0,0.0,False,6,172,0
875,1,0,1,30,0,0.0,0.0,871.0,0.0,0.0,True,5,68,0
876,1,0,1,0,0,0.0,0.0,0.0,0.0,0.0,True,7,143,0
877,1,1,1,15,0,0.0,0.0,0.0,0.0,0.0,True,7,135,1
878,1,0,1,38,0,55.0,741.0,0.0,0.0,13.0,True,7,136,1
879,1,0,1,13,0,0.0,7.0,0.0,1175.0,0.0,False,6,195,1
880,3,0,1,18,0,594.0,0.0,555.0,0.0,0.0,False,6,196,1
881,1,0,1,16,0,891.0,0.0,831.0,0.0,0.0,False,7,137,1
882,1,0,3,8,0,0.0,0.0,0.0,0.0,0.0,False,7,137,1
883,1,0,1,19,0,72.0,5.0,0.0,342.0,188.0,True,6,198,1
884,1,0,3,26,0,0.0,474.0,0.0,0.0,201.0,False,7,138,1
885,1,1,3,15,0,0.0,0.0,0.0,0.0,0.0,True,7,140,1
886,1,1,2,38,0,0.0,0.0,0.0,0.0,0.0,True,7,144,0
887,3,0,1,45,0,877.0,0.0,1383.0,0.0,0.0,False,6,175,0
888,1,0,2,48,0,0.0,306.0,3.0,308.4769036733407,359.0,False,6,199,1
889,1,1,3,17,0,222.89785157787045,0.0,0.0,0.0,0.0,False,7,145,0
890,1,0,1,28,0,0.0,631.0,0.0,5.0,0.0,True,5,70,0
891,3,1,1,41,0,0.0,0.0,0.0,0.0,0.0,True,6,201,1
892,1,0,1,19,0,3.0,0.0,174.90603284902085,0.0,788.0,False,5,72,0
893,1,0,3,14,0,0.0,885.0,8.0,0.0,0.0,True,7,141,1
894,2,1,1,21,0,0.0,0.0,0.0,0.0,306.7894819713431,True,2,36,1
895,2,1,1,48,0,0.0,0.0,0.0,0.0,0.0,True,2,36,1
896,3,0,1,19,0,631.0,0.0,834.0,304.0,0.0,False,6,178,0
897,1,0,1,29,0,1377.0,0.0,0.0,167.0,0.0,False,6,179,0
898,1,0,1,20,0,792.0,0.0,0.0,0.0,0.0,False,5,53,1
899,3,1,1,44,0,0.0,0.0,0.0,0.0,0.0,True,6,202,1
900,1,1,1,19,0,0.0,0.0,0.0,0.0,0.0,True,7,142,1
901,1,1,1,64,0,0.0,0.0,0.0,0.0,0.0,False,7,143,1
902,1,0,1,21,0,0.0,314.0,323.0,1026.0,6.0,False,5,54,1
903,1,0,3,32,0,58.0,317.0,448.0,3.0,0.0,True,5,56,1
904,1,1,1,20,0,0.0,0.0,0.0,0.0,0.0,False,7,146,0
905,1,0,1,24,0,222.89785157787045,32.0,8.0,0.0,0.0,False,6,203,1
906,2,0,1,44,0,0.0,0.0,0.0,0.0,0.0,True,2,40,0
907,1,1,2,57,0,0.0,0.0,0.0,0.0,0.0,True,7,145,1
908,1,0,1,51,0,222.89785157787045,451.96167494677076,4.0,0.0,0.0,False,7,145,1
909,1,1,3,34,0,0.0,0.0,0.0,0.0,0.0,True,7,149,0
910,1,0,1,45,0,0.0,1.0,13.0,0.0,873.0,False,7,150,0
911,1,0,1,24,0,0.0,0.0,718.0,0.0,0.0,False,6,182,0
912,1,0,1,23,0,0.0,0.0,490.0,0.0,319.0,False,7,150,0
913,1,1,1,30,0,0.0,0.0,0.0,0.0,0.0,True,7,150,0
914,1,0,3,20,0,0.0,11.0,0.0,136.0,1088.0,False,6,182,0
915,1,1,1,22,0,0.0,0.0,0.0,0.0,0.0,True,7,150,0
916,1,1,2,28,0,0.0,0.0,0.0,0.0,0.0,False,7,150,0
917,1,1,1,71,0,0.0,0.0,0.0,0.0,0.0,True,7,150,0
918,1,0,3,18,0,6.0,0.0,174.90603284902085,12.0,704.0,True,5,57,1
919,1,0,1,16,0,3.0,0.0,35.0,150.0,478.0,False,6,204,1
920,1,0,1,28,0,0.0,3.0,906.0,0.0,0.0,False,7,151,0
921,1,0,1,36,0,1.0,784.0,0.0,55.0,149.0,True,5,73,0
922,1,0,1,6,0,0.0,0.0,0.0,0.0,0.0,False,7,146,1
923,1,0,2,26,0,0.0,541.0,46.0,4.0,96.0,False,6,183,0
924,1,1,1,27,0,0.0,0.0,0.0,0.0,0.0,False,7,152,0
925,2,0,1,49,0,31.0,2727.0,0.0,184.0,135.0,True,4,35,0
926,2,0,1,29,0,387.0,942.0,0.0,9927.0,1341.0,False,4,35,0
927,2,0,3,46,0,1192.0,1736.0,17.0,21.0,0.0,True,4,35,0
928,2,0,3,35,1,8030.0,300.0,0.0,0.0,1436.0,False,6,82,0
929,2,1,3,17,0,0.0,0.0,0.0,0.0,0.0,True,4,35,0
930,2,0,3,37,0,4301.0,791.0,0.0,1748.0,91.0,False,4,35,0
931,1,0,3,24,0,252.0,0.0,0.0,449.0,0.0,False,6,184,0
932,1,1,1,47,0,0.0,0.0,0.0,0.0,0.0,False,7,153,0
933,1,0,1,26,0,621.0,1.0,98.0,11.0,135.0,False,6,185,0
934,2,1,3,46,0,0.0,0.0,0.0,0.0,0.0,True,3,36,1
935,3,0,1,27,0,253.0,0.0,880.0,22.0,2.0,False,6,186,0
936,2,0,1,56,0,0.0,7447.0,0.0,253.0,35.0,True,3,37,1
937,3,0,1,18,0,885.0,0.0,32.0,0.0,0.0,False,4,39,1
938,1,1,1,15,0,0.0,0.0,0.0,0.0,0.0,False,7,154,0
939,3,0,3,3,0,0.0,0.0,0.0,0.0,0.0,True,6,187,0
940,3,0,1,42,0,1050.0,0.0,715.0,0.0,3.0,False,6,187,0
941,3,1,1,1,0,0.0,0.0,0.0,0.0,0.0,True,6,187,0
942,2,1,3,56,0,0.0,0.0,0.0,0.0,0.0,True,1,11,0
943,1,0,1,20,0,0.0,0.0,4.0,9.0,773.0,False,7,156,0
944,1,0,1,21,0,0.0,0.0,0.0,0.0,791.0,False,5,74,0
945,1,1,1,5,0,0.0,0.0,0.0,0.0,0.0,True,5,74,0
946,1,0,1,12,0,0.0,0.0,0.0,0.0,0.0,True,6,82,0
947,2,1,3,39,0,0.0,0.0,0.0,0.0,0.0,True,3,39,0
948,2,1,1,60,0,0.0,0.0,0.0,0.0,0.0,True,3,39,0
949,1,0,1,31,0,1633.0,4.0,49.0,6.0,0.0,False,6,82,0
950,1,1,1,58,0,0.0,0.0,0.0,0.0,0.0,False,7,148,1
951,1,1,1,19,0,0.0,0.0,0.0,0.0,0.0,True,7,149,1
952,1,1,1,29,0,0.0,0.0,0.0,0.0,0.0,False,7,158,0
953,3,1,1,19,0,0.0,0.0,0.0,0.0,0.0,True,6,207,1
954,1,0,1,44,0,0.0,131.0,267.0,554.0,0.0,False,6,189,0
955,1,0,1,20,0,0.0,15.0,122.0,1125.0,0.0,False,6,190,0
956,1,1,1,18,0,0.0,0.0,0.0,0.0,0.0,True,7,150,1
957,1,0,1,36,0,1.0,1410.0,0.0,1.0,0.0,True,6,191,0
958,3,1,1,25,0,0.0,0.0,0.0,0.0,0.0,True,6,208,1
959,1,0,1,15,0,48.0,6.0,0.0,954.0,0.0,False,6,82,0
960,1,0,3,18,0,187.0,12.0,0.0,1277.0,0.0,False,6,209,1
961,1,1,1,0,0,0.0,0.0,0.0,0.0,0.0,True,7,152,1
962,1,0,3,54,0,0.0,5.0,0.0,594.0,209.0,False,7,152,1
963,1,0,3,0,0,0.0,0.0,0.0,0.0,0.0,False,7,152,1
964,1,0,1,20,0,759.0,0.0,106.0,202.0,0.0,False,6,210,1
965,1,1,1,21,0,222.89785157787045,0.0,0.0,0.0,0.0,False,7,159,0
966,3,0,1,8,0,0.0,0.0,0.0,0.0,0.0,True,6,211,1
967,3,0,1,46,0,1454.0,0.0,81.0,38.0,0.0,False,6,211,1
968,3,0,1,31,0,231.0,0.0,174.90603284902085,279.0,9.0,False,6,211,1
969,3,0,3,3,0,0.0,0.0,0.0,0.0,0.0,True,6,211,1
970,3,1,1,30,0,0.0,0.0,0.0,0.0,0.0,True,6,212,1
971,1,0,1,23,0,1081.0,0.0,0.0,0.0,7.0,False,6,213,1
972,1,0,1,14,0,756.0,84.0,0.0,8.0,99.0,False,6,194,0
973,1,1,2,25,0,0.0,0.0,0.0,0.0,0.0,False,7,153,1
974,1,1,1,61,0,0.0,0.0,0.0,0.0,0.0,True,7,154,1
975,1,0,1,31,0,0.0,0.0,0.0,675.0,213.0,False,7,155,1
976,3,0,3,13,0,4.0,0.0,1973.0,0.0,39.0,True,6,214,1
977,1,1,2,24,0,0.0,451.96167494677076,0.0,0.0,0.0,True,7,161,0
978,1,0,1,47,0,0.0,306.0,84.0,499.0,0.0,False,7,163,0
979,1,0,2,15,0,521.0,162.0,62.0,5.0,0.0,True,7,164,0
980,2,1,1,46,0,0.0,0.0,0.0,0.0,0.0,True,6,82,0
981,1,0,1,49,0,0.0,0.0,1526.0,960.0,0.0,False,6,215,1
982,2,0,1,37,0,0.0,0.0,0.0,0.0,0.0,False,3,38,1
983,2,0,1,44,0,0.0,2349.0,7.0,815.0,10896.0,False,3,38,1
984,1,0,1,16,0,507.0,0.0,0.0,0.0,306.7894819713431,False,6,196,0
985,1,1,1,58,0,0.0,0.0,0.0,0.0,0.0,True,7,156,1
986,1,0,1,20,0,0.0,537.0,612.0,3.0,0.0,True,6,216,1
987,3,1,3,36,0,0.0,0.0,0.0,0.0,0.0,True,6,217,1
988,3,1,1,31,0,0.0,0.0,0.0,0.0,0.0,True,6,217,1
989,1,0,1,21,0,2.0,447.0,81.0,74.0,306.7894819713431,False,6,197,0
990,1,0,3,22,0,222.89785157787045,0.0,21.0,0.0,0.0,False,6,198,0
991,1,0,2,27,0,182.0,0.0,0.0,0.0,376.0,False,6,199,0
992,1,0,1,58,0,0.0,0.0,828.0,0.0,96.0,True,6,200,0
993,1,1,1,38,0,0.0,0.0,0.0,0.0,0.0,True,6,218,1
994,3,1,3,30,0,0.0,0.0,0.0,0.0,0.0,True,6,218,1
995,2,1,3,20,0,0.0,0.0,0.0,0.0,0.0,True,3,39,1
996,1,0,1,19,0,0.0,0.0,27.0,53.0,677.0,False,6,201,0
997,1,0,1,57,0,222.89785157787045,20.0,157.0,21.0,689.0,False,7,166,0
998,1,0,1,26,0,0.0,773.0,48.0,0.0,149.0,False,6,219,1
999,1,0,1,38,0,0.0,3262.0,0.0,295.0,1374.0,True,2,38,1
1000,2,1,1,15,0,0.0,451.96167494677076,0.0,0.0,0.0,True,2,38,1
1001,3,1,1,28,0,0.0,0.0,0.0,0.0,0.0,True,6,202,0
1002,3,1,1,35,0,0.0,0.0,0.0,0.0,0.0,True,6,220,1
1003,1,1,2,38,0,0.0,0.0,0.0,0.0,0.0,False,7,167,0
1004,1,0,1,35,0,415.0,1328.0,0.0,14.0,60.0,False,8,0,1
1005,2,1,1,14,0,0.0,0.0,0.0,0.0,0.0,True,2,41,0
1006,2,1,1,27,0,0.0,0.0,0.0,0.0,0.0,True,2,41,0
1007,1,1,1,25,0,0.0,0.0,0.0,0.0,0.0,False,7,161,1
1008,1,0,1,37,0,0.0,113.0,0.0,283.0,455.0,False,7,162,1
1009,1,0,3,25,0,79.0,709.0,0.0,0.0,0.0,False,5,60,1
1010,1,0,3,41,0,638.0,0.0,133.0,0.0,306.7894819713431,False,7,163,1
1011,3,0,1,50,0,202.0,451.96167494677076,1108.0,0.0,0.0,False,6,204,0
1012,3,0,1,33,0,694.0,0.0,60.0,564.0,0.0,False,6,205,0
1013,3,1,1,27,0,0.0,0.0,0.0,0.0,0.0,True,6,206,0
1014,3,1,1,23,0,0.0,0.0,0.0,0.0,0.0,True,6,206,0
1015,3,0,1,18,0,556.0,0.0,0.0,852.0,6.0,True,6,206,0
1016,1,0,1,31,0,0.0,1.0,0.0,16.0,843.0,False,6,207,0
1017,1,0,1,54,0,0.0,0.0,0.0,0.0,0.0,False,7,165,1
1018,1,1,1,0,0,0.0,0.0,0.0,0.0,0.0,True,7,166,1
1019,1,0,1,11,0,0.0,0.0,0.0,0.0,306.7894819713431,False,7,166,1
1020,1,1,1,4,0,0.0,0.0,0.0,0.0,0.0,False,7,166,1
1021,1,0,1,19,0,0.0,0.0,0.0,641.0,0.0,True,5,61,1
1022,1,0,1,7,0,0.0,0.0,0.0,0.0,0.0,True,7,166,1
1023,1,1,2,20,0,0.0,0.0,0.0,0.0,0.0,False,7,169,0
1024,1,1,3,33,0,0.0,0.0,0.0,0.0,0.0,True,4,41,1
1025,2,0,1,26,0,0.0,565.0,1.0,677.0,794.0,False,4,41,1
1026,3,1,1,35,0,0.0,0.0,0.0,0.0,0.0,True,6,223,1
1027,3,0,1,23,0,1862.0,59.0,18.0,192.0,0.0,True,4,42,1
1028,1,0,1,60,0,437.0,2.0,0.0,0.0,365.0,False,6,224,1
1029,2,1,1,34,0,0.0,0.0,0.0,0.0,0.0,True,6,82,0
1030,1,0,1,28,0,233.0,0.0,0.0,0.0,488.0,False,7,170,0
1031,3,1,1,42,0,0.0,0.0,0.0,0.0,0.0,True,5,76,0
1032,1,0,2,22,0,0.0,78.0,642.0,0.0,0.0,False,6,225,1
1033,3,0,1,18,0,490.0,355.0,298.0,245.0,0.0,False,6,226,1
1034,3,0,1,5,0,222.89785157787045,0.0,0.0,0.0,0.0,True,6,226,1
1035,3,0,1,18,0,787.0,0.0,106.0,1710.0,0.0,False,6,226,1
1036,3,0,1,29,0,528.0,271.0,99.0,0.0,130.0,False,5,62,1
1037,3,0,2,39,0,173.0,0.0,660.0,1.0,781.0,False,6,227,1
1038,1,0,1,17,0,82.0,0.0,263.0,16.0,515.0,False,6,208,0
1039,3,0,1,58,0,55.0,0.0,756.0,246.0,100.0,False,6,211,0
1040,3,1,1,5,0,0.0,0.0,0.0,0.0,0.0,True,6,211,0
1041,2,0,1,23,0,0.0,24.0,0.0,55.0,7516.0,False,3,42,0
1042,2,0,3,26,0,8.0,6138.0,0.0,3.0,754.0,True,3,42,0
1043,2,0,3,40,0,0.0,4076.0,6124.0,58.0,100.0,True,2,39,1
1044,1,0,1,20,0,0.0,0.0,0.0,0.0,719.0,True,5,78,0
1045,3,0,1,38,1,936.0,0.0,363.0,0.0,0.0,False,5,79,0
1046,3,0,1,31,0,0.0,0.0,0.0,0.0,0.0,False,5,79,0
1047,1,1,1,34,0,0.0,0.0,0.0,0.0,0.0,True,7,173,0
1048,1,0,1,9,0,0.0,0.0,0.0,0.0,0.0,True,7,174,0
1049,1,0,1,36,0,0.0,3011.0,0.0,0.0,98.0,True,6,82,0
1050,1,1,1,26,0,0.0,0.0,0.0,0.0,0.0,True,7,174,0
1051,1,0,1,18,0,855.0,0.0,51.0,0.0,0.0,False,5,63,1
1052,1,0,2,55,0,98.0,46.0,0.0,743.0,0.0,True,6,229,1
1053,2,0,1,28,0,0.0,402.0,0.0,135.0,9010.0,False,2,40,1
1054,2,1,3,18,0,0.0,0.0,0.0,0.0,0.0,True,2,43,0
1055,1,0,1,28,0,2.0,0.0,0.0,787.0,3.0,False,5,80,0
1056,3,1,1,23,0,222.89785157787045,0.0,0.0,0.0,0.0,False,5,81,0
1057,3,0,3,20,0,222.89785157787045,3.0,3505.0,199.0,17.0,True,4,38,0
1058,1,1,1,22,0,0.0,0.0,0.0,0.0,0.0,False,6,82,0
1059,3,0,1,27,0,0.0,0.0,0.0,0.0,0.0,True,5,64,1
1060,2,1,3,13,0,0.0,0.0,0.0,0.0,0.0,True,6,82,0
1061,1,0,1,32,0,0.0,1755.0,0.0,0.0,67.0,True,7,175,0
1062,2,0,1,53,0,0.0,143.0,1632.0,3.0,756.0,True,2,46,0
1063,2,1,1,34,0,0.0,0.0,0.0,0.0,0.0,True,2,46,0
1064,2,1,3,42,0,0.0,0.0,0.0,0.0,0.0,True,2,46,0
1065,1,1,1,19,0,0.0,0.0,0.0,0.0,0.0,True,7,176,0
1066,1,0,1,54,0,0.0,0.0,0.0,0.0,908.0,True,7,173,1
1067,1,0,1,12,0,0.0,0.0,0.0,0.0,0.0,True,7,177,0
1068,1,0,1,35,0,482.0,0.0,884.0,0.0,30.0,False,6,217,0
1069,1,0,1,55,0,412.0,97.0,3.0,0.0,306.7894819713431,False,7,177,0
1070,1,0,3,26,0,620.0,0.0,187.0,0.0,1304.0,False,6,232,1
1071,2,1,1,49,0,0.0,0.0,0.0,0.0,0.0,True,2,42,1
1072,2,1,3,22,0,0.0,451.96167494677076,0.0,0.0,0.0,True,3,42,1
1073,2,0,3,28,0,0.0,122.0,2138.0,7368.0,1213.0,False,3,42,1
1074,2,0,1,30,0,0.0,5225.0,0.0,8.0,1933.0,False,3,42,1
1075,2,0,3,39,0,0.0,5212.0,2.0,118.0,61.0,True,6,82,0
1076,2,1,1,14,0,0.0,0.0,0.0,0.0,0.0,True,3,42,1
1077,2,1,1,29,0,0.0,0.0,174.90603284902085,0.0,0.0,True,3,42,1
1078,2,0,3,34,0,2386.0,841.0,76.0,26.0,1693.0,False,3,42,1
1079,1,0,3,8,0,0.0,0.0,0.0,0.0,0.0,True,7,178,0
1080,1,0,1,7,0,0.0,0.0,0.0,0.0,0.0,False,7,178,0
1081,1,1,1,3,0,0.0,0.0,0.0,0.0,0.0,False,7,178,0
1082,1,0,1,0,0,0.0,0.0,0.0,0.0,0.0,False,7,178,0
1083,1,0,3,10,0,0.0,0.0,0.0,0.0,0.0,False,7,178,0
1084,1,1,3,16,0,222.89785157787045,0.0,0.0,0.0,0.0,False,7,179,0
1085,3,0,1,41,0,29.0,0.0,1095.0,0.0,4.0,False,6,218,0
1086,1,1,1,18,0,0.0,0.0,0.0,0.0,0.0,True,7,174,1
1087,2,1,1,25,0,0.0,451.96167494677076,0.0,308.4769036733407,0.0,True,2,43,1
1088,2,1,1,32,0,0.0,0.0,0.0,0.0,0.0,True,2,43,1
1089,2,1,3,26,0,0.0,0.0,0.0,0.0,0.0,True,2,43,1
1090,1,0,1,26,0,131.0,799.0,0.0,0.0,16.0,False,6,233,1
1091,1,1,1,18,0,0.0,0.0,0.0,0.0,0.0,True,7,175,1
1092,2,0,1,27,0,0.0,2987.0,2.0,3072.0,67.0,False,2,47,0
1093,2,1,1,26,0,0.0,0.0,0.0,0.0,0.0,True,2,47,0
1094,2,0,3,28,0,0.0,11330.0,72.0,43.0,461.0,True,2,48,0
1095,2,0,3,19,0,0.0,1291.0,0.0,16139.0,687.0,False,2,48,0
1096,2,0,1,31,0,0.0,1847.0,0.0,103.0,694.0,True,3,45,0
1097,1,0,3,35,0,0.0,1328.0,5.0,0.0,7.0,True,6,235,1
1098,2,0,3,46,0,0.0,7201.0,0.0,32.0,2587.0,False,2,44,1
1099,2,0,1,37,0,636.0,333.0,0.0,205.0,67.0,False,2,44,1
1100,2,1,1,29,0,0.0,0.0,0.0,0.0,0.0,True,2,44,1
1101,2,1,1,17,0,0.0,0.0,0.0,0.0,0.0,True,2,44,1
1102,2,0,3,30,0,0.0,3564.0,926.0,1.0,1920.0,False,3,43,1
1103,3,1,1,28,0,0.0,0.0,174.90603284902085,0.0,0.0,True,6,236,1
1104,1,0,1,16,0,0.0,58.0,12.0,68.0,653.0,False,5,69,1
1105,3,0,1,40,0,2357.0,0.0,9.0,0.0,0.0,False,6,221,0
1106,1,0,1,23,0,0.0,0.0,279.0,0.0,512.0,False,5,83,0
1107,1,0,2,24,0,96.0,592.0,12.0,0.0,0.0,True,7,182,0
1108,1,1,1,36,0,0.0,0.0,174.90603284902085,0.0,0.0,True,7,176,1
1109,3,1,1,34,0,0.0,0.0,0.0,0.0,0.0,True,6,223,0
1110,2,1,1,59,0,0.0,0.0,0.0,0.0,0.0,True,3,44,1
1111,1,0,1,20,0,0.0,0.0,600.0,0.0,0.0,False,6,224,0
1112,2,1,1,15,0,0.0,0.0,0.0,0.0,0.0,True,2,49,0
1113,1,0,1,19,0,0.0,451.96167494677076,957.0,4.0,0.0,False,6,225,0
1114,3,1,3,64,0,0.0,0.0,0.0,0.0,0.0,True,6,237,1
1115,3,0,1,24,0,2997.0,0.0,3.0,0.0,7.0,True,5,70,1
1116,3,0,1,23,0,60.0,1356.0,0.0,0.0,0.0,True,6,237,1
1117,3,0,1,30,0,222.89785157787045,0.0,0.0,679.0,0.0,False,5,71,1
1118,1,0,1,0,0,0.0,0.0,0.0,0.0,0.0,True,7,183,0
1119,1,0,1,8,0,0.0,0.0,0.0,0.0,0.0,False,7,183,0
1120,1,1,1,1,0,0.0,0.0,0.0,0.0,0.0,False,7,183,0
1121,1,0,1,48,0,0.0,33.0,654.0,0.0,113.0,True,6,227,0
1122,1,0,1,12,0,0.0,0.0,0.0,0.0,0.0,False,7,183,0
1123,1,0,1,30,0,0.0,575.0,180.0,4.0,44.0,False,6,228,0
1124,1,0,1,10,0,0.0,0.0,0.0,0.0,0.0,False,7,184,0
1125,1,0,1,11,0,0.0,0.0,0.0,0.0,0.0,False,7,184,0
1126,2,0,1,58,0,204.0,4227.0,0.0,3026.0,61.0,False,3,46,1
1127,1,0,1,52,0,0.0,243.0,464.0,71.0,8.0,True,5,72,1
1128,1,0,1,36,0,0.0,0.0,0.0,0.0,1583.0,False,6,229,0
1129,1,0,1,32,0,600.0,670.0,0.0,187.0,0.0,False,6,238,1
1130,2,1,1,16,0,0.0,0.0,0.0,0.0,0.0,True,2,50,0
1131,2,1,3,25,0,0.0,0.0,0.0,0.0,0.0,True,2,50,0
1132,1,0,3,28,0,2.0,558.0,0.0,0.0,0.0,True,6,239,1
1133,2,0,3,32,1,0.0,122.0,3700.0,337.0,1388.0,False,2,45,1
1134,3,0,1,28,0,42.0,1116.0,0.0,0.0,0.0,True,6,82,0
1135,1,0,1,16,0,0.0,0.0,752.0,0.0,235.0,False,5,73,1
1136,2,0,3,50,1,0.0,5473.0,0.0,703.0,6381.0,False,2,51,0
1137,1,0,1,20,0,71.0,8.0,513.0,354.0,0.0,False,6,241,1
1138,1,0,1,23,0,222.89785157787045,0.0,6.0,30.0,200.0,False,7,178,1
1139,1,1,1,45,0,0.0,0.0,0.0,0.0,0.0,True,7,179,1
1140,1,0,1,23,0,393.0,510.0,0.0,0.0,5.0,False,7,179,1
1141,1,1,2,53,0,0.0,0.0,0.0,0.0,0.0,False,7,186,0
1142,1,1,1,8,0,0.0,0.0,0.0,0.0,0.0,False,7,186,0
1143,1,1,1,6,0,0.0,0.0,0.0,0.0,0.0,True,7,186,0
1144,1,1,1,3,0,0.0,0.0,0.0,0.0,0.0,False,7,186,0
1145,1,0,3,13,0,1.0,212.0,843.0,78.0,10.0,True,6,232,0
1146,1,1,1,60,0,0.0,0.0,0.0,0.0,0.0,False,7,186,0
1147,1,0,3,1,0,0.0,0.0,0.0,308.4769036733407,0.0,True,7,186,0
1148,1,0,1,40,0,0.0,1.0,195.0,560.0,0.0,False,7,180,1
1149,1,0,1,51,0,0.0,451.96167494677076,800.0,0.0,4.0,True,6,242,1
1150,1,1,3,31,0,0.0,0.0,0.0,0.0,0.0,True,7,181,1
1151,1,1,1,28,0,0.0,0.0,0.0,0.0,0.0,True,7,187,0
1152,1,0,1,20,0,65.0,905.0,0.0,0.0,0.0,True,7,182,1
1153,1,0,1,14,0,0.0,0.0,0.0,2143.0,7.0,False,6,243,1
1154,2,0,1,23,0,0.0,592.0,0.0,345.0,810.0,False,5,76,1
1155,1,0,1,4,0,0.0,0.0,0.0,0.0,0.0,False,7,188,0
1156,1,0,1,20,0,0.0,0.0,0.0,1608.0,1.0,False,5,87,0
1157,1,0,1,75,0,0.0,493.0,0.0,131.0,132.0,False,7,183,1
1158,2,1,3,24,0,0.0,0.0,0.0,0.0,0.0,True,3,48,0
1159,1,0,1,18,0,2.0,1311.0,60.0,28.0,1.0,True,6,244,1
1160,3,1,1,21,0,0.0,0.0,0.0,0.0,0.0,True,6,82,0
1161,3,0,1,59,0,142.0,0.0,907.0,0.0,0.0,True,5,89,0
1162,1,0,1,27,0,0.0,0.0,863.0,33.0,2.0,True,6,245,1
1163,1,0,1,38,0,354.0,34.0,0.0,291.0,229.0,False,7,189,0
1164,3,1,1,41,0,0.0,0.0,0.0,0.0,0.0,False,5,77,1
1165,2,1,1,36,0,0.0,0.0,0.0,0.0,0.0,True,3,49,0
1166,2,0,3,29,0,0.0,42.0,0.0,4651.0,661.0,False,3,49,0
1167,1,1,2,22,0,0.0,0.0,0.0,0.0,0.0,True,7,184,1
1168,1,0,2,23,0,0.0,0.0,1250.0,0.0,0.0,True,6,236,0
1169,1,0,1,32,0,27.0,393.0,1061.0,27.0,0.0,True,6,237,0
1170,1,0,3,21,0,614.0,43.0,0.0,1.0,0.0,False,6,246,1
1171,2,0,1,26,0,0.0,1026.0,3301.0,831.0,356.0,True,3,50,0
1172,2,1,1,61,0,0.0,0.0,0.0,0.0,0.0,True,2,53,0
1173,1,0,2,30,0,585.0,13.0,122.0,40.0,105.0,True,5,78,1
1174,1,0,1,40,0,889.0,185.0,0.0,0.0,28.0,True,6,238,0
1175,2,0,3,37,0,0.0,4677.0,0.0,115.0,223.0,True,3,48,1
1176,2,0,1,41,0,0.0,4224.0,0.0,1374.0,1281.0,False,1,9,1
1177,2,0,1,32,0,8168.0,69.0,11.0,371.0,0.0,False,1,9,1
1178,1,0,1,30,0,0.0,192.0,0.0,565.0,0.0,False,7,185,1
1179,1,0,2,27,0,0.0,451.96167494677076,0.0,0.0,0.0,True,6,239,0
1180,1,0,1,22,0,0.0,17.0,0.0,61.0,567.0,False,6,240,0
1181,3,0,1,54,0,704.0,0.0,431.0,0.0,47.0,False,4,44,0
1182,3,0,1,27,0,4.0,0.0,896.0,229.0,0.0,False,6,241,0
1183,3,1,1,52,0,0.0,0.0,0.0,308.4769036733407,0.0,True,6,242,0
1184,3,1,1,15,0,0.0,0.0,0.0,0.0,0.0,True,6,242,0
1185,3,0,1,27,0,1277.0,0.0,1.0,10.0,9.0,False,5,92,0
1186,2,0,3,30,0,0.0,3628.0,289.0,1737.0,4987.0,False,1,10,1
1187,1,0,1,19,0,0.0,0.0,619.0,0.0,142.0,False,6,243,0
1188,1,1,2,22,0,0.0,0.0,0.0,0.0,0.0,True,7,186,1
1189,2,0,3,43,0,1365.0,3106.0,0.0,50.0,2313.0,False,3,49,1
1190,3,0,1,25,0,1084.0,1.0,66.0,0.0,5.0,False,6,244,0
1191,1,0,1,51,0,0.0,1.0,0.0,51.0,945.0,False,5,79,1
1192,1,1,2,34,0,0.0,0.0,0.0,0.0,0.0,True,7,191,0
1193,3,0,1,21,0,2066.0,0.0,15.0,0.0,1.0,False,5,80,1
1194,1,1,2,21,0,0.0,0.0,0.0,0.0,0.0,False,7,189,1
1195,1,0,1,23,0,0.0,0.0,0.0,759.0,0.0,False,6,246,0
1196,1,0,3,38,0,0.0,0.0,591.0,40.0,173.0,False,6,254,1
1197,1,1,1,30,0,0.0,0.0,0.0,0.0,0.0,False,7,190,1
1198,2,1,3,31,0,0.0,0.0,0.0,0.0,0.0,True,3,50,1
1199,1,0,2,44,0,0.0,178.0,482.0,0.0,0.0,True,6,257,1
1200,1,1,1,14,0,0.0,0.0,0.0,0.0,0.0,False,7,193,0
1201,1,1,2,18,0,0.0,0.0,0.0,0.0,0.0,False,7,191,1
1202,1,0,1,19,0,6.0,451.96167494677076,1.0,714.0,0.0,False,7,194,0
1203,3,1,1,28,0,0.0,451.96167494677076,0.0,0.0,0.0,True,6,247,0
1204,1,0,3,36,0,286.0,415.0,16.0,0.0,0.0,False,6,258,1
1205,3,1,1,10,0,0.0,0.0,0.0,0.0,0.0,True,6,248,0
1206,3,1,1,1,0,0.0,0.0,0.0,0.0,0.0,True,6,259,1
1207,3,1,3,4,0,0.0,0.0,0.0,308.4769036733407,0.0,True,6,259,1
1208,3,0,1,21,0,733.0,0.0,1084.0,1.0,43.0,False,6,259,1
1209,1,0,1,24,0,621.0,0.0,0.0,0.0,0.0,False,7,192,1
1210,1,0,1,8,0,0.0,0.0,0.0,0.0,306.7894819713431,False,7,195,0
1211,1,0,1,18,0,789.0,0.0,2.0,0.0,19.0,False,7,195,0
1212,3,0,1,33,0,1758.0,59.0,4.0,0.0,0.0,False,6,260,1
1213,2,0,3,31,1,0.0,27723.0,3.0,202.0,3146.0,True,2,55,0
1214,2,0,1,43,0,105.0,368.0,268.0,842.0,13.0,True,2,55,0
1215,1,0,1,20,0,213.0,0.0,174.90603284902085,0.0,584.0,False,6,261,1
1216,2,1,1,28,0,0.0,0.0,0.0,0.0,0.0,True,1,14,0
1217,2,1,2,30,0,0.0,0.0,0.0,0.0,0.0,True,1,14,0
1218,2,0,1,28,1,222.89785157787045,0.0,174.90603284902085,0.0,0.0,False,1,14,0
1219,1,0,1,19,0,68.0,0.0,0.0,719.0,0.0,False,6,82,0
1220,1,0,1,22,0,0.0,0.0,675.0,5.0,0.0,True,6,250,0
1221,1,0,3,27,0,1.0,299.0,1.0,380.0,13.0,False,6,251,0
1222,3,0,3,22,0,218.0,50.0,4817.0,146.0,256.0,True,4,45,0
1223,1,1,3,2,0,0.0,0.0,0.0,0.0,0.0,True,5,82,1
1224,1,0,1,4,0,0.0,0.0,0.0,0.0,0.0,False,5,82,1
1225,1,0,1,10,0,0.0,0.0,174.90603284902085,0.0,0.0,False,5,82,1
1226,1,0,1,9,0,0.0,0.0,0.0,0.0,0.0,True,5,82,1
1227,1,1,1,37,0,0.0,0.0,0.0,0.0,0.0,False,5,82,1
1228,1,0,2,2,0,0.0,0.0,0.0,0.0,0.0,True,5,82,1
1229,2,0,1,44,0,0.0,3863.0,1.0,1010.0,514.0,True,2,56,0
1230,2,0,3,11,0,0.0,0.0,0.0,0.0,0.0,True,2,56,0
1231,1,1,1,22,0,0.0,0.0,0.0,0.0,0.0,False,7,193,1
1232,2,1,3,40,0,0.0,0.0,0.0,0.0,0.0,True,6,82,0
1233,2,0,3,30,0,278.0,3300.0,0.0,8145.0,2519.0,False,5,94,0
1234,2,0,3,37,0,0.0,439.0,0.0,3198.0,6.0,False,5,94,0
1235,2,1,3,26,0,0.0,0.0,0.0,0.0,0.0,True,5,94,0
1236,1,0,1,19,0,0.0,4.0,109.0,0.0,671.0,True,6,264,1
1237,2,0,1,57,0,0.0,987.0,1.0,4948.0,53.0,False,3,52,0
1238,3,0,1,1,0,0.0,0.0,0.0,0.0,0.0,True,6,265,1
1239,3,0,1,17,0,948.0,47.0,292.0,0.0,0.0,False,6,265,1
1240,3,0,1,26,0,1946.0,4.0,4.0,0.0,623.0,False,4,43,1
1241,1,1,3,21,0,0.0,0.0,0.0,0.0,0.0,True,7,194,1
1242,2,1,1,28,0,0.0,0.0,0.0,0.0,0.0,True,5,95,0
1243,2,0,3,36,0,0.0,847.0,174.90603284902085,4664.0,89.0,False,5,95,0
1244,3,0,1,25,0,2508.0,0.0,23.0,0.0,67.0,False,6,266,1
1245,1,1,1,40,0,0.0,0.0,0.0,0.0,0.0,True,7,196,1
1246,1,1,3,23,0,0.0,0.0,0.0,0.0,0.0,True,6,267,1
1247,1,1,3,2,0,0.0,0.0,0.0,0.0,0.0,False,7,199,0
1248,1,0,3,10,0,0.0,0.0,0.0,0.0,0.0,False,7,199,0
1249,1,1,1,43,0,0.0,0.0,0.0,0.0,0.0,True,7,199,0
1250,1,1,1,0,0,0.0,0.0,0.0,0.0,0.0,True,5,97,0
1251,1,0,1,24,0,70.0,160.0,340.0,0.0,336.0,False,5,97,0
1252,1,1,1,42,0,0.0,0.0,0.0,0.0,0.0,True,5,97,0
1253,3,0,1,30,0,1450.0,0.0,174.90603284902085,0.0,1147.0,False,6,257,0
1254,3,0,1,19,0,1507.0,0.0,260.0,0.0,0.0,False,6,257,0
1255,1,1,1,26,0,0.0,0.0,0.0,0.0,0.0,False,7,198,1
1256,3,0,1,47,0,405.0,0.0,193.0,458.0,0.0,False,4,46,0
1257,3,0,1,28,0,120.0,8.0,1128.0,1.0,7.0,True,4,46,0
1258,1,1,2,24,0,0.0,0.0,0.0,0.0,0.0,True,7,200,0
1259,1,0,1,29,0,28.0,0.0,561.0,203.0,0.0,False,5,98,0
1260,1,0,2,32,0,0.0,486.0,0.0,229.0,26.0,False,6,269,1
1261,1,1,1,44,0,0.0,0.0,0.0,0.0,0.0,False,7,199,1
1262,1,1,1,17,0,0.0,0.0,0.0,0.0,0.0,True,7,201,0
1263,1,0,3,35,0,775.0,14.0,0.0,610.0,4.0,False,6,258,0
1264,1,1,1,23,0,0.0,0.0,0.0,0.0,0.0,False,7,203,0
1265,1,0,1,34,0,0.0,118.0,5.0,0.0,761.0,False,7,200,1
1266,1,0,1,25,0,1174.0,0.0,18.0,721.0,0.0,False,6,260,0
1267,1,0,1,67,0,0.0,761.0,0.0,1.0,0.0,True,6,271,1
1268,2,0,1,22,0,0.0,1531.0,0.0,369.0,2969.0,False,2,57,0
1269,2,1,1,28,0,0.0,0.0,0.0,0.0,0.0,True,2,57,0
1270,1,1,3,27,0,0.0,0.0,0.0,0.0,0.0,True,7,206,0
1271,1,0,1,14,0,1489.0,2.0,126.0,460.0,72.0,False,6,261,0
1272,1,0,2,42,0,491.0,106.0,8.0,202.0,0.0,False,7,206,0
1273,1,1,2,19,0,0.0,0.0,0.0,0.0,0.0,False,7,206,0
1274,1,0,1,22,0,0.0,0.0,0.0,0.0,0.0,False,7,202,1
1275,3,0,1,31,0,43.0,782.0,1.0,660.0,0.0,False,6,272,1
1276,3,0,1,10,0,0.0,0.0,0.0,0.0,0.0,True,6,262,0
1277,3,0,1,39,0,1535.0,0.0,340.0,0.0,723.0,False,6,262,0
1278,3,1,1,41,0,0.0,0.0,0.0,0.0,306.7894819713431,True,6,262,0
1279,3,0,1,0,0,0.0,0.0,0.0,0.0,0.0,True,6,262,0
1280,1,1,2,22,0,0.0,0.0,0.0,0.0,0.0,True,7,203,1
1281,1,0,1,21,0,0.0,39.0,0.0,310.0,539.0,False,7,207,0
1282,3,1,1,40,0,0.0,0.0,0.0,0.0,0.0,True,4,48,0
1283,1,0,1,25,0,0.0,997.0,0.0,0.0,0.0,True,5,100,0
1284,1,0,1,23,0,0.0,1268.0,0.0,119.0,2.0,False,6,265,0
1285,2,0,3,33,0,77.0,2381.0,0.0,3656.0,150.0,False,2,58,0
1286,2,1,1,20,0,0.0,0.0,0.0,0.0,0.0,True,2,58,0
1287,1,1,3,40,0,0.0,451.96167494677076,0.0,0.0,0.0,True,7,206,1
1288,1,1,1,27,0,0.0,0.0,0.0,0.0,0.0,False,7,208,1
1289,1,0,1,21,0,965.0,0.0,23.0,3.0,0.0,False,5,102,0
1290,3,0,1,25,0,591.0,466.0,0.0,0.0,0.0,False,4,44,1
1291,1,0,1,2,0,0.0,0.0,0.0,0.0,0.0,False,7,208,0
1292,1,0,1,19,0,0.0,3.0,946.0,0.0,0.0,False,6,267,0
1293,1,1,1,41,0,0.0,0.0,0.0,0.0,0.0,False,7,211,1
1294,2,0,1,43,0,0.0,2801.0,537.0,42.0,144.0,True,3,52,1
1295,1,0,1,19,0,245.0,41.0,550.0,308.4769036733407,0.0,False,7,212,1
1296,1,0,1,22,0,926.0,0.0,0.0,0.0,78.0,True,6,275,1
1297,1,0,1,16,0,0.0,30.0,0.0,769.0,4.0,False,6,268,0
1298,2,0,3,42,0,0.0,21.0,0.0,2735.0,3604.0,False,3,53,0
1299,1,1,2,20,0,0.0,0.0,0.0,0.0,0.0,True,7,209,0
1300,1,0,1,35,0,0.0,1125.0,429.0,0.0,55.0,False,5,104,0
1301,2,1,1,53,0,0.0,0.0,0.0,0.0,0.0,True,4,49,0
1302,1,0,1,17,0,21.0,0.0,690.0,260.0,5.0,False,5,105,0
1303,1,1,1,6,0,0.0,0.0,0.0,0.0,0.0,False,7,210,0
1304,1,0,1,22,0,0.0,442.0,0.0,0.0,368.0,True,6,269,0
1305,1,0,1,41,0,338.0,0.0,377.0,2.0,86.0,True,6,269,0
1306,1,0,1,19,0,189.0,510.0,0.0,0.0,0.0,True,5,105,0
1307,1,0,1,39,0,705.0,3.0,0.0,0.0,0.0,False,7,213,1
1308,1,1,1,23,0,0.0,0.0,0.0,0.0,0.0,True,7,214,1
1309,3,0,1,31,0,1088.0,0.0,280.0,0.0,0.0,False,5,85,1
1310,1,1,3,38,0,0.0,0.0,0.0,0.0,0.0,True,7,212,0
1311,1,1,2,1,0,0.0,0.0,174.90603284902085,0.0,0.0,True,7,215,1
1312,3,1,1,13,0,0.0,0.0,0.0,0.0,0.0,True,6,276,1
1313,3,0,1,21,0,1072.0,79.0,46.0,16.0,0.0,False,6,276,1
1314,3,0,1,44,0,485.0,2.0,210.0,0.0,351.0,False,6,276,1
1315,3,0,1,36,0,42.0,0.0,212.0,151.0,1853.0,False,6,270,0
1316,3,0,1,19,0,2058.0,0.0,224.0,298.0,19.0,False,6,270,0
1317,1,0,1,7,0,0.0,0.0,0.0,0.0,0.0,True,7,214,0
1318,1,0,1,39,0,386.0,190.0,0.0,489.0,0.0,False,6,271,0
1319,1,0,1,28,0,0.0,508.0,334.0,0.0,46.0,True,7,216,1
1320,1,0,1,28,0,0.0,0.0,529.0,560.0,60.0,False,6,272,0
1321,1,1,3,14,0,0.0,0.0,0.0,0.0,0.0,True,7,217,1
1322,1,0,1,18,0,0.0,0.0,599.0,59.0,152.0,False,7,218,1
1323,1,1,2,23,0,0.0,0.0,0.0,0.0,0.0,True,7,215,0
1324,1,1,3,33,0,0.0,0.0,174.90603284902085,0.0,0.0,True,7,215,0
1325,1,0,1,18,0,1656.0,0.0,0.0,308.4769036733407,0.0,False,5,86,1
1326,2,0,1,47,0,1.0,734.0,28.0,78.0,3471.0,False,2,60,0
1327,2,0,1,42,0,0.0,51.0,0.0,4170.0,13.0,False,6,82,0
1328,3,0,1,17,0,36.0,0.0,1013.0,0.0,0.0,False,5,106,0
1329,1,0,1,21,0,737.0,4.0,27.0,8.0,0.0,False,6,278,1
1330,1,0,2,17,0,8.0,222.0,3.0,401.0,0.0,True,6,278,1
1331,1,0,2,26,0,4.0,770.0,0.0,0.0,0.0,False,7,216,0
1332,1,0,1,23,0,0.0,567.0,896.0,0.0,122.0,False,6,279,1
1333,1,0,3,15,0,0.0,0.0,174.90603284902085,0.0,832.0,False,7,217,0
1334,1,1,2,18,0,0.0,0.0,0.0,0.0,0.0,False,7,218,0
1335,1,0,1,65,0,259.0,0.0,0.0,0.0,1916.0,False,6,280,1
1336,2,0,3,33,0,13.0,451.96167494677076,2011.0,17.0,32.0,True,4,45,1
1337,1,1,1,27,0,0.0,0.0,0.0,0.0,0.0,False,7,219,1
1338,2,0,1,41,0,0.0,184.0,0.0,1520.0,3358.0,False,3,54,0
1339,3,0,1,42,0,1381.0,0.0,1243.0,0.0,0.0,False,6,273,0
1340,3,1,1,28,0,0.0,0.0,0.0,0.0,0.0,False,5,108,0
1341,3,0,1,37,0,328.0,6153.0,174.90603284902085,26.0,820.0,False,6,274,0
1342,3,0,3,17,0,891.0,0.0,243.0,0.0,5.0,False,6,274,0
1343,2,1,1,24,0,0.0,0.0,0.0,0.0,0.0,True,2,61,0
1344,2,1,1,39,0,0.0,0.0,0.0,0.0,0.0,True,2,61,0
1345,2,1,3,59,0,0.0,0.0,0.0,0.0,0.0,True,2,61,0
1346,2,1,1,32,0,0.0,0.0,0.0,0.0,0.0,True,2,47,1
1347,2,0,3,29,0,2988.0,2147.0,0.0,0.0,1779.0,False,2,47,1
1348,2,0,1,8,0,0.0,0.0,0.0,0.0,0.0,True,2,47,1
1349,2,0,3,28,0,0.0,4380.0,0.0,692.0,0.0,True,2,47,1
1350,2,1,1,35,0,0.0,0.0,0.0,0.0,0.0,True,2,47,1
1351,1,0,1,24,0,711.0,0.0,0.0,59.0,57.0,False,6,282,1
1352,1,1,1,1,0,0.0,0.0,0.0,0.0,0.0,True,7,220,1
1353,1,1,1,4,0,0.0,0.0,0.0,0.0,0.0,True,7,220,1
1354,2,1,3,28,0,0.0,0.0,0.0,0.0,0.0,True,4,46,1
1355,3,1,1,46,0,0.0,0.0,174.90603284902085,0.0,0.0,True,6,275,0
1356,3,0,1,67,0,443.0,0.0,1721.0,250.0,2.0,False,6,275,0
1357,1,0,1,44,0,0.0,200.0,128.0,460.0,0.0,False,5,109,0
1358,1,0,1,14,0,360.0,0.0,2116.0,1.0,8.0,False,6,283,1
1359,1,0,1,23,0,0.0,0.0,4.0,0.0,965.0,True,7,221,1
1360,1,1,1,51,0,0.0,0.0,0.0,0.0,0.0,False,7,219,0
1361,1,0,1,20,0,0.0,258.0,331.0,133.0,306.7894819713431,False,7,222,1
1362,1,0,1,0,0,0.0,0.0,0.0,0.0,0.0,True,6,82,0
1363,1,1,1,0,0,0.0,0.0,0.0,0.0,0.0,False,7,222,1
1364,1,0,1,23,0,0.0,20.0,26.0,0.0,659.0,False,7,223,1
1365,1,0,1,24,0,181.0,224.0,0.0,195.0,191.0,False,5,89,1
1366,3,0,1,41,0,112.0,186.0,228.0,760.0,0.0,False,6,279,0
1367,3,0,1,30,0,806.0,100.0,9.0,308.4769036733407,47.0,False,4,52,0
1368,1,0,1,27,0,0.0,1826.0,39.0,11.0,649.0,False,6,280,0
1369,1,1,2,13,0,0.0,0.0,0.0,0.0,0.0,True,7,220,0
1370,1,1,1,16,0,0.0,0.0,0.0,0.0,0.0,True,7,225,1
1371,2,0,1,30,0,50.0,1248.0,0.0,1.0,912.0,True,3,55,0
1372,1,0,2,8,0,0.0,0.0,0.0,0.0,0.0,True,7,221,0
1373,1,0,1,59,0,0.0,0.0,0.0,0.0,755.0,False,7,227,1
1374,2,1,3,43,0,0.0,0.0,0.0,0.0,0.0,True,4,53,0
1375,2,0,3,30,0,0.0,138.0,0.0,5467.0,112.0,False,4,53,0
1376,2,0,3,46,0,202.0,484.0,0.0,3208.0,2485.0,False,3,56,0
1377,2,1,1,39,0,0.0,0.0,0.0,0.0,0.0,True,3,56,0
1378,2,0,1,21,0,5.0,251.0,10.0,26.0,3384.0,False,3,53,1
1379,2,1,1,70,0,0.0,0.0,0.0,0.0,0.0,True,6,82,0
1380,2,0,3,34,0,0.0,1646.0,0.0,51.0,1462.0,False,3,53,1
1381,2,0,1,33,0,0.0,774.0,0.0,6255.0,6.0,False,3,53,1
1382,2,1,3,44,0,0.0,0.0,0.0,0.0,0.0,True,3,53,1
1383,1,0,3,16,0,0.0,2838.0,32.0,5.0,3404.0,False,7,229,1
1384,1,0,1,63,0,3.0,801.0,0.0,0.0,5.0,True,7,229,1
1385,2,0,1,37,0,0.0,13561.0,15.0,4060.0,72.0,False,4,54,0
1386,2,1,3,29,0,0.0,0.0,0.0,0.0,0.0,True,2,62,0
1387,2,0,1,29,0,0.0,2509.0,0.0,16.0,698.0,True,2,62,0
1388,2,1,3,22,0,0.0,0.0,0.0,0.0,0.0,True,2,62,0
1389,2,0,1,26,0,0.0,533.0,2119.0,10.0,504.0,True,2,62,0
1390,2,0,3,76,0,0.0,2732.0,422.0,16594.0,330.0,False,2,62,0
1391,1,0,1,61,0,0.0,368.0,3.0,4422.0,0.0,False,5,110,0
1392,1,0,1,46,0,0.0,0.0,2020.0,323.0,0.0,False,7,223,0
1393,1,0,1,19,0,222.89785157787045,905.0,387.0,0.0,0.0,True,6,285,1
1394,1,1,2,13,0,0.0,0.0,0.0,0.0,0.0,True,7,230,1
1395,1,1,1,28,0,0.0,451.96167494677076,0.0,0.0,0.0,False,7,224,0
1396,1,1,1,30,0,0.0,0.0,0.0,0.0,0.0,True,7,231,1
1397,1,0,2,23,0,200.0,414.0,73.0,1.0,1.0,False,6,282,0
1398,1,0,2,63,0,356.0,287.0,0.0,0.0,248.0,False,7,233,1
1399,1,0,1,21,0,894.0,1.0,0.0,61.0,26.0,False,5,111,0
1400,3,1,1,32,0,0.0,0.0,0.0,308.4769036733407,0.0,True,6,287,1
1401,1,0,1,33,0,0.0,0.0,0.0,417.0,2372.0,False,6,289,1
1402,1,0,2,39,0,222.89785157787045,19.0,733.0,0.0,701.0,False,6,289,1
1403,3,1,1,49,0,0.0,0.0,0.0,0.0,0.0,True,6,290,1
1404,3,0,1,27,0,555.0,0.0,744.0,0.0,0.0,False,5,91,1
1405,1,0,1,16,0,92.0,1.0,884.0,0.0,0.0,False,5,93,1
1406,3,1,1,38,0,0.0,0.0,0.0,0.0,0.0,True,6,291,1
1407,3,1,1,42,0,0.0,0.0,0.0,0.0,306.7894819713431,True,5,94,1
1408,1,0,1,19,0,73.0,0.0,0.0,813.0,2.0,False,7,229,0
1409,2,0,3,26,0,0.0,304.0,0.0,3998.0,306.7894819713431,False,4,47,1
1410,1,0,3,32,0,0.0,0.0,0.0,817.0,8.0,True,7,240,1
1411,1,0,1,56,0,0.0,51.0,0.0,2.0,706.0,False,6,292,1
1412,1,0,1,0,0,0.0,0.0,0.0,0.0,0.0,True,7,240,1
1413,1,0,1,38,0,35.0,0.0,0.0,0.0,713.0,False,6,285,0
1414,1,0,1,30,0,0.0,495.0,174.90603284902085,0.0,153.0,False,6,295,1
1415,1,0,1,21,0,5.0,0.0,0.0,2.0,1061.0,False,6,287,0
1416,1,0,1,11,0,0.0,0.0,0.0,0.0,0.0,False,7,230,0
1417,1,0,1,3,0,0.0,0.0,0.0,0.0,0.0,False,7,230,0
1418,1,0,3,17,0,0.0,55.0,913.0,0.0,55.0,True,7,230,0
1419,1,0,3,35,0,0.0,0.0,0.0,0.0,0.0,True,7,230,0
1420,1,0,3,17,0,319.0,184.0,0.0,0.0,376.0,False,6,288,0
1421,1,1,1,0,0,0.0,0.0,0.0,0.0,0.0,True,7,230,0
1422,1,1,1,46,0,0.0,0.0,0.0,0.0,0.0,True,7,230,0
1423,1,0,1,63,0,0.0,216.0,0.0,594.0,0.0,False,7,243,1
1424,3,0,1,35,0,1890.0,0.0,497.0,1.0,0.0,False,4,48,1
1425,3,0,1,61,0,1114.0,0.0,68.0,0.0,0.0,False,4,48,1
1426,1,0,1,19,0,0.0,24.0,615.0,9.0,0.0,True,6,298,1
1427,1,0,1,43,0,0.0,0.0,1217.0,2.0,0.0,True,6,289,0
1428,1,0,1,14,0,1.0,1.0,683.0,419.0,0.0,False,6,289,0
1429,1,0,1,78,0,0.0,0.0,0.0,441.0,4.0,False,7,231,0
1430,1,0,1,21,0,398.0,490.0,0.0,308.4769036733407,0.0,False,6,289,0
1431,3,0,1,32,0,1240.0,0.0,58.0,0.0,0.0,False,5,95,1
1432,3,0,1,31,0,1226.0,0.0,1.0,0.0,0.0,False,6,291,0
1433,2,0,1,40,0,1006.0,451.96167494677076,0.0,284.0,329.0,True,2,63,0
1434,2,1,1,13,0,0.0,0.0,0.0,0.0,0.0,True,2,63,0
1435,2,0,1,36,0,0.0,2345.0,0.0,1966.0,27.0,False,2,63,0
1436,2,0,3,31,0,65.0,2121.0,0.0,6431.0,1.0,False,2,63,0
1437,1,0,1,18,0,765.0,0.0,13.0,0.0,0.0,False,6,293,0
1438,1,1,1,40,0,0.0,0.0,0.0,0.0,0.0,True,7,235,0
1439,3,1,1,28,0,0.0,0.0,0.0,0.0,0.0,True,6,295,0
1440,2,1,3,41,0,0.0,451.96167494677076,0.0,0.0,0.0,True,2,64,0
1441,2,1,1,35,0,0.0,0.0,0.0,0.0,0.0,True,2,64,0
1442,1,1,1,14,0,0.0,0.0,0.0,0.0,0.0,True,7,236,0
1443,3,0,1,20,0,539.0,1269.0,38.0,0.0,0.0,True,6,299,1
1444,1,0,3,23,0,4.0,451.96167494677076,2.0,254.0,521.0,False,6,300,1
1445,2,1,3,22,0,0.0,0.0,0.0,0.0,0.0,True,4,49,1
1446,2,0,1,25,0,0.0,0.0,0.0,0.0,0.0,True,4,49,1
1447,3,0,3,18,0,3992.0,673.0,1360.0,2.0,0.0,True,4,50,1
1448,2,0,2,25,1,0.0,7069.0,0.0,45.0,282.0,True,1,16,0
1449,2,0,1,30,0,0.0,0.0,0.0,0.0,0.0,True,1,16,0
1450,1,0,1,46,0,0.0,0.0,533.0,277.0,0.0,False,7,237,0
1451,2,0,1,27,0,0.0,31.0,0.0,1.0,11378.0,False,2,65,0
1452,1,0,1,53,0,1015.0,0.0,0.0,0.0,1.0,False,7,244,1
1453,3,1,1,21,0,0.0,0.0,0.0,0.0,0.0,True,6,297,0
1454,2,0,3,32,0,54.0,3782.0,0.0,21.0,5.0,True,1,17,0
1455,2,0,1,32,0,1.0,470.0,0.0,1440.0,2114.0,False,3,55,1
1456,2,0,1,33,1,0.0,7139.0,22.0,0.0,553.0,True,3,55,1
1457,2,0,1,26,0,0.0,170.0,0.0,3718.0,0.0,False,3,55,1
1458,1,0,1,47,0,12.0,7.0,0.0,720.0,0.0,True,6,298,0
1459,3,0,1,13,0,7172.0,0.0,157.0,20.0,0.0,False,6,299,0
1460,2,1,3,34,0,0.0,0.0,0.0,0.0,0.0,True,3,56,1
1461,1,0,1,21,0,9.0,0.0,0.0,0.0,800.0,False,7,245,1
1462,3,0,1,20,0,206.0,0.0,629.0,67.0,523.0,True,6,82,0
1463,1,0,1,21,0,163.0,0.0,661.0,32.0,0.0,False,6,301,0
1464,2,1,3,51,0,0.0,0.0,0.0,0.0,0.0,True,2,50,1
1465,2,1,1,18,0,0.0,0.0,0.0,0.0,0.0,True,2,50,1
1466,2,0,1,26,0,1.0,230.0,0.0,42.0,4030.0,False,3,58,0
1467,2,0,3,53,1,5022.0,2376.0,0.0,0.0,235.0,False,6,82,0
1468,2,0,1,30,0,0.0,1376.0,43.0,0.0,1460.0,True,5,96,1
1469,1,1,1,37,0,0.0,0.0,0.0,0.0,0.0,False,7,240,0
1470,2,0,1,45,0,0.0,1389.0,0.0,2987.0,0.0,False,1,18,0
1471,1,0,1,62,0,877.0,15.0,0.0,0.0,1.0,False,7,247,1
1472,1,0,1,38,0,0.0,1.0,45.0,0.0,837.0,False,7,242,0
1473,1,0,3,24,0,1030.0,0.0,0.0,0.0,1122.0,False,6,305,1
1474,1,0,1,18,0,341.0,0.0,332.0,102.0,0.0,False,6,306,1
1475,3,1,1,23,0,0.0,0.0,0.0,0.0,0.0,False,6,303,0
1476,1,0,2,16,0,0.0,1519.0,0.0,0.0,766.0,False,6,304,0
1477,2,1,1,37,0,0.0,0.0,0.0,0.0,0.0,True,2,53,1
1478,1,0,1,22,0,1018.0,100.0,0.0,9.0,0.0,False,6,82,0
1479,1,1,2,18,0,0.0,0.0,174.90603284902085,0.0,0.0,True,7,248,1
1480,3,1,1,25,0,0.0,0.0,0.0,0.0,0.0,True,6,308,1
1481,1,0,1,26,0,758.0,17.0,11.0,0.0,0.0,False,7,249,1
1482,1,0,1,25,0,4.0,0.0,146.0,723.0,0.0,False,6,309,1
1483,3,0,1,55,0,938.0,0.0,82.0,0.0,162.0,False,4,56,0
1484,3,0,1,28,0,641.0,0.0,372.0,0.0,16.0,False,5,97,1
1485,1,0,1,23,0,0.0,169.0,174.90603284902085,0.0,0.0,True,6,310,1
1486,1,0,1,22,0,0.0,24.0,0.0,176.0,783.0,False,5,98,1
1487,1,0,3,26,0,333.0,1819.0,0.0,1.0,0.0,True,6,311,1
1488,1,0,1,13,0,0.0,0.0,8.0,0.0,714.0,False,7,246,0
1489,1,0,1,18,0,428.0,0.0,36.0,0.0,424.0,False,7,246,0
1490,3,1,1,38,0,0.0,0.0,0.0,0.0,0.0,True,6,312,1
1491,3,1,1,28,0,0.0,0.0,0.0,0.0,0.0,True,6,82,0
1492,1,0,1,57,0,433.0,0.0,0.0,371.0,0.0,False,6,314,1
1493,1,1,1,0,0,222.89785157787045,0.0,0.0,0.0,0.0,False,7,251,1
1494,1,1,1,18,0,0.0,0.0,0.0,0.0,0.0,True,7,252,1
1495,2,1,1,25,0,0.0,0.0,0.0,0.0,0.0,True,5,99,1
1496,2,0,3,35,0,0.0,17394.0,0.0,724.0,0.0,True,5,99,1
1497,2,0,1,37,0,0.0,1336.0,2.0,12.0,7.0,True,4,57,0
1498,2,0,3,33,0,0.0,26.0,1.0,33.0,2439.0,False,4,57,0
1499,2,0,1,35,0,305.0,3621.0,0.0,320.0,341.0,True,3,60,0
1500,2,0,3,47,0,16.0,2127.0,1487.0,0.0,196.0,True,3,60,0
1501,1,0,1,23,0,5.0,51.0,0.0,732.0,0.0,False,5,114,0
1502,1,0,1,28,0,0.0,3.0,0.0,2.0,923.0,True,7,253,1
1503,2,0,3,27,0,0.0,4342.0,0.0,308.4769036733407,36.0,True,3,57,1
1504,2,1,1,23,0,0.0,0.0,0.0,0.0,0.0,True,2,54,1
1505,1,1,1,31,0,0.0,0.0,0.0,0.0,306.7894819713431,True,7,254,1
1506,2,1,1,19,0,0.0,0.0,174.90603284902085,0.0,0.0,True,3,58,1
1507,2,1,3,53,0,0.0,0.0,0.0,0.0,0.0,True,3,58,1
1508,1,0,1,37,0,22.0,5.0,0.0,747.0,0.0,False,7,255,1
1509,1,0,1,18,0,0.0,0.0,0.0,2681.0,55.0,False,6,307,0
1510,1,0,1,42,0,0.0,594.0,0.0,0.0,119.0,False,6,317,1
1511,1,1,1,7,0,0.0,0.0,0.0,0.0,0.0,True,7,256,1
1512,1,0,3,7,0,0.0,0.0,0.0,0.0,0.0,True,7,256,1
1513,1,0,1,24,0,2.0,3.0,0.0,616.0,161.0,False,7,257,1
1514,2,0,1,20,0,13.0,817.0,0.0,1435.0,22.0,True,5,116,0
1515,1,0,1,24,0,1158.0,193.0,798.0,2.0,0.0,False,6,319,1
1516,1,0,1,42,0,0.0,865.0,0.0,0.0,44.0,True,7,248,0
1517,2,0,1,49,0,0.0,3750.0,0.0,2.0,341.0,True,5,101,1
1518,2,1,1,47,0,0.0,0.0,0.0,0.0,0.0,True,5,101,1
1519,1,0,3,16,0,825.0,9.0,0.0,0.0,42.0,False,6,82,0
1520,3,0,1,26,1,432.0,0.0,965.0,35.0,0.0,False,6,321,1
1521,1,0,1,24,0,0.0,0.0,6.0,685.0,0.0,False,6,322,1
1522,1,1,1,38,0,0.0,0.0,174.90603284902085,0.0,0.0,True,7,259,1
1523,1,0,1,0,0,0.0,0.0,0.0,0.0,0.0,True,7,259,1
1524,3,0,2,37,0,295.0,1575.0,19.0,515.0,0.0,False,4,53,1
1525,1,1,1,39,0,0.0,0.0,0.0,0.0,0.0,True,7,249,0
1526,1,0,3,25,0,553.0,0.0,1.0,239.0,8.0,True,6,308,0
1527,1,0,2,25,0,172.0,129.0,41.0,0.0,341.0,False,6,308,0
1528,3,1,1,35,0,0.0,0.0,0.0,0.0,0.0,True,6,323,1
1529,1,1,2,0,0,0.0,0.0,0.0,308.4769036733407,0.0,True,7,250,0
1530,1,0,3,46,0,612.0,0.0,62.0,0.0,0.0,True,7,250,0
1531,1,0,1,4,0,0.0,0.0,0.0,0.0,306.7894819713431,True,7,250,0
1532,2,1,3,19,0,0.0,0.0,0.0,0.0,0.0,True,3,59,1
1533,2,0,1,29,0,0.0,930.0,0.0,2113.0,98.0,False,3,59,1
1534,1,0,1,19,0,222.89785157787045,9.0,0.0,0.0,1.0,False,6,324,1
1535,2,1,1,47,0,0.0,0.0,0.0,0.0,0.0,True,2,71,0
1536,1,1,2,1,0,0.0,0.0,0.0,0.0,0.0,True,7,252,0
1537,1,1,1,4,0,0.0,0.0,0.0,0.0,0.0,False,7,252,0
1538,1,0,1,37,0,0.0,27.0,11.0,732.0,5.0,False,6,309,0
1539,1,0,1,61,0,1215.0,32.0,0.0,0.0,362.0,False,5,118,0
1540,2,1,1,32,0,0.0,451.96167494677076,0.0,0.0,0.0,True,3,62,0
1541,1,1,1,4,0,0.0,0.0,0.0,0.0,306.7894819713431,True,7,261,1
1542,1,1,1,16,0,0.0,0.0,0.0,0.0,0.0,True,7,261,1
1543,1,1,3,25,0,0.0,0.0,0.0,0.0,0.0,False,7,253,0
1544,1,0,1,22,0,1300.0,0.0,174.90603284902085,0.0,1134.0,False,6,325,1
1545,1,0,1,41,0,139.0,666.0,6.0,71.0,25.0,False,7,254,0
1546,1,1,1,25,0,0.0,0.0,0.0,0.0,0.0,True,7,255,0
1547,1,0,1,19,0,414.0,0.0,66.0,307.0,0.0,False,5,119,0
1548,1,0,1,21,0,305.0,0.0,1.0,618.0,2.0,True,7,262,1
1549,1,0,3,14,0,0.0,2.0,0.0,0.0,794.0,False,6,327,1
1550,1,1,3,18,0,0.0,0.0,0.0,0.0,0.0,False,6,82,0
1551,1,0,1,34,0,0.0,0.0,885.0,0.0,0.0,True,7,264,1
1552,1,0,1,33,0,954.0,0.0,10.0,3.0,2.0,False,6,328,1
1553,1,1,3,14,0,0.0,0.0,0.0,0.0,0.0,False,7,265,1
1554,1,1,3,28,0,0.0,0.0,0.0,0.0,0.0,True,7,258,0
1555,1,1,2,43,0,0.0,0.0,0.0,308.4769036733407,0.0,False,7,266,1
1556,1,0,3,3,0,0.0,0.0,0.0,0.0,0.0,True,7,266,1
1557,1,1,2,0,0,0.0,0.0,0.0,0.0,0.0,True,7,266,1
1558,2,0,1,47,0,4.0,1303.0,830.0,774.0,2.0,False,1,19,0
1559,1,0,1,28,0,3202.0,451.96167494677076,0.0,0.0,5.0,False,6,82,0
1560,1,0,1,40,0,0.0,807.0,0.0,0.0,0.0,True,6,310,0
1561,1,0,1,17,0,1.0,160.0,37.0,0.0,306.7894819713431,False,6,311,0
1562,1,0,1,21,0,0.0,0.0,218.0,109.0,5321.0,False,7,267,1
1563,3,0,1,28,0,1150.0,0.0,6.0,4.0,0.0,True,6,312,0
1564,1,0,1,41,0,0.0,82.0,3.0,0.0,718.0,False,6,313,0
1565,1,0,1,20,0,0.0,1.0,0.0,905.0,0.0,False,5,122,0
1566,2,0,1,56,0,0.0,0.0,0.0,0.0,0.0,False,1,20,0
1567,2,0,1,57,0,0.0,62.0,0.0,2136.0,178.0,False,1,20,0
1568,2,1,1,48,0,0.0,0.0,0.0,0.0,0.0,True,1,20,0
1569,2,0,1,37,0,0.0,2390.0,0.0,1306.0,306.7894819713431,False,1,20,0
1570,1,0,2,20,0,127.0,0.0,0.0,542.0,0.0,False,6,314,0
1571,1,1,2,36,0,0.0,0.0,0.0,0.0,0.0,True,7,268,1
1572,2,0,1,38,0,158.0,787.0,2820.0,308.4769036733407,86.0,True,4,59,0
1573,1,0,1,22,0,2.0,0.0,6.0,101.0,536.0,False,6,316,0
1574,3,0,1,31,0,2436.0,0.0,147.0,16.0,0.0,False,6,317,0
1575,3,1,1,0,0,0.0,0.0,0.0,0.0,0.0,True,6,317,0
1576,3,0,3,21,0,1481.0,0.0,881.0,0.0,0.0,False,6,317,0
1577,1,0,1,49,0,0.0,67.0,213.0,2.0,1442.0,False,7,269,1
1578,1,1,1,44,0,0.0,0.0,0.0,0.0,0.0,False,7,269,1
1579,2,0,3,28,0,0.0,859.0,0.0,6704.0,64.0,False,2,73,0
1580,1,0,1,29,0,7.0,0.0,0.0,797.0,0.0,False,6,318,0
1581,1,0,3,16,0,876.0,0.0,5.0,1.0,16.0,False,6,330,1
1582,1,1,2,20,0,0.0,0.0,0.0,0.0,0.0,False,7,260,0
1583,1,1,1,26,0,0.0,0.0,0.0,0.0,0.0,False,7,270,1
1584,1,0,1,19,0,5.0,87.0,0.0,0.0,306.7894819713431,False,5,103,1
1585,1,0,1,34,0,1.0,89.0,0.0,793.0,0.0,False,7,261,0
1586,3,1,1,38,0,0.0,0.0,0.0,0.0,0.0,True,6,331,1
1587,1,0,3,51,0,0.0,260.0,91.0,0.0,264.0,False,6,82,0
1588,1,0,3,7,0,0.0,0.0,0.0,0.0,0.0,False,7,272,1
1589,1,1,1,3,0,0.0,0.0,0.0,0.0,0.0,True,7,272,1
1590,3,0,1,26,1,714.0,450.0,208.0,0.0,44.0,False,6,334,1
1591,1,0,1,27,0,233.0,554.0,0.0,0.0,0.0,False,5,124,0
1592,1,1,1,7,0,222.89785157787045,0.0,0.0,0.0,0.0,False,6,82,0
1593,1,1,1,19,0,222.89785157787045,0.0,0.0,0.0,0.0,True,7,262,0
1594,1,0,1,28,0,0.0,26.0,88.0,5.0,754.0,False,6,335,1
1595,3,0,1,27,0,3482.0,1234.0,1155.0,0.0,0.0,False,6,321,0
1596,1,1,2,31,0,0.0,451.96167494677076,0.0,0.0,0.0,True,7,263,0
1597,1,0,1,26,0,324.0,0.0,201.0,2.0,256.0,False,7,264,0
1598,2,0,1,43,0,0.0,760.0,17.0,15331.0,427.0,False,2,55,1
1599,1,0,1,23,0,0.0,13.0,0.0,773.0,0.0,False,7,274,1
1600,1,1,2,14,0,0.0,0.0,0.0,0.0,0.0,True,5,125,0
1601,1,0,3,47,0,0.0,574.0,0.0,0.0,68.0,True,6,336,1
1602,2,1,1,17,0,0.0,0.0,0.0,0.0,0.0,True,2,74,0
1603,2,0,1,64,0,0.0,4.0,0.0,6200.0,622.0,False,2,74,0
1604,3,0,1,13,0,1112.0,0.0,687.0,0.0,3.0,False,4,60,0
1605,3,0,3,18,0,86.0,1164.0,516.0,0.0,0.0,True,4,60,0
1606,3,0,1,29,1,0.0,0.0,0.0,0.0,0.0,False,5,126,0
1607,1,0,2,70,0,0.0,3.0,1.0,2.0,1290.0,False,6,338,1
1608,3,0,1,23,0,31.0,0.0,1247.0,0.0,47.0,False,6,326,0
1609,3,0,1,23,0,2210.0,0.0,89.0,0.0,0.0,True,4,61,0
1610,3,0,1,35,0,1313.0,0.0,24.0,0.0,1.0,False,6,82,0
1611,3,0,1,17,0,1744.0,0.0,136.0,8.0,8.0,False,5,127,0
1612,3,1,1,26,0,0.0,0.0,0.0,0.0,0.0,True,6,326,0
1613,3,0,1,15,0,1554.0,0.0,646.0,20.0,1241.0,False,4,61,0
1614,3,0,1,19,0,285.0,54.0,1246.0,102.0,0.0,False,6,326,0
1615,1,1,2,20,0,0.0,0.0,0.0,0.0,0.0,True,7,276,1
1616,1,0,1,51,0,437.0,244.0,908.0,825.0,0.0,False,6,327,0
1617,3,0,1,17,0,139.0,0.0,959.0,21.0,0.0,False,6,339,1
1618,3,0,1,27,0,103.0,1.0,49.0,2421.0,24.0,False,6,339,1
1619,1,0,1,43,0,84.0,726.0,2.0,0.0,0.0,False,7,277,1
1620,1,0,1,5,0,0.0,0.0,0.0,0.0,0.0,False,7,265,0
1621,1,1,1,17,0,0.0,0.0,0.0,0.0,0.0,False,7,266,0
1622,1,0,1,40,0,813.0,0.0,473.0,236.0,0.0,True,5,105,1
1623,1,0,1,38,0,4.0,0.0,0.0,0.0,1679.0,False,5,105,1
1624,1,1,1,20,0,0.0,0.0,0.0,0.0,0.0,True,6,82,0
1625,1,1,1,13,0,0.0,0.0,174.90603284902085,0.0,0.0,False,7,278,1
1626,1,0,1,15,0,320.0,36.0,5.0,0.0,640.0,False,6,341,1
1627,1,0,1,15,0,852.0,0.0,0.0,135.0,0.0,False,5,128,0
1628,2,0,3,59,0,8.0,1563.0,0.0,73.0,31.0,True,1,21,0
1629,1,0,1,24,0,0.0,201.0,0.0,0.0,603.0,False,6,328,0
1630,3,1,1,28,0,0.0,0.0,0.0,0.0,0.0,True,6,342,1
1631,3,0,3,52,0,1279.0,0.0,1061.0,359.0,0.0,False,4,54,1
1632,1,0,1,38,0,553.0,0.0,0.0,87.0,243.0,False,7,280,1
1633,1,0,1,26,0,21.0,0.0,499.0,568.0,0.0,True,6,343,1
1634,1,0,3,17,0,68.0,0.0,0.0,0.0,795.0,True,5,106,1
1635,1,1,2,17,0,0.0,0.0,0.0,0.0,0.0,True,7,281,1
1636,1,0,3,20,0,1.0,808.0,0.0,0.0,0.0,True,7,281,1
1637,1,0,1,15,0,1336.0,108.0,0.0,0.0,0.0,False,6,344,1
1638,1,1,1,30,0,0.0,0.0,0.0,0.0,0.0,True,7,283,1
1639,1,1,2,22,0,0.0,0.0,0.0,0.0,0.0,False,7,284,1
1640,1,0,1,18,0,0.0,0.0,19.0,467.0,306.7894819713431,False,5,129,0
1641,1,1,3,22,0,0.0,0.0,0.0,0.0,0.0,True,7,268,0
1642,1,1,2,20,0,0.0,0.0,0.0,0.0,0.0,True,7,269,0
1643,1,0,1,22,0,762.0,13.0,10.0,0.0,0.0,False,7,270,0
1644,3,0,2,34,1,49.0,478.0,387.0,0.0,0.0,False,4,55,1
1645,2,0,1,28,0,0.0,1310.0,0.0,221.0,6064.0,False,5,130,0
1646,3,1,1,50,0,0.0,0.0,0.0,0.0,0.0,True,6,331,0
1647,1,0,3,19,0,0.0,0.0,496.0,13.0,0.0,True,7,271,0
1648,1,0,1,21,0,0.0,0.0,0.0,2.0,807.0,False,7,287,1
1649,1,0,1,0,0,0.0,0.0,0.0,0.0,0.0,False,7,287,1
1650,1,0,1,4,0,0.0,0.0,0.0,0.0,0.0,True,7,287,1
1651,1,1,2,59,0,0.0,0.0,0.0,0.0,0.0,False,7,288,1
1652,1,0,3,15,0,1006.0,1.0,0.0,0.0,308.0,True,6,333,0
1653,1,1,1,24,0,0.0,0.0,0.0,0.0,0.0,True,7,272,0
1654,1,1,1,26,0,0.0,0.0,0.0,0.0,0.0,False,7,273,0
1655,1,0,1,67,0,26.0,809.0,0.0,39.0,26.0,False,6,334,0
1656,1,0,1,55,0,587.0,0.0,0.0,318.0,3.0,False,7,274,0
1657,1,0,1,50,0,742.0,21.0,10.0,26.0,4.0,False,6,336,0
1658,1,0,3,23,0,145.0,490.0,17.0,49.0,1.0,False,6,347,1
1659,1,0,2,21,0,2400.0,7.0,0.0,20.0,0.0,True,5,132,0
1660,1,0,1,15,0,104.0,451.96167494677076,0.0,174.0,253.0,False,7,275,0
1661,2,0,1,41,0,0.0,3240.0,0.0,59.0,0.0,True,5,133,0
1662,3,1,1,59,0,0.0,0.0,0.0,0.0,0.0,True,6,337,0
1663,3,0,1,18,0,0.0,0.0,0.0,0.0,0.0,False,5,134,0
1664,1,0,3,21,0,112.0,0.0,0.0,0.0,1333.0,False,6,338,0
1665,2,1,3,14,0,0.0,0.0,0.0,0.0,0.0,True,3,65,0
1666,2,0,1,50,0,3677.0,782.0,0.0,6.0,1168.0,True,3,65,0
1667,2,0,1,32,0,2973.0,3368.0,124.0,57.0,42.0,True,3,65,0
1668,2,1,1,46,0,0.0,0.0,0.0,0.0,0.0,True,3,65,0
1669,1,0,1,28,0,0.0,24.0,0.0,732.0,0.0,False,7,276,0
1670,3,1,1,58,0,0.0,0.0,0.0,0.0,0.0,True,6,339,0
1671,2,1,3,15,0,0.0,0.0,0.0,0.0,0.0,True,2,75,0
1672,1,0,1,35,0,0.0,338.0,436.0,308.4769036733407,0.0,True,7,291,1
1673,3,0,1,30,0,1220.0,0.0,49.0,39.0,0.0,False,6,348,1
1674,3,1,1,30,0,0.0,0.0,0.0,0.0,0.0,True,5,135,0
1675,1,0,1,43,0,0.0,0.0,870.0,0.0,14.0,True,7,277,0
1676,1,0,1,21,0,0.0,0.0,809.0,0.0,0.0,False,7,278,0
1677,1,1,2,15,0,0.0,0.0,0.0,0.0,0.0,False,7,279,0
1678,1,0,3,37,0,164.0,603.0,0.0,0.0,11.0,True,6,349,1
1679,2,0,3,28,0,0.0,11026.0,0.0,0.0,12.0,True,3,66,0
1680,1,1,1,28,0,0.0,0.0,0.0,0.0,0.0,False,6,82,0
1681,1,0,1,40,0,596.0,451.96167494677076,135.0,73.0,0.0,False,6,341,0
1682,1,0,3,42,0,28.0,0.0,0.0,0.0,591.0,False,7,281,0
1683,1,1,2,21,0,0.0,0.0,0.0,308.4769036733407,0.0,False,7,281,0
1684,3,1,3,31,0,0.0,0.0,0.0,308.4769036733407,0.0,False,5,107,1
1685,1,0,1,51,0,28.0,94.0,0.0,34.0,638.0,False,6,342,0
1686,3,0,1,73,0,27.0,2.0,71.0,1208.0,0.0,False,6,352,1
1687,2,1,1,26,0,0.0,0.0,0.0,0.0,0.0,True,3,67,0
1688,2,1,3,33,0,0.0,0.0,0.0,0.0,0.0,True,2,57,1
1689,1,0,1,39,0,1.0,275.0,33.0,376.0,105.0,False,5,137,0
1690,1,0,1,19,0,5.0,639.0,0.0,84.0,180.0,False,7,295,1
1691,1,0,3,12,0,0.0,0.0,0.0,0.0,0.0,True,7,283,0
1692,1,1,3,10,0,0.0,0.0,0.0,0.0,0.0,False,7,283,0
1693,1,1,1,0,0,0.0,0.0,0.0,0.0,0.0,False,7,283,0
1694,1,0,1,0,0,0.0,0.0,0.0,0.0,0.0,True,7,283,0
1695,1,1,1,1,0,0.0,0.0,0.0,0.0,0.0,True,7,283,0
1696,1,0,1,33,0,0.0,0.0,2.0,787.0,1.0,False,5,109,1
1697,1,0,3,23,0,0.0,169.0,0.0,553.0,0.0,False,6,354,1
1698,3,1,1,5,0,0.0,0.0,0.0,0.0,0.0,True,6,355,1
1699,1,1,1,24,0,0.0,0.0,0.0,0.0,0.0,True,7,284,0
1700,3,0,1,26,0,0.0,0.0,0.0,0.0,0.0,False,5,138,0
1701,2,0,3,30,0,0.0,3722.0,4.0,140.0,4045.0,False,2,58,1
1702,1,0,1,33,0,0.0,763.0,8.0,2.0,30.0,False,6,346,0
1703,3,0,1,56,0,4694.0,0.0,2661.0,51.0,0.0,False,6,356,1
1704,1,1,2,25,0,0.0,0.0,0.0,0.0,0.0,True,7,285,0
1705,1,0,1,28,0,928.0,20.0,0.0,0.0,0.0,False,6,347,0
1706,1,0,1,25,0,9.0,852.0,73.0,12.0,57.0,True,6,357,1
1707,1,0,3,18,0,0.0,0.0,454.0,0.0,263.0,False,6,358,1
1708,2,0,1,60,1,1891.0,640.0,0.0,360.0,52.0,True,3,68,0
1709,2,0,1,41,0,0.0,2334.0,1.0,6.0,23.0,True,3,68,0
1710,1,0,2,16,0,112.0,0.0,38.0,77.0,443.0,False,6,349,0
1711,1,1,1,17,0,0.0,0.0,0.0,0.0,0.0,True,7,297,1
1712,1,0,1,26,0,222.89785157787045,4.0,361.0,0.0,19.0,False,7,298,1
1713,1,0,1,31,0,2.0,811.0,0.0,0.0,0.0,True,7,299,1
1714,1,0,1,67,0,143.0,68.0,496.0,182.0,9.0,True,6,82,0
1715,1,0,3,16,0,222.89785157787045,231.0,569.0,2.0,0.0,False,6,351,0
1716,1,0,3,24,0,0.0,94.0,1.0,56.0,427.0,False,6,352,0
1717,1,0,1,19,0,0.0,1333.0,3.0,624.0,254.0,True,6,361,1
1718,2,0,3,48,0,0.0,3578.0,80.0,123.0,306.7894819713431,True,4,56,1
1719,2,0,1,30,0,1.0,6398.0,0.0,2.0,295.0,True,4,56,1
1720,2,0,1,22,0,0.0,8882.0,21.0,2204.0,19.0,True,4,56,1
1721,2,0,1,28,1,0.0,4424.0,3.0,207.0,1572.0,True,4,56,1
1722,2,1,3,23,0,0.0,0.0,0.0,0.0,0.0,True,4,56,1
1723,2,0,1,29,0,0.0,699.0,0.0,0.0,1955.0,False,4,56,1
1724,1,1,1,22,0,0.0,0.0,0.0,0.0,306.7894819713431,False,7,288,0
1725,2,0,3,48,0,140.0,127.0,0.0,4102.0,521.0,False,3,61,1
1726,3,0,1,26,0,17.0,0.0,1582.0,0.0,0.0,True,6,354,0
1727,1,0,1,23,0,1639.0,1218.0,0.0,1.0,0.0,True,6,362,1
1728,1,0,1,55,0,1104.0,0.0,0.0,0.0,0.0,False,6,365,1
1729,2,0,1,46,0,2249.0,153.0,137.0,308.4769036733407,194.0,False,5,112,1
1730,1,0,2,38,0,0.0,0.0,0.0,0.0,1381.0,False,6,355,0
1731,1,1,1,2,0,0.0,0.0,0.0,0.0,0.0,True,7,289,0
1732,1,1,1,3,0,0.0,0.0,0.0,0.0,0.0,True,7,289,0
1733,1,0,1,20,0,0.0,0.0,0.0,788.0,16.0,False,6,366,1
1734,1,0,1,65,0,5.0,317.0,174.90603284902085,0.0,123.0,False,7,290,0
1735,1,0,1,28,0,181.0,0.0,2.0,0.0,663.0,False,7,291,0
1736,1,0,1,25,0,113.0,0.0,0.0,1282.0,0.0,False,6,367,1
1737,1,0,2,54,0,0.0,316.0,257.0,0.0,0.0,False,6,356,0
1738,1,0,3,25,0,0.0,0.0,1.0,735.0,25.0,False,6,356,0
1739,1,1,1,14,0,0.0,0.0,0.0,0.0,0.0,True,7,302,1
1740,2,0,3,53,0,0.0,13527.0,0.0,0.0,771.0,True,1,22,0
1741,1,1,1,0,0,0.0,0.0,0.0,0.0,0.0,True,7,303,1
1742,1,0,1,39,0,0.0,43.0,864.0,0.0,85.0,False,5,113,1
1743,1,0,1,22,0,8.0,710.0,0.0,27.0,0.0,True,6,368,1
1744,3,0,3,31,0,120.0,0.0,657.0,52.0,0.0,False,4,63,0
1745,3,1,1,24,0,0.0,0.0,0.0,0.0,0.0,True,6,357,0
1746,2,0,1,35,1,0.0,1.0,0.0,0.0,3156.0,False,1,13,1
1747,2,0,3,35,0,95.0,3441.0,0.0,391.0,318.0,False,1,13,1
1748,3,1,1,32,0,0.0,0.0,0.0,0.0,0.0,True,6,358,0
1749,3,0,1,61,0,953.0,415.0,974.0,0.0,133.0,False,6,358,0
1750,1,0,3,58,0,14.0,0.0,1081.0,0.0,0.0,True,6,370,1
1751,3,0,1,26,0,1752.0,22.0,0.0,4.0,306.7894819713431,False,4,64,0
1752,1,1,1,4,0,0.0,0.0,0.0,0.0,0.0,False,7,292,0
1753,1,0,1,1,0,0.0,0.0,0.0,0.0,0.0,False,7,292,0
1754,1,0,1,8,0,0.0,0.0,0.0,0.0,0.0,True,7,292,0
1755,1,0,1,7,0,0.0,0.0,0.0,0.0,306.7894819713431,False,7,292,0
1756,1,0,1,25,0,0.0,60.0,0.0,646.0,1115.0,False,7,292,0
1757,1,0,1,6,0,0.0,0.0,0.0,0.0,0.0,False,7,292,0
1758,1,0,1,29,0,0.0,0.0,0.0,0.0,865.0,False,6,371,1
1759,3,1,1,64,0,0.0,0.0,0.0,0.0,0.0,True,6,372,1
1760,2,0,1,31,0,0.0,1983.0,0.0,172.0,52.0,True,3,70,0
1761,3,1,1,25,0,0.0,0.0,0.0,0.0,0.0,False,5,139,0
1762,1,1,1,30,0,0.0,451.96167494677076,0.0,0.0,0.0,True,7,293,0
1763,1,1,1,0,0,0.0,0.0,0.0,0.0,0.0,False,7,305,1
1764,1,0,2,29,0,0.0,0.0,0.0,486.0,1479.0,False,6,374,1
1765,1,0,1,37,0,28.0,25.0,26.0,806.0,3.0,False,7,306,1
1766,1,0,1,49,0,0.0,0.0,0.0,724.0,0.0,False,6,375,1
1767,2,0,1,36,0,0.0,583.0,1789.0,19.0,1009.0,False,4,58,1
1768,1,0,3,20,0,470.0,128.0,0.0,0.0,9.0,False,6,376,1
1769,1,0,1,20,0,2215.0,0.0,0.0,86.0,0.0,True,6,377,1
1770,2,0,3,18,0,0.0,16263.0,72.0,0.0,15.0,True,3,71,0
1771,2,1,3,17,0,0.0,0.0,0.0,0.0,0.0,True,6,82,0
1772,3,1,1,48,0,0.0,0.0,0.0,0.0,0.0,False,5,140,0
1773,1,0,1,26,0,0.0,3.0,176.0,611.0,0.0,False,5,141,0
1774,1,0,1,35,0,0.0,88.0,718.0,46.0,0.0,False,7,295,0
1775,1,0,1,30,0,116.0,0.0,0.0,728.0,29.0,True,6,361,0
1776,1,0,1,22,0,0.0,0.0,22.0,0.0,702.0,False,6,378,1
1777,1,1,1,5,0,0.0,0.0,0.0,0.0,0.0,False,7,307,1
1778,1,1,3,43,0,0.0,0.0,0.0,0.0,0.0,False,7,308,1
1779,3,1,1,52,0,0.0,0.0,0.0,0.0,0.0,False,5,142,0
1780,2,0,1,50,0,5.0,809.0,0.0,309.0,731.0,True,4,59,1
1781,2,0,1,29,0,4.0,841.0,0.0,363.0,1107.0,True,6,82,0
1782,2,0,3,19,0,0.0,748.0,158.0,5037.0,44.0,False,4,59,1
1783,2,0,3,39,0,0.0,10153.0,1.0,78.0,5063.0,True,3,72,0
1784,2,0,1,38,0,0.0,354.0,0.0,1806.0,0.0,True,3,72,0
1785,1,1,3,21,0,222.89785157787045,0.0,0.0,0.0,0.0,False,7,296,0
1786,1,0,2,25,0,11.0,44.0,397.0,0.0,0.0,False,7,297,0
1787,2,1,3,42,0,0.0,0.0,0.0,0.0,0.0,True,1,14,1
1788,2,1,3,36,0,0.0,0.0,0.0,0.0,0.0,True,1,14,1
1789,1,0,1,19,0,42.0,0.0,345.0,1431.0,0.0,False,7,298,0
1790,1,1,1,42,0,0.0,0.0,0.0,0.0,0.0,False,7,309,1
1791,1,0,3,40,0,1465.0,39.0,0.0,0.0,1225.0,False,6,364,0
1792,1,1,1,14,0,0.0,0.0,0.0,0.0,0.0,False,7,299,0
1793,2,0,1,50,0,222.89785157787045,1810.0,0.0,126.0,247.0,False,4,60,1
1794,3,0,1,18,0,1218.0,0.0,34.0,1095.0,0.0,False,5,115,1
1795,1,0,1,46,0,8.0,652.0,0.0,5.0,90.0,False,7,300,0
1796,1,0,1,28,0,0.0,51.0,0.0,37.0,704.0,False,5,116,1
1797,2,1,1,15,0,0.0,0.0,0.0,0.0,0.0,True,4,61,1
1798,2,0,3,22,0,1744.0,79.0,0.0,12.0,1514.0,False,4,61,1
1799,2,1,1,0,0,0.0,0.0,0.0,0.0,0.0,False,1,23,0
1800,2,1,1,52,0,0.0,0.0,0.0,0.0,0.0,True,1,23,0
1801,2,0,1,38,0,34.0,2043.0,0.0,1339.0,0.0,True,1,23,0
1802,3,0,1,46,0,731.0,0.0,288.0,0.0,2.0,False,5,117,1
1803,1,1,3,23,0,0.0,0.0,0.0,0.0,0.0,False,7,303,0
1804,2,0,1,63,0,0.0,4286.0,18.0,4.0,872.0,True,3,65,1
1805,2,1,3,24,0,0.0,0.0,0.0,0.0,0.0,True,3,65,1
1806,1,1,1,50,0,0.0,0.0,0.0,0.0,0.0,False,7,304,0
1807,1,1,1,20,0,0.0,0.0,0.0,0.0,0.0,False,7,305,0
1808,3,0,1,55,0,2424.0,0.0,1.0,0.0,284.0,False,4,66,0
1809,1,0,2,21,0,0.0,0.0,107.0,166.0,388.0,True,5,144,0
1810,2,1,3,56,0,0.0,0.0,0.0,0.0,0.0,True,3,73,0
1811,1,0,1,45,0,10.0,0.0,0.0,308.4769036733407,0.0,True,5,118,1
1812,1,1,3,18,0,0.0,0.0,0.0,0.0,0.0,False,7,307,0
1813,1,0,1,47,0,7.0,877.0,17.0,0.0,0.0,False,6,368,0
1814,1,0,1,36,0,0.0,0.0,1508.0,110.0,117.0,True,6,369,0
1815,3,0,1,57,1,975.0,0.0,295.0,39.0,0.0,False,6,385,1
1816,3,0,1,13,0,3037.0,10.0,43.0,0.0,0.0,False,4,62,1
1817,3,0,1,27,0,120.0,0.0,1476.0,3.0,0.0,False,6,386,1
1818,1,0,1,20,0,717.0,0.0,0.0,0.0,0.0,False,6,370,0
1819,1,0,1,47,0,0.0,444.0,328.0,56.0,306.7894819713431,False,7,312,1
1820,1,0,1,15,0,0.0,0.0,787.0,0.0,0.0,False,5,120,1
1821,1,0,1,34,0,0.0,0.0,53.0,731.0,0.0,False,7,313,1
1822,1,0,1,21,0,942.0,0.0,0.0,0.0,7.0,False,6,372,0
1823,1,0,1,51,0,0.0,0.0,0.0,101.0,1357.0,False,6,374,0
1824,1,0,1,23,0,382.0,0.0,398.0,8.0,0.0,False,5,121,1
1825,1,0,1,58,0,0.0,0.0,0.0,0.0,717.0,False,6,387,1
1826,3,0,1,37,0,2765.0,0.0,1134.0,0.0,0.0,False,4,68,0
1827,3,0,2,44,0,708.0,0.0,5.0,0.0,74.0,True,4,68,0
1828,1,1,1,25,0,0.0,0.0,0.0,0.0,0.0,False,7,309,0
1829,2,1,1,15,0,0.0,0.0,0.0,0.0,0.0,True,3,66,1
1830,2,0,1,40,0,0.0,382.0,0.0,1.0,3822.0,False,3,66,1
1831,2,0,3,29,0,0.0,433.0,4899.0,393.0,260.0,True,3,66,1
1832,1,1,1,36,0,0.0,0.0,0.0,0.0,0.0,True,5,122,1
1833,1,0,2,21,0,0.0,0.0,677.0,4.0,0.0,True,5,122,1
1834,1,0,1,35,0,302.0,6.0,0.0,6.0,613.0,True,7,315,1
1835,1,0,1,24,0,3.0,361.0,94.0,824.0,160.0,False,6,390,1
1836,1,0,3,2,0,0.0,0.0,0.0,0.0,0.0,False,7,316,1
1837,1,1,1,0,0,222.89785157787045,0.0,0.0,0.0,0.0,True,7,316,1
1838,1,0,1,43,0,0.0,0.0,0.0,1200.0,17.0,False,6,391,1
1839,2,0,1,63,0,222.89785157787045,869.0,1.0,375.0,3377.0,False,3,74,0
1840,1,1,1,30,0,0.0,0.0,0.0,0.0,0.0,True,7,318,1
1841,1,1,2,38,0,0.0,0.0,0.0,0.0,0.0,True,7,319,1
1842,2,0,3,27,0,222.89785157787045,21066.0,0.0,2448.0,2293.0,True,3,75,0
1843,1,0,2,54,0,3.0,0.0,56.0,633.0,0.0,False,6,375,0
1844,2,1,3,39,0,0.0,0.0,0.0,0.0,0.0,True,1,24,0
1845,3,0,1,41,0,3702.0,0.0,1.0,0.0,18.0,False,4,63,1
1846,1,0,1,22,0,0.0,0.0,0.0,10.0,761.0,False,7,310,0
1847,2,0,3,23,0,0.0,8037.0,174.90603284902085,1.0,2.0,True,2,82,0
1848,2,0,1,34,0,15.0,3578.0,0.0,308.4769036733407,473.0,True,2,82,0
1849,2,1,3,26,1,0.0,0.0,0.0,0.0,0.0,True,2,82,0
1850,2,0,1,39,0,1.0,2972.0,0.0,3175.0,1.0,False,2,82,0
1851,2,1,3,15,0,0.0,0.0,0.0,0.0,0.0,True,2,82,0
1852,2,1,1,64,0,0.0,0.0,0.0,0.0,0.0,True,2,82,0
1853,2,1,1,25,0,0.0,0.0,0.0,0.0,0.0,True,2,82,0
1854,3,1,1,35,0,0.0,0.0,0.0,0.0,0.0,True,6,393,1
1855,1,1,1,19,0,0.0,0.0,0.0,0.0,0.0,True,7,311,0
1856,1,0,1,26,0,401.0,0.0,693.0,62.0,0.0,False,6,376,0
1857,1,1,1,3,0,0.0,0.0,0.0,0.0,0.0,True,7,312,0
1858,1,0,1,29,0,1434.0,5.0,0.0,0.0,0.0,False,7,312,0
1859,1,1,1,44,0,0.0,0.0,0.0,0.0,0.0,True,7,312,0
1860,1,0,1,27,0,196.0,602.0,0.0,0.0,198.0,False,5,124,1
1861,1,0,2,17,0,414.0,0.0,139.0,28.0,173.0,False,7,320,1
1862,2,0,3,37,0,0.0,3166.0,0.0,91.0,6.0,True,6,82,0
1863,3,1,3,19,0,0.0,0.0,0.0,0.0,0.0,True,6,394,1
1864,1,1,1,44,0,0.0,0.0,0.0,0.0,0.0,False,7,321,1
1865,1,0,3,22,0,0.0,0.0,30.0,499.0,138.0,False,6,378,0
1866,1,0,1,22,0,213.0,85.0,352.0,12.0,1.0,True,5,146,0
1867,3,1,1,21,0,222.89785157787045,0.0,0.0,0.0,0.0,True,6,379,0
1868,1,0,1,31,0,1062.0,0.0,802.0,71.0,0.0,False,6,380,0
1869,1,0,1,17,0,0.0,0.0,249.0,537.0,5.0,True,5,125,1
1870,1,0,2,30,0,231.0,0.0,0.0,274.0,26.0,False,7,314,0
1871,1,0,1,15,0,12.0,25.0,197.0,631.0,0.0,False,6,381,0
1872,1,0,1,42,0,37.0,1670.0,0.0,0.0,0.0,True,7,315,0
1873,1,0,1,55,0,373.0,1.0,1.0,496.0,0.0,False,6,383,0
1874,2,0,3,28,0,5.0,2676.0,13.0,0.0,157.0,True,3,76,0
1875,1,0,1,33,0,673.0,194.0,548.0,59.0,40.0,False,6,396,1
1876,1,0,1,19,0,3.0,6.0,20.0,60.0,719.0,False,7,323,1
1877,1,0,1,24,0,222.89785157787045,856.0,0.0,0.0,5.0,False,6,386,0
1878,1,0,1,4,0,0.0,0.0,0.0,0.0,0.0,False,7,317,0
1879,1,1,1,2,0,0.0,0.0,0.0,0.0,0.0,False,7,317,0
1880,2,0,3,30,0,0.0,5734.0,0.0,5.0,1.0,True,1,25,0
1881,2,0,1,31,0,0.0,0.0,0.0,0.0,0.0,False,2,59,1
1882,2,1,1,17,0,0.0,0.0,0.0,0.0,0.0,True,2,59,1
1883,2,1,3,40,0,0.0,0.0,0.0,0.0,0.0,True,2,59,1
1884,1,1,2,33,0,0.0,0.0,0.0,0.0,306.7894819713431,True,7,324,1
1885,1,1,2,46,0,0.0,0.0,0.0,0.0,306.7894819713431,False,7,318,0
1886,2,0,3,30,1,1250.0,865.0,0.0,3725.0,5416.0,False,2,60,1
1887,1,0,1,17,0,0.0,0.0,0.0,0.0,804.0,False,6,398,1
1888,1,0,1,19,0,1139.0,18.0,0.0,0.0,671.0,True,6,387,0
1889,2,0,3,22,0,0.0,5183.0,0.0,1080.0,2.0,True,2,83,0
1890,2,0,3,20,0,0.0,162.0,0.0,148.0,7619.0,False,2,83,0
1891,1,0,2,36,0,0.0,809.0,0.0,86.0,0.0,False,6,390,0
1892,1,0,1,0,0,0.0,0.0,0.0,0.0,0.0,True,7,322,0
1893,1,0,3,17,0,44.0,1535.0,10.0,51.0,0.0,True,5,150,0
1894,1,1,1,28,0,0.0,0.0,0.0,0.0,0.0,True,7,323,0
1895,1,1,2,15,0,0.0,0.0,0.0,0.0,0.0,True,7,323,0
1896,1,0,1,20,0,0.0,4.0,429.0,0.0,287.0,False,7,323,0
1897,1,0,3,19,0,30.0,1.0,1051.0,0.0,6.0,True,6,399,1
1898,1,0,2,24,0,662.0,0.0,0.0,0.0,9.0,False,6,391,0
1899,1,0,3,43,0,0.0,6.0,730.0,1.0,0.0,False,6,400,1
1900,3,1,1,26,0,0.0,0.0,0.0,0.0,0.0,True,6,402,1
1901,1,0,1,42,0,399.0,75.0,38.0,771.0,0.0,False,6,393,0
1902,1,0,1,21,0,6.0,133.0,503.0,0.0,2.0,False,6,404,1
1903,2,1,1,50,0,0.0,0.0,0.0,0.0,0.0,True,2,85,0
1904,2,1,1,25,0,0.0,0.0,0.0,0.0,0.0,True,2,85,0
1905,1,1,1,64,0,222.89785157787045,0.0,0.0,0.0,0.0,True,7,327,1
1906,1,0,1,50,0,0.0,0.0,0.0,785.0,19.0,False,6,394,0
1907,3,1,1,24,0,222.89785157787045,0.0,0.0,0.0,0.0,True,6,395,0
1908,1,0,1,27,0,0.0,0.0,634.0,1.0,23.0,True,6,396,0
1909,1,1,3,42,0,0.0,0.0,0.0,0.0,306.7894819713431,True,7,324,0
1910,1,1,3,30,0,0.0,0.0,0.0,0.0,0.0,False,7,328,1
1911,1,0,1,20,0,2.0,0.0,694.0,0.0,22.0,True,5,126,1
1912,3,0,1,31,0,162.0,1211.0,4.0,0.0,1.0,True,5,151,0
1913,2,0,3,26,0,281.0,741.0,13.0,0.0,4724.0,False,3,68,1
1914,2,0,3,39,0,0.0,451.96167494677076,0.0,1528.0,1119.0,False,3,69,1
1915,1,0,1,28,0,0.0,0.0,0.0,0.0,0.0,False,7,330,1
1916,1,0,2,32,0,0.0,58.0,0.0,0.0,642.0,True,7,330,1
1917,1,1,1,25,0,0.0,0.0,0.0,0.0,0.0,True,7,330,1
1918,1,0,1,6,0,0.0,0.0,0.0,0.0,0.0,True,7,330,1
1919,1,1,1,3,0,0.0,0.0,0.0,0.0,0.0,True,7,330,1
1920,1,1,1,11,0,0.0,0.0,0.0,0.0,0.0,False,7,330,1
1921,1,1,1,52,0,0.0,0.0,0.0,0.0,0.0,False,7,331,1
1922,1,0,1,14,0,16.0,0.0,0.0,712.0,149.0,False,6,407,1
1923,1,0,1,68,0,0.0,286.0,0.0,1739.0,13.0,False,6,407,1
1924,1,1,2,18,0,0.0,0.0,0.0,0.0,0.0,True,7,331,1
1925,1,0,1,55,0,2.0,0.0,0.0,0.0,907.0,True,7,333,1
1926,1,0,3,22,0,1430.0,0.0,0.0,0.0,423.0,False,7,327,0
1927,2,0,1,34,0,0.0,5063.0,0.0,56.0,327.0,True,4,65,1
1928,3,0,1,17,0,583.0,0.0,753.0,0.0,0.0,False,6,398,0
1929,1,1,2,38,0,0.0,0.0,0.0,0.0,0.0,False,7,328,0
1930,1,0,1,13,0,12.0,0.0,0.0,0.0,1963.0,False,6,410,1
1931,1,1,1,19,0,0.0,0.0,0.0,0.0,0.0,True,7,329,0
1932,2,1,1,30,0,0.0,0.0,0.0,0.0,0.0,True,3,70,1
1933,2,0,1,27,1,0.0,0.0,72.0,668.0,2713.0,False,3,70,1
1934,1,0,1,17,0,222.89785157787045,1.0,533.0,326.0,0.0,True,5,127,1
1935,2,0,3,45,0,0.0,3559.0,0.0,3615.0,163.0,False,3,78,0
1936,2,0,3,28,0,167.0,2406.0,71.0,283.0,650.0,True,3,78,0
1937,1,0,1,23,0,177.0,0.0,7.0,0.0,448.0,False,6,401,0
1938,2,0,1,24,0,1289.0,3343.0,0.0,4996.0,729.0,False,4,69,0
1939,2,0,1,23,0,9.0,4081.0,0.0,0.0,16.0,True,4,69,0
1940,1,0,3,29,0,270.0,0.0,0.0,25.0,343.0,False,6,402,0
1941,1,0,1,46,0,430.0,0.0,340.0,52.0,61.0,False,7,334,1
1942,1,0,2,17,0,8.0,911.0,0.0,0.0,0.0,True,6,411,1
1943,1,0,1,20,0,0.0,0.0,4.0,35.0,769.0,False,7,335,1
1944,1,0,1,24,0,121.0,20.0,0.0,68.0,506.0,False,6,407,0
1945,2,0,1,40,0,19.0,10.0,1.0,4759.0,6007.0,False,1,16,1
1946,2,1,1,28,0,0.0,0.0,0.0,0.0,0.0,True,1,16,1
1947,2,0,1,38,0,0.0,590.0,2640.0,6202.0,99.0,False,3,72,1
1948,2,0,1,65,0,51.0,4451.0,0.0,20.0,397.0,True,1,26,0
1949,2,0,1,19,0,0.0,1342.0,0.0,152.0,556.0,True,1,26,0
1950,1,0,1,54,0,0.0,0.0,872.0,0.0,1.0,True,6,408,0
1951,1,0,3,38,0,0.0,717.0,0.0,0.0,0.0,False,6,409,0
1952,1,0,1,40,0,51.0,0.0,1.0,368.0,509.0,True,7,331,0
1953,1,0,2,21,0,222.89785157787045,2.0,133.0,0.0,549.0,False,6,412,1
1954,1,0,1,22,0,8.0,0.0,801.0,0.0,12.0,True,6,413,1
1955,1,0,1,33,0,356.0,451.96167494677076,0.0,245.0,0.0,False,6,414,1
1956,3,0,1,18,0,29.0,0.0,2315.0,0.0,1.0,True,4,70,0
1957,3,0,1,43,0,546.0,0.0,41.0,710.0,0.0,False,5,153,0
1958,3,0,1,13,0,6726.0,0.0,1605.0,1266.0,0.0,False,6,82,0
1959,3,0,1,26,0,1751.0,0.0,0.0,0.0,0.0,False,6,410,0
1960,3,0,1,22,0,2300.0,0.0,22.0,256.0,0.0,False,4,70,0
1961,3,1,1,21,0,0.0,0.0,0.0,0.0,0.0,True,6,415,1
1962,1,0,2,25,0,0.0,11.0,0.0,13.0,1344.0,False,6,411,0
1963,3,0,1,29,0,216.0,10.0,611.0,594.0,0.0,False,6,412,0
1964,3,0,1,49,0,1624.0,0.0,68.0,308.4769036733407,0.0,False,6,412,0
1965,2,1,3,29,0,0.0,0.0,0.0,0.0,0.0,True,2,86,0
1966,3,0,1,45,0,10.0,1095.0,1474.0,0.0,0.0,True,4,71,0
1967,1,0,2,45,0,0.0,0.0,734.0,3.0,5.0,True,6,413,0
1968,2,0,1,30,0,63.0,9314.0,249.0,2624.0,4538.0,False,3,79,0
1969,1,0,1,29,0,776.0,0.0,4.0,0.0,23.0,False,6,414,0
1970,1,0,1,26,0,0.0,0.0,0.0,0.0,0.0,False,6,82,0
1971,1,1,3,16,0,0.0,0.0,0.0,0.0,0.0,False,7,335,0
1972,1,0,3,20,0,1.0,0.0,0.0,4926.0,1.0,False,7,336,0
1973,1,0,1,33,0,235.0,2.0,1.0,650.0,0.0,False,7,338,1
1974,1,1,1,18,0,0.0,0.0,0.0,0.0,0.0,False,7,339,1
1975,3,0,1,24,0,600.0,593.0,1404.0,0.0,1.0,False,6,417,1
1976,3,0,1,29,0,860.0,305.0,18.0,1415.0,0.0,False,6,418,1
1977,2,1,3,40,0,0.0,0.0,0.0,0.0,0.0,True,2,87,0
1978,2,1,1,27,0,0.0,0.0,0.0,0.0,0.0,True,4,72,0
1979,1,1,1,35,0,0.0,0.0,0.0,0.0,0.0,False,7,339,0
1980,2,0,1,31,0,0.0,8718.0,0.0,13036.0,267.0,False,6,82,0
1981,1,1,2,26,0,0.0,0.0,0.0,0.0,0.0,False,7,340,1
1982,3,0,1,49,0,0.0,0.0,1058.0,0.0,0.0,True,4,73,0
1983,1,1,1,23,0,0.0,0.0,0.0,0.0,0.0,False,7,341,1
1984,1,1,2,23,0,0.0,0.0,0.0,0.0,0.0,False,7,342,1
1985,1,1,2,14,0,0.0,0.0,0.0,0.0,0.0,True,7,342,1
1986,1,0,3,21,0,770.0,0.0,0.0,40.0,0.0,False,7,341,0
1987,1,0,1,18,0,0.0,1.0,0.0,80.0,826.0,False,7,343,1
1988,1,0,1,28,0,717.0,0.0,0.0,0.0,0.0,False,6,415,0
1989,1,0,1,19,0,721.0,62.0,7.0,0.0,0.0,True,6,419,1
1990,1,0,1,22,0,624.0,0.0,0.0,0.0,185.0,False,7,344,1
1991,1,0,1,17,0,736.0,0.0,2.0,20.0,0.0,False,6,420,1
1992,1,0,2,13,0,0.0,2.0,480.0,10.0,176.0,False,6,421,1
1993,1,0,1,26,0,0.0,451.96167494677076,0.0,91.0,900.0,False,5,128,1
1994,3,0,1,28,0,1054.0,0.0,43.0,85.0,0.0,False,4,74,0
1995,3,1,1,16,0,0.0,0.0,0.0,0.0,0.0,True,6,416,0
1996,3,0,1,20,0,1146.0,0.0,0.0,0.0,3.0,False,6,422,1
1997,1,0,1,20,0,75.0,0.0,0.0,1545.0,0.0,False,5,129,1
1998,1,0,1,23,0,426.0,0.0,362.0,0.0,0.0,False,5,129,1
1999,1,0,1,61,0,2.0,0.0,17.0,868.0,28.0,False,7,343,0
2000,3,1,1,27,0,0.0,0.0,0.0,0.0,0.0,True,6,423,1
2001,3,0,3,3,0,0.0,0.0,0.0,0.0,0.0,True,6,423,1
2002,3,0,3,4,0,0.0,0.0,0.0,0.0,0.0,True,6,423,1
2003,1,1,3,13,0,0.0,0.0,0.0,0.0,0.0,True,7,344,0
2004,3,1,1,19,0,0.0,0.0,0.0,0.0,0.0,True,6,417,0
2005,1,0,1,18,0,0.0,0.0,698.0,0.0,0.0,True,6,424,1
2006,1,0,3,66,0,0.0,0.0,1610.0,0.0,0.0,True,5,130,1
2007,3,1,1,39,0,0.0,0.0,0.0,0.0,0.0,True,6,418,0
2008,1,0,1,21,0,0.0,1433.0,0.0,1234.0,0.0,False,6,419,0
2009,1,1,1,7,0,0.0,0.0,0.0,0.0,0.0,False,7,345,0
2010,1,1,1,56,0,0.0,0.0,0.0,0.0,0.0,False,6,82,0
2011,1,0,1,15,0,0.0,951.0,128.0,0.0,0.0,False,6,425,1
2012,3,0,1,28,0,1146.0,0.0,47.0,0.0,105.0,True,5,155,0
2013,1,0,1,13,0,579.0,226.0,61.0,1.0,7.0,False,6,420,0
2014,2,1,1,18,0,0.0,0.0,0.0,0.0,0.0,True,2,89,0
2015,1,1,2,38,0,0.0,0.0,0.0,0.0,0.0,False,7,346,1
2016,1,0,1,45,0,2138.0,0.0,0.0,659.0,0.0,False,6,426,1
2017,1,1,1,21,0,0.0,0.0,0.0,0.0,306.7894819713431,False,7,347,1
2018,1,0,1,19,0,78.0,0.0,0.0,550.0,0.0,False,7,348,1
2019,1,0,1,49,0,651.0,25.0,0.0,849.0,2.0,False,6,421,0
2020,1,0,1,21,0,0.0,820.0,0.0,45.0,0.0,True,6,423,0
2021,1,0,1,18,0,0.0,402.0,2027.0,0.0,0.0,True,6,424,0
2022,3,1,1,43,0,0.0,0.0,0.0,0.0,0.0,True,6,429,1
2023,3,1,2,27,0,0.0,0.0,0.0,0.0,0.0,True,6,425,0
2024,3,0,1,0,0,0.0,0.0,0.0,0.0,0.0,True,6,425,0
2025,1,0,1,27,0,0.0,0.0,6.0,745.0,22.0,False,7,349,1
2026,2,1,1,21,0,0.0,0.0,0.0,0.0,0.0,True,2,63,1
2027,1,0,2,20,0,38.0,220.0,495.0,0.0,306.7894819713431,False,6,431,1
2028,3,1,1,35,0,0.0,0.0,0.0,0.0,0.0,True,6,427,0
2029,3,0,1,20,0,212.0,0.0,991.0,0.0,13.0,False,6,427,0
2030,1,0,1,24,0,388.0,0.0,7.0,409.0,0.0,False,6,433,1
2031,1,0,1,41,0,2.0,0.0,551.0,5577.0,68.0,False,7,351,1
2032,1,0,2,23,0,0.0,774.0,0.0,0.0,0.0,True,7,347,0
2033,1,1,2,27,0,0.0,0.0,0.0,0.0,0.0,True,7,352,1
2034,1,1,3,58,0,0.0,0.0,0.0,0.0,0.0,True,7,348,0
2035,3,1,1,53,0,0.0,0.0,0.0,308.4769036733407,0.0,True,6,435,1
2036,2,0,1,30,0,437.0,3585.0,0.0,4488.0,281.0,False,3,80,0
2037,1,0,3,24,0,1.0,0.0,0.0,318.0,247.0,False,6,428,0
2038,2,0,1,31,0,46.0,1935.0,0.0,995.0,1254.0,False,2,64,1
2039,3,0,2,46,0,607.0,0.0,41.0,334.0,251.0,False,6,429,0
2040,3,0,1,20,0,938.0,59.0,31.0,12.0,0.0,False,6,429,0
2041,1,1,1,20,0,0.0,0.0,0.0,0.0,0.0,False,7,350,0
2042,1,0,1,30,0,0.0,236.0,0.0,1149.0,0.0,False,6,437,1
2043,1,0,3,24,0,0.0,421.0,0.0,207.0,63.0,False,6,438,1
2044,1,0,1,34,0,0.0,0.0,0.0,628.0,0.0,False,7,354,1
2045,1,0,1,20,0,1750.0,0.0,446.0,0.0,76.0,False,6,430,0
2046,3,1,1,48,0,0.0,0.0,0.0,0.0,0.0,True,6,431,0
2047,1,0,2,25,0,0.0,0.0,619.0,0.0,70.0,False,6,439,1
2048,1,1,1,43,0,0.0,0.0,0.0,0.0,0.0,False,7,352,0
2049,1,0,1,27,0,0.0,280.0,119.0,646.0,5.0,True,6,440,1
2050,2,0,1,47,0,222.89785157787045,32.0,0.0,4027.0,1440.0,False,2,65,1
2051,2,0,3,26,0,26.0,4587.0,0.0,102.0,0.0,True,2,65,1
2052,2,1,1,37,0,0.0,0.0,0.0,0.0,0.0,True,2,65,1
2053,2,0,3,42,0,0.0,1180.0,0.0,2677.0,283.0,False,2,65,1
2054,1,0,3,61,0,0.0,654.0,902.0,0.0,68.0,True,5,156,0
2055,3,0,1,29,0,1443.0,1108.0,47.0,0.0,0.0,False,6,442,1
2056,2,0,3,32,0,0.0,1968.0,13.0,1051.0,306.7894819713431,True,4,75,0
2057,3,0,1,51,0,1671.0,0.0,17.0,0.0,0.0,False,6,443,1
2058,3,0,1,43,0,2019.0,0.0,560.0,0.0,0.0,False,4,76,0
2059,2,1,3,25,0,0.0,0.0,0.0,0.0,0.0,True,2,90,0
2060,1,0,1,31,0,0.0,0.0,187.0,602.0,0.0,False,5,157,0
2061,1,0,2,13,0,0.0,14.0,857.0,0.0,72.0,False,6,432,0
2062,1,0,1,20,0,546.0,0.0,228.0,0.0,0.0,False,7,354,0
2063,1,0,1,29,0,1356.0,20.0,0.0,13.0,0.0,False,6,433,0
2064,1,1,1,16,0,0.0,0.0,0.0,0.0,0.0,False,7,355,0
2065,1,0,1,15,0,0.0,2347.0,0.0,380.0,0.0,True,6,434,0
2066,1,0,1,50,0,0.0,5.0,0.0,2170.0,0.0,False,6,445,1
2067,2,0,3,41,1,0.0,29813.0,0.0,1257.0,6.0,True,1,27,0
2068,2,0,1,43,0,2.0,2229.0,33.0,6.0,198.0,True,1,27,0
2069,2,1,1,32,0,0.0,0.0,0.0,0.0,0.0,True,1,27,0
2070,2,0,1,36,0,0.0,3206.0,0.0,698.0,72.0,False,1,27,0
2071,1,1,3,18,0,0.0,0.0,0.0,0.0,0.0,True,6,82,0
2072,1,0,1,47,0,0.0,0.0,880.0,0.0,2.0,True,7,357,0
2073,1,1,2,29,0,0.0,0.0,0.0,0.0,0.0,True,7,355,1
2074,1,0,1,28,0,0.0,86.0,0.0,252.0,570.0,False,7,358,0
2075,1,0,1,14,0,0.0,600.0,0.0,204.0,0.0,True,6,435,0
2076,1,1,2,25,0,0.0,0.0,0.0,0.0,0.0,False,7,356,1
2077,3,0,1,63,0,1172.0,0.0,1.0,308.4769036733407,0.0,False,5,158,0
2078,1,0,1,22,0,48.0,329.0,182.0,26.0,154.0,False,6,437,0
2079,3,0,1,32,0,2.0,416.0,26.0,510.0,0.0,False,5,159,0
2080,1,0,3,31,0,0.0,14.0,671.0,1.0,3.0,False,6,438,0
2081,1,0,1,24,0,0.0,1220.0,0.0,140.0,0.0,False,6,438,0
2082,1,0,1,39,0,9.0,18.0,0.0,2.0,878.0,False,7,359,1
2083,3,1,3,20,0,0.0,0.0,0.0,0.0,0.0,True,6,448,1
2084,3,1,3,20,0,0.0,0.0,0.0,0.0,0.0,True,6,448,1
2085,3,0,1,19,0,0.0,0.0,0.0,0.0,0.0,False,5,134,1
2086,3,0,3,20,0,552.0,8.0,1348.0,5.0,306.7894819713431,False,5,134,1
2087,3,0,1,31,0,21.0,0.0,1031.0,0.0,306.7894819713431,False,4,66,1
2088,3,1,3,17,0,0.0,0.0,0.0,0.0,0.0,True,6,448,1
2089,3,0,1,24,0,2538.0,0.0,61.0,0.0,0.0,False,6,448,1
2090,1,0,1,27,0,203.0,539.0,0.0,0.0,0.0,False,6,449,1
2091,2,0,3,28,0,0.0,162.0,741.0,3733.0,99.0,True,3,83,0
2092,2,1,1,41,0,0.0,0.0,0.0,0.0,0.0,True,3,83,0
2093,2,1,3,25,0,0.0,0.0,0.0,0.0,0.0,True,1,28,0
2094,1,0,2,26,0,93.0,0.0,469.0,0.0,0.0,True,6,439,0
2095,1,0,1,27,0,485.0,1109.0,921.0,0.0,1.0,False,6,451,1
2096,1,0,1,22,0,38.0,483.0,80.0,47.0,121.0,True,7,362,1
2097,2,0,3,62,0,320.0,1179.0,756.0,4996.0,85.0,False,1,29,0
2098,2,0,1,58,0,2.0,1.0,14.0,2.0,1153.0,False,1,29,0
2099,1,0,1,37,0,0.0,1368.0,0.0,308.4769036733407,960.0,False,7,363,1
2100,1,0,1,54,0,701.0,32.0,171.0,8.0,0.0,False,7,359,0
2101,1,0,1,26,0,0.0,10.0,0.0,702.0,1.0,False,6,455,1
2102,2,1,3,44,0,0.0,0.0,0.0,0.0,0.0,True,3,75,1
2103,2,1,1,34,0,0.0,0.0,0.0,0.0,0.0,True,3,75,1
2104,1,1,1,47,0,0.0,0.0,0.0,0.0,0.0,True,7,360,0
2105,2,0,1,27,1,0.0,3341.0,174.90603284902085,80.0,654.0,True,3,76,1
2106,2,1,3,22,0,0.0,0.0,0.0,0.0,0.0,True,2,66,1
2107,1,1,1,46,0,222.89785157787045,0.0,0.0,0.0,0.0,True,7,364,1
2108,1,0,1,29,0,0.0,0.0,885.0,0.0,0.0,True,6,441,0
2109,1,0,3,43,0,485.0,4.0,136.0,48.0,0.0,False,7,365,1
2110,1,0,1,42,0,0.0,0.0,32.0,772.0,0.0,False,6,456,1
2111,1,0,1,39,0,0.0,0.0,13.0,0.0,868.0,True,6,442,0
2112,3,0,1,30,0,616.0,0.0,185.0,210.0,475.0,False,6,457,1
2113,3,0,1,43,0,2318.0,0.0,647.0,81.0,0.0,True,5,161,0
2114,1,1,1,19,0,0.0,0.0,0.0,0.0,0.0,False,7,366,1
2115,3,1,1,26,0,0.0,0.0,0.0,0.0,0.0,True,6,458,1
2116,3,0,1,46,0,171.0,0.0,1257.0,5.0,0.0,True,6,459,1
2117,1,0,1,3,0,0.0,0.0,0.0,0.0,0.0,True,7,367,1
2118,1,1,3,21,0,0.0,0.0,0.0,0.0,0.0,True,6,82,0
2119,1,0,1,1,0,0.0,0.0,0.0,0.0,0.0,True,7,367,1
2120,1,0,1,22,0,0.0,0.0,0.0,10.0,778.0,False,5,162,0
2121,2,1,3,27,0,0.0,0.0,0.0,0.0,0.0,True,3,79,1
2122,2,1,3,28,0,0.0,0.0,0.0,0.0,0.0,True,3,79,1
2123,3,0,2,36,0,241.0,0.0,670.0,0.0,0.0,False,6,460,1
2124,1,0,1,19,0,26.0,313.0,470.0,0.0,0.0,False,7,362,0
2125,2,1,3,18,0,0.0,0.0,174.90603284902085,0.0,0.0,True,3,80,1
2126,2,0,3,47,0,0.0,140.0,174.90603284902085,85.0,3970.0,False,2,91,0
2127,2,0,1,18,0,20.0,1064.0,0.0,0.0,11643.0,False,2,92,0
2128,1,0,1,6,0,0.0,0.0,0.0,0.0,0.0,True,5,136,1
2129,1,0,1,20,0,0.0,544.0,1.0,0.0,378.0,False,6,461,1
2130,3,0,1,18,0,262.0,302.0,1127.0,4225.0,0.0,False,6,463,1
2131,1,0,1,37,0,0.0,1.0,0.0,219.0,306.7894819713431,False,6,464,1
2132,1,0,1,22,0,12.0,746.0,802.0,58.0,0.0,False,5,163,0
2133,3,0,1,37,0,20.0,0.0,2559.0,20.0,0.0,True,6,465,1
2134,1,0,3,6,0,0.0,0.0,0.0,308.4769036733407,0.0,False,7,365,0
2135,1,0,1,36,0,3.0,0.0,435.0,8.0,277.0,False,7,365,0
2136,1,0,3,46,0,426.0,37.0,0.0,0.0,568.0,False,6,445,0
2137,1,0,1,75,0,0.0,0.0,1224.0,308.4769036733407,1769.0,False,6,466,1
2138,1,0,1,37,0,0.0,8.0,70.0,360.0,258.0,False,6,466,1
2139,1,1,1,22,0,0.0,0.0,174.90603284902085,0.0,0.0,True,7,369,1
2140,1,0,2,33,0,270.0,412.0,1.0,308.4769036733407,5.0,False,6,467,1
2141,3,0,1,35,0,174.0,0.0,381.0,0.0,62.0,False,6,448,0
2142,2,0,3,19,0,0.0,451.96167494677076,0.0,0.0,8195.0,False,3,81,1
2143,2,0,3,34,0,0.0,22.0,174.90603284902085,3028.0,3768.0,False,3,81,1
2144,1,0,1,23,0,1010.0,0.0,33.0,10.0,0.0,True,6,449,0
2145,1,0,3,37,0,1508.0,451.96167494677076,0.0,1.0,0.0,False,7,367,0
2146,1,0,3,24,0,1367.0,0.0,1.0,0.0,0.0,False,6,449,0
2147,2,0,1,54,1,0.0,3381.0,0.0,4463.0,34.0,False,1,18,1
2148,3,0,3,52,0,1377.0,0.0,32.0,22.0,0.0,True,6,468,1
2149,1,1,1,60,0,0.0,0.0,0.0,0.0,0.0,False,7,368,0
2150,2,0,1,1,0,0.0,0.0,0.0,0.0,0.0,True,3,82,1
2151,2,0,1,28,0,0.0,0.0,0.0,0.0,0.0,True,3,82,1
2152,2,0,1,22,0,0.0,297.0,3.0,676.0,2924.0,False,3,82,1
2153,2,0,3,27,0,0.0,12077.0,0.0,75.0,0.0,True,3,82,1
2154,2,1,3,48,0,0.0,0.0,0.0,0.0,0.0,True,3,82,1
2155,2,0,3,47,0,1320.0,428.0,4.0,24.0,0.0,False,3,82,1
2156,2,1,1,25,0,0.0,0.0,0.0,0.0,0.0,True,4,77,0
2157,2,0,3,49,0,9.0,2426.0,95.0,1249.0,168.0,False,4,77,0
2158,2,0,1,33,0,0.0,2012.0,1.0,9124.0,4.0,False,4,77,0
2159,2,0,1,67,0,0.0,4715.0,0.0,599.0,6.0,True,4,77,0
2160,1,1,2,5,0,0.0,0.0,0.0,0.0,0.0,False,7,371,1
2161,2,1,3,60,0,0.0,0.0,0.0,0.0,0.0,True,4,68,1
2162,2,1,1,56,0,0.0,0.0,0.0,0.0,0.0,True,4,68,1
2163,2,0,1,59,0,0.0,2210.0,0.0,4085.0,11.0,False,4,68,1
2164,2,1,1,44,0,0.0,0.0,0.0,0.0,0.0,True,4,68,1
2165,1,0,1,33,0,0.0,763.0,1.0,66.0,84.0,False,7,372,1
2166,1,1,1,28,0,0.0,0.0,174.90603284902085,0.0,0.0,False,7,369,0
2167,3,0,1,29,0,1365.0,0.0,791.0,210.0,0.0,False,6,469,1
2168,1,1,1,13,0,0.0,0.0,0.0,0.0,0.0,False,7,370,0
2169,2,1,3,34,0,0.0,0.0,0.0,0.0,0.0,True,2,67,1
2170,1,1,2,45,0,0.0,0.0,0.0,0.0,0.0,True,7,371,0
2171,1,0,1,39,0,0.0,454.0,0.0,454.0,0.0,False,7,372,0
2172,1,0,1,18,0,128.0,37.0,626.0,0.0,5.0,False,6,470,1
2173,1,1,2,57,0,0.0,0.0,0.0,0.0,0.0,False,7,373,1
2174,1,0,3,28,0,0.0,760.0,0.0,21.0,23.0,False,6,450,0
2175,1,1,2,25,0,0.0,0.0,0.0,0.0,0.0,True,7,373,0
2176,1,1,2,22,0,0.0,0.0,0.0,0.0,0.0,False,7,374,0
2177,2,0,1,32,0,0.0,4106.0,388.0,892.0,2.0,True,2,68,1
2178,3,1,1,29,0,0.0,451.96167494677076,0.0,0.0,0.0,True,6,472,1
2179,1,0,1,21,0,556.0,0.0,20.0,1589.0,0.0,False,6,453,0
2180,3,0,1,16,0,0.0,0.0,0.0,0.0,0.0,False,5,137,1
2181,2,1,3,45,0,0.0,0.0,0.0,0.0,0.0,True,1,30,0
2182,2,0,1,44,1,1409.0,910.0,17.0,1452.0,3782.0,False,1,30,0
2183,1,1,3,27,0,0.0,0.0,0.0,0.0,0.0,True,7,376,1
2184,1,0,1,26,0,14.0,0.0,0.0,857.0,0.0,False,6,474,1
2185,3,0,1,46,0,1290.0,0.0,57.0,0.0,0.0,False,6,475,1
2186,1,0,2,24,0,0.0,0.0,648.0,0.0,0.0,False,6,454,0
2187,1,0,1,15,0,0.0,785.0,0.0,0.0,0.0,True,6,455,0
2188,1,1,2,53,0,0.0,451.96167494677076,0.0,0.0,0.0,False,7,378,0
2189,1,0,3,28,0,613.0,22.0,0.0,0.0,0.0,False,6,477,1
2190,1,1,1,11,0,0.0,0.0,0.0,0.0,0.0,True,7,377,1
2191,1,1,1,7,0,0.0,0.0,0.0,0.0,0.0,False,7,377,1
2192,1,1,2,0,0,0.0,0.0,0.0,0.0,0.0,True,7,377,1
2193,1,1,3,15,0,0.0,0.0,0.0,0.0,0.0,True,7,377,1
2194,1,0,3,31,0,1.0,451.96167494677076,2.0,605.0,0.0,False,7,377,1
2195,1,0,1,9,0,222.89785157787045,0.0,0.0,0.0,0.0,False,7,377,1
2196,2,0,3,44,1,0.0,1223.0,78.0,1418.0,1239.0,False,4,78,0
2197,1,0,1,35,0,0.0,722.0,0.0,0.0,185.0,False,7,379,0
2198,1,0,1,30,0,27.0,5412.0,86.0,308.4769036733407,0.0,True,7,380,0
2199,1,0,3,13,0,880.0,0.0,0.0,0.0,0.0,False,6,457,0
2200,3,0,1,45,1,773.0,82.0,0.0,6.0,0.0,False,4,80,0
2201,3,1,1,4,0,0.0,451.96167494677076,0.0,0.0,0.0,True,4,80,0
2202,3,1,1,21,0,0.0,451.96167494677076,0.0,0.0,0.0,True,4,80,0
2203,1,0,1,20,0,0.0,409.0,994.0,215.0,0.0,False,5,139,1
2204,1,1,1,24,0,0.0,0.0,0.0,0.0,0.0,True,7,379,1
2205,1,1,2,3,0,0.0,0.0,0.0,0.0,0.0,False,7,380,1
2206,1,0,1,29,0,0.0,0.0,792.0,0.0,0.0,True,6,481,1
2207,2,0,1,28,0,2416.0,8926.0,41.0,1.0,462.0,True,3,85,0
2208,1,0,1,44,0,0.0,4.0,6.0,864.0,33.0,True,7,381,1
2209,2,1,1,50,0,0.0,0.0,174.90603284902085,0.0,0.0,True,4,71,1
2210,3,1,1,35,0,0.0,0.0,0.0,0.0,0.0,False,6,482,1
2211,1,0,1,19,0,0.0,0.0,1.0,644.0,0.0,False,6,483,1
2212,3,0,1,22,0,579.0,0.0,267.0,0.0,108.0,False,5,141,1
2213,1,0,1,30,0,3.0,0.0,880.0,0.0,40.0,False,6,484,1
2214,2,0,1,36,0,0.0,4756.0,0.0,7818.0,96.0,False,4,81,0
2215,3,0,1,20,0,464.0,0.0,1432.0,0.0,0.0,True,5,166,0
2216,1,0,3,22,0,0.0,0.0,659.0,94.0,0.0,True,7,383,1
2217,1,0,3,22,0,0.0,30.0,0.0,0.0,673.0,False,6,459,0
2218,2,1,2,32,0,0.0,0.0,0.0,0.0,0.0,True,3,83,1
2219,1,0,1,35,0,194.0,0.0,678.0,0.0,0.0,False,6,487,1
2220,1,0,3,41,0,0.0,33.0,0.0,1324.0,0.0,False,6,488,1
2221,1,1,1,57,0,0.0,0.0,0.0,0.0,0.0,False,7,383,0
2222,1,1,2,3,0,0.0,0.0,0.0,0.0,0.0,False,7,383,0
2223,1,0,3,11,0,0.0,0.0,0.0,0.0,0.0,True,7,383,0
2224,1,0,1,4,0,0.0,0.0,0.0,0.0,0.0,True,7,383,0
2225,1,1,1,17,0,0.0,0.0,0.0,308.4769036733407,0.0,False,7,383,0
2226,1,0,1,30,0,0.0,0.0,0.0,0.0,0.0,False,7,383,0
2227,1,1,1,11,0,0.0,0.0,0.0,0.0,0.0,True,6,82,0
2228,3,0,1,23,0,1773.0,0.0,78.0,0.0,3.0,False,6,461,0
2229,1,0,1,58,0,222.89785157787045,400.0,0.0,690.0,490.0,True,5,142,1
2230,1,0,1,22,0,0.0,46.0,0.0,676.0,0.0,False,7,384,0
2231,1,0,1,24,0,0.0,0.0,174.90603284902085,59.0,4120.0,False,7,385,1
2232,1,0,1,20,0,768.0,19.0,0.0,1.0,0.0,False,5,143,1
2233,1,1,1,37,0,0.0,0.0,0.0,0.0,0.0,True,7,386,1
2234,1,0,1,49,0,712.0,1.0,0.0,0.0,306.7894819713431,False,7,387,1
2235,1,0,1,46,0,0.0,557.0,0.0,287.0,781.0,False,5,168,0
2236,1,0,1,30,0,854.0,0.0,30.0,0.0,0.0,False,7,386,0
2237,1,0,3,36,0,0.0,810.0,0.0,0.0,0.0,False,7,387,0
2238,1,0,1,21,0,0.0,780.0,44.0,0.0,5.0,False,6,490,1
2239,3,0,1,25,1,854.0,0.0,319.0,0.0,0.0,False,5,169,0
2240,1,1,2,42,0,0.0,0.0,0.0,0.0,0.0,True,7,388,1
2241,1,1,1,13,0,0.0,0.0,174.90603284902085,0.0,0.0,False,7,389,1
2242,1,0,1,25,0,7.0,0.0,0.0,877.0,0.0,False,7,388,0
2243,2,0,1,29,0,0.0,544.0,7.0,2650.0,1561.0,False,3,86,0
2244,2,1,1,17,0,0.0,0.0,0.0,0.0,0.0,True,3,86,0
2245,2,0,3,36,0,828.0,5553.0,130.0,47.0,1171.0,True,3,86,0
2246,1,1,1,44,0,0.0,0.0,0.0,0.0,0.0,True,3,86,0
2247,3,1,1,18,0,0.0,0.0,0.0,0.0,0.0,True,6,465,0
2248,1,0,3,22,0,292.0,395.0,0.0,0.0,3.0,False,6,492,1
2249,1,1,1,22,0,0.0,0.0,0.0,0.0,0.0,True,7,390,1
2250,1,1,1,43,0,0.0,0.0,174.90603284902085,0.0,0.0,True,7,391,1
2251,1,0,1,29,0,19.0,2115.0,17.0,308.4769036733407,0.0,True,6,493,1
2252,1,1,1,24,0,0.0,0.0,0.0,0.0,0.0,True,7,392,1
2253,1,1,2,18,0,0.0,0.0,0.0,0.0,0.0,True,7,390,0
2254,2,0,1,42,0,0.0,1829.0,2.0,3133.0,2447.0,False,8,1,1
2255,1,0,1,43,0,9.0,0.0,1079.0,0.0,729.0,False,7,391,0
2256,1,0,1,32,0,11.0,31.0,0.0,836.0,9.0,False,7,393,1
2257,1,1,1,15,0,0.0,0.0,0.0,0.0,0.0,True,7,394,1
2258,3,0,1,22,0,0.0,0.0,0.0,0.0,0.0,True,5,145,1
2259,1,1,1,20,0,0.0,0.0,0.0,0.0,0.0,False,7,395,1
2260,1,0,1,34,0,34.0,223.0,1559.0,0.0,0.0,True,7,393,0
2261,3,1,1,70,0,0.0,0.0,0.0,0.0,0.0,True,6,466,0
2262,3,1,1,18,0,0.0,0.0,0.0,0.0,0.0,True,6,466,0
2263,2,1,1,26,0,0.0,0.0,0.0,0.0,0.0,True,2,94,0
2264,1,0,1,17,0,112.0,56.0,332.0,0.0,606.0,False,6,497,1
2265,1,0,1,13,0,0.0,2.0,0.0,566.0,208.0,False,6,498,1
2266,1,0,1,19,0,0.0,0.0,79.0,308.4769036733407,0.0,False,6,499,1
2267,2,1,1,32,0,0.0,0.0,0.0,308.4769036733407,0.0,True,3,84,1
2268,1,0,1,33,0,4.0,0.0,28.0,0.0,2757.0,False,6,467,0
2269,1,0,1,21,0,759.0,0.0,0.0,308.4769036733407,40.0,False,6,501,1
2270,3,1,1,23,0,0.0,0.0,0.0,0.0,0.0,True,6,503,1
2271,1,0,1,24,0,227.0,537.0,13.0,0.0,0.0,True,6,504,1
2272,1,0,3,17,0,0.0,11.0,493.0,0.0,372.0,False,6,468,0
2273,3,1,1,34,0,0.0,0.0,0.0,0.0,0.0,True,6,505,1
2274,1,0,1,31,0,1458.0,421.0,76.0,0.0,0.0,False,4,72,1
2275,1,0,3,43,0,6.0,236.0,3.0,448.0,54.0,False,6,506,1
2276,1,0,1,43,0,602.0,3.0,27.0,89.0,69.0,False,5,170,0
2277,1,0,1,33,0,0.0,0.0,661.0,0.0,94.0,True,6,507,1
2278,3,1,1,28,0,0.0,0.0,0.0,0.0,0.0,True,6,508,1
2279,3,1,1,27,0,0.0,0.0,0.0,0.0,0.0,False,5,146,1
2280,3,1,1,7,0,0.0,0.0,0.0,0.0,0.0,True,6,508,1
2281,1,1,2,16,0,0.0,0.0,0.0,0.0,0.0,False,7,395,0
2282,1,0,3,42,0,526.0,2.0,28.0,161.0,306.7894819713431,False,6,470,0
2283,3,1,1,27,0,0.0,0.0,0.0,0.0,0.0,True,5,147,1
2284,1,0,1,19,0,0.0,0.0,0.0,157.0,644.0,False,6,510,1
2285,3,0,1,42,0,554.0,0.0,1168.0,0.0,275.0,False,6,471,0
2286,1,1,2,13,0,0.0,0.0,0.0,0.0,0.0,False,7,399,1
2287,1,1,1,16,0,0.0,0.0,0.0,0.0,0.0,True,7,400,1
2288,1,0,1,21,0,31.0,93.0,578.0,0.0,0.0,True,6,511,1
2289,1,1,2,28,0,0.0,0.0,0.0,0.0,0.0,True,7,402,1
2290,1,1,1,69,0,0.0,0.0,0.0,0.0,0.0,False,7,396,0
2291,1,1,2,15,0,0.0,0.0,0.0,0.0,0.0,False,7,397,0
2292,1,0,1,48,0,58.0,0.0,12.0,308.4769036733407,0.0,False,5,171,0
2293,1,0,1,42,0,222.89785157787045,1.0,61.0,897.0,0.0,False,6,472,0
2294,3,0,1,42,0,999.0,0.0,49.0,0.0,11.0,False,4,83,0
2295,1,0,1,23,0,139.0,0.0,0.0,567.0,0.0,False,7,398,0
2296,1,0,1,26,0,0.0,451.96167494677076,0.0,543.0,306.7894819713431,False,7,398,0
2297,1,0,1,45,0,0.0,0.0,450.0,94.0,364.0,False,7,403,1
2298,1,0,1,30,0,756.0,4.0,30.0,0.0,0.0,False,5,173,0
2299,3,1,1,36,0,0.0,0.0,174.90603284902085,0.0,0.0,True,6,475,0
2300,2,0,1,28,0,0.0,27.0,0.0,3573.0,3643.0,False,3,85,1
2301,1,0,1,35,0,0.0,0.0,1.0,0.0,1264.0,False,6,512,1
2302,2,1,1,21,0,0.0,451.96167494677076,0.0,0.0,0.0,True,3,86,1
2303,2,1,3,50,0,0.0,0.0,0.0,0.0,0.0,True,3,86,1
2304,1,1,1,52,0,0.0,0.0,0.0,0.0,0.0,False,7,404,1
2305,1,1,2,21,0,0.0,0.0,0.0,0.0,0.0,False,6,82,0
2306,1,0,3,41,0,682.0,0.0,0.0,0.0,17.0,False,6,476,0
2307,1,0,3,35,0,2594.0,195.0,0.0,0.0,0.0,False,6,477,0
2308,1,0,1,26,0,552.0,192.0,30.0,0.0,1.0,False,6,513,1
2309,1,0,1,17,0,584.0,738.0,54.0,0.0,621.0,False,6,513,1
2310,3,0,1,69,0,4483.0,0.0,525.0,0.0,500.0,False,4,85,0
2311,2,1,1,27,0,0.0,0.0,0.0,0.0,0.0,True,2,72,1
2312,1,0,2,25,0,2.0,2762.0,552.0,0.0,1391.0,False,7,401,0
2313,3,1,1,27,0,0.0,0.0,0.0,0.0,0.0,True,6,480,0
2314,1,0,1,25,0,64.0,0.0,0.0,660.0,0.0,False,6,481,0
2315,1,0,3,36,0,0.0,0.0,0.0,33.0,619.0,False,6,82,0
2316,1,0,1,14,0,148.0,0.0,34.0,808.0,0.0,False,5,176,0
2317,2,1,3,27,0,0.0,0.0,0.0,0.0,0.0,True,3,89,0
2318,1,0,1,22,0,272.0,44.0,0.0,1064.0,418.0,False,7,403,0
2319,1,0,1,24,0,873.0,12.0,1.0,0.0,3.0,False,7,404,0
2320,3,0,1,28,0,311.0,0.0,745.0,232.0,0.0,False,6,516,1
2321,3,0,1,4,0,0.0,0.0,0.0,0.0,0.0,True,6,516,1
2322,1,0,1,19,0,0.0,13.0,291.0,481.0,2.0,False,5,149,1
2323,1,0,1,19,0,0.0,5.0,4.0,541.0,238.0,False,5,149,1
2324,1,0,3,38,0,0.0,2506.0,46.0,11001.0,5.0,False,1,19,1
2325,2,1,3,39,0,0.0,0.0,0.0,0.0,0.0,True,1,19,1
2326,2,0,3,23,0,36.0,2467.0,0.0,381.0,803.0,False,1,19,1
2327,2,1,3,57,0,0.0,451.96167494677076,0.0,0.0,0.0,True,4,86,0
2328,2,1,1,18,0,0.0,0.0,0.0,0.0,0.0,True,4,86,0
2329,1,0,1,43,0,0.0,9.0,1145.0,0.0,0.0,False,6,483,0
2330,3,0,1,28,0,34.0,0.0,1342.0,91.0,0.0,True,6,517,1
2331,2,0,3,33,0,0.0,8759.0,0.0,2788.0,4513.0,False,3,91,0
2332,2,1,3,37,0,0.0,0.0,0.0,0.0,0.0,True,3,91,0
2333,1,0,1,28,0,0.0,55.0,0.0,656.0,0.0,False,6,82,0
2334,2,0,3,28,1,2.0,2144.0,0.0,435.0,5872.0,False,2,96,0
2335,2,1,3,18,0,0.0,0.0,0.0,0.0,0.0,True,2,96,0
2336,1,0,3,29,0,75.0,17.0,0.0,211.0,506.0,False,7,406,1
2337,2,1,1,29,0,0.0,0.0,0.0,0.0,0.0,True,3,87,1
2338,2,1,3,28,0,0.0,0.0,0.0,0.0,0.0,True,3,87,1
2339,1,0,1,24,0,172.0,775.0,344.0,0.0,0.0,True,6,485,0
2340,2,0,1,59,0,0.0,5407.0,0.0,285.0,1135.0,False,3,88,1
2341,3,1,1,43,0,0.0,0.0,0.0,0.0,0.0,False,5,151,1
2342,3,1,1,20,0,0.0,0.0,0.0,0.0,0.0,True,6,520,1
2343,2,1,3,23,0,0.0,0.0,174.90603284902085,0.0,0.0,True,2,73,1
2344,2,1,3,27,0,0.0,0.0,0.0,308.4769036733407,0.0,True,4,74,1
2345,2,1,3,38,0,0.0,0.0,0.0,0.0,0.0,True,2,74,1
2346,1,1,2,38,0,0.0,0.0,0.0,0.0,0.0,True,7,405,0
2347,3,0,1,48,0,639.0,412.0,110.0,0.0,0.0,True,6,487,0
2348,3,0,1,25,0,1734.0,1.0,189.0,1.0,0.0,False,6,488,0
2349,1,1,2,25,0,0.0,0.0,0.0,0.0,0.0,True,7,407,1
2350,3,0,1,24,0,737.0,37.0,1682.0,0.0,0.0,False,6,489,0
2351,3,1,1,69,0,0.0,0.0,0.0,0.0,0.0,True,6,489,0
2352,2,0,3,20,0,0.0,646.0,0.0,308.4769036733407,1425.0,False,2,75,1
2353,2,1,3,18,0,0.0,0.0,0.0,0.0,0.0,True,2,75,1
2354,1,1,1,28,0,0.0,0.0,0.0,0.0,0.0,False,7,409,1
2355,1,0,2,23,0,0.0,9.0,292.0,35.0,349.0,True,5,152,1
2356,3,0,1,24,0,345.0,0.0,451.0,0.0,582.0,False,5,177,0
2357,2,0,1,44,0,0.0,1482.0,127.0,1555.0,1257.0,False,2,77,1
2358,3,0,1,29,0,834.0,0.0,28.0,117.0,41.0,False,5,153,1
2359,2,0,3,6,0,0.0,0.0,0.0,0.0,0.0,True,2,97,0
2360,2,0,1,42,0,41.0,1912.0,0.0,1899.0,43.0,False,2,97,0
2361,1,1,3,78,0,0.0,0.0,0.0,0.0,0.0,False,7,410,1
2362,1,0,1,36,0,548.0,179.0,24.0,0.0,77.0,False,6,491,0
2363,2,0,3,37,0,0.0,100.0,0.0,1402.0,1462.0,False,6,82,0
2364,2,0,3,41,0,0.0,12809.0,2.0,2835.0,1514.0,True,1,20,1
2365,1,0,1,18,0,852.0,48.0,0.0,7.0,0.0,False,7,407,0
2366,3,0,1,62,0,1663.0,0.0,23.0,2.0,12.0,False,6,522,1
2367,3,0,1,0,0,0.0,0.0,0.0,0.0,0.0,True,6,522,1
2368,3,0,1,55,0,1281.0,0.0,7.0,1.0,0.0,False,6,522,1
2369,1,1,1,16,0,0.0,0.0,0.0,0.0,0.0,True,7,411,1
2370,1,0,1,32,0,238.0,156.0,3.0,2.0,324.0,False,6,523,1
2371,1,0,1,19,0,0.0,1124.0,4.0,0.0,0.0,True,6,492,0
2372,1,0,3,7,0,0.0,0.0,0.0,0.0,306.7894819713431,True,7,408,0
2373,1,0,3,4,0,0.0,0.0,0.0,0.0,0.0,True,7,408,0
2374,2,1,1,30,0,0.0,0.0,0.0,0.0,0.0,True,4,87,0
2375,2,1,3,24,0,0.0,0.0,0.0,0.0,0.0,True,2,78,1
2376,2,1,1,34,0,0.0,0.0,0.0,0.0,0.0,True,2,78,1
2377,2,1,1,30,0,0.0,0.0,0.0,0.0,0.0,True,3,92,0
2378,3,0,1,3,0,0.0,0.0,0.0,0.0,0.0,True,6,525,1
2379,3,0,1,32,0,0.0,0.0,0.0,0.0,0.0,True,6,525,1
2380,3,0,1,55,0,403.0,0.0,922.0,0.0,0.0,True,6,525,1
2381,3,1,1,0,0,0.0,0.0,0.0,0.0,0.0,True,6,525,1
2382,2,0,1,51,0,0.0,1949.0,0.0,2549.0,39.0,False,6,82,0
2383,1,1,2,0,0,0.0,0.0,0.0,0.0,0.0,True,7,412,1
2384,1,0,1,21,0,882.0,0.0,0.0,308.4769036733407,0.0,False,7,412,1
2385,1,0,1,2,0,0.0,0.0,0.0,0.0,0.0,False,7,412,1
2386,1,0,1,19,0,194.0,44.0,0.0,549.0,1.0,False,5,178,0
2387,3,1,1,24,0,0.0,0.0,0.0,0.0,0.0,True,6,526,1
2388,3,0,1,20,0,2502.0,0.0,96.0,0.0,0.0,False,6,526,1
2389,2,0,1,42,0,2.0,3024.0,0.0,89.0,10.0,True,5,179,0
2390,3,1,1,17,0,0.0,0.0,0.0,0.0,0.0,True,6,527,1
2391,3,0,1,32,0,598.0,0.0,138.0,0.0,624.0,False,5,155,1
2392,1,0,1,28,0,145.0,8.0,557.0,0.0,74.0,True,7,414,1
2393,2,1,3,21,0,0.0,0.0,0.0,0.0,0.0,True,3,93,0
2394,2,1,3,56,1,0.0,0.0,0.0,0.0,0.0,True,3,93,0
2395,2,1,3,28,0,0.0,0.0,0.0,0.0,0.0,True,3,90,1
2396,1,0,1,42,0,10.0,303.0,12.0,0.0,478.0,False,6,496,0
2397,1,0,1,18,0,1153.0,0.0,0.0,1409.0,195.0,False,6,498,0
2398,1,0,1,24,0,19.0,676.0,0.0,26.0,0.0,False,7,412,0
2399,1,0,1,20,0,496.0,20.0,16.0,0.0,254.0,False,5,156,1
2400,1,0,1,22,0,26.0,0.0,0.0,0.0,733.0,False,6,531,1
2401,1,0,1,22,0,98.0,0.0,46.0,641.0,0.0,False,7,415,1
2402,1,0,2,21,0,0.0,0.0,174.90603284902085,0.0,0.0,False,7,417,1
2403,1,0,1,28,0,4.0,166.0,743.0,0.0,0.0,True,7,419,1
2404,2,1,1,26,0,0.0,0.0,0.0,0.0,0.0,True,3,91,1
2405,2,1,3,50,0,0.0,0.0,0.0,0.0,0.0,True,3,91,1
2406,2,0,1,26,0,0.0,8150.0,0.0,3508.0,99.0,False,3,91,1
2407,2,0,1,30,1,0.0,632.0,0.0,673.0,2272.0,False,3,91,1
2408,2,1,1,29,0,0.0,0.0,0.0,0.0,0.0,True,3,91,1
2409,1,0,1,8,0,0.0,0.0,0.0,0.0,0.0,False,7,420,1
2410,1,0,1,45,0,406.0,148.0,285.0,0.0,0.0,False,7,420,1
2411,1,1,2,35,0,0.0,0.0,0.0,0.0,0.0,True,7,420,1
2412,1,0,2,18,0,9.0,419.0,0.0,201.0,7.0,False,6,499,0
2413,1,0,1,23,0,0.0,121.0,0.0,568.0,128.0,False,7,413,0
2414,3,0,1,29,1,803.0,0.0,0.0,58.0,0.0,False,4,75,1
2415,3,0,1,18,0,1102.0,9.0,2628.0,0.0,0.0,False,4,75,1
2416,1,0,1,28,0,804.0,2.0,13.0,0.0,62.0,False,7,421,1
2417,2,1,1,34,0,0.0,0.0,0.0,0.0,0.0,True,2,98,0
2418,3,0,3,0,0,0.0,0.0,0.0,0.0,0.0,True,6,533,1
2419,3,0,1,4,0,0.0,0.0,0.0,0.0,0.0,True,6,533,1
2420,3,0,1,28,0,938.0,61.0,0.0,53.0,4.0,False,4,76,1
2421,3,0,1,8,0,0.0,0.0,0.0,0.0,0.0,True,6,533,1
2422,3,0,1,20,0,59.0,0.0,1646.0,1657.0,0.0,False,4,77,1
2423,3,1,1,20,0,0.0,0.0,0.0,0.0,0.0,True,6,534,1
2424,3,1,1,25,0,0.0,0.0,0.0,0.0,0.0,True,6,500,0
2425,1,0,3,31,0,995.0,7.0,1213.0,0.0,687.0,False,6,500,0
2426,3,0,1,37,0,27.0,0.0,1131.0,0.0,1318.0,False,6,535,1
2427,1,1,1,21,0,0.0,0.0,0.0,0.0,0.0,False,6,82,0
2428,3,1,1,24,0,0.0,0.0,0.0,0.0,0.0,True,6,536,1
2429,3,1,1,34,0,0.0,0.0,0.0,0.0,0.0,False,5,158,1
2430,3,0,3,0,0,0.0,0.0,0.0,0.0,0.0,True,5,158,1
2431,3,1,1,25,0,0.0,0.0,0.0,0.0,0.0,False,5,158,1
2432,3,1,3,43,0,0.0,0.0,0.0,0.0,0.0,True,4,88,0
2433,1,0,1,28,0,900.0,0.0,0.0,0.0,1.0,False,6,537,1
2434,1,0,1,45,0,10.0,16.0,801.0,73.0,306.7894819713431,False,6,537,1
2435,2,1,1,63,0,0.0,0.0,0.0,0.0,0.0,True,2,99,0
2436,2,1,1,17,0,0.0,0.0,0.0,0.0,0.0,True,2,99,0
2437,2,0,3,35,0,0.0,1471.0,2.0,445.0,533.0,True,2,99,0
2438,2,0,1,12,0,0.0,0.0,0.0,0.0,0.0,True,2,99,0
2439,1,1,2,28,0,0.0,0.0,0.0,0.0,0.0,True,7,416,0
2440,1,0,1,17,0,0.0,604.0,0.0,0.0,218.0,False,6,541,1
2441,1,0,2,32,0,59.0,0.0,469.0,0.0,0.0,False,7,424,1
2442,1,1,1,23,0,0.0,0.0,0.0,0.0,0.0,True,5,159,1
2443,1,0,3,17,0,2000.0,0.0,0.0,0.0,0.0,False,6,504,0
2444,1,0,3,34,0,492.0,0.0,13.0,55.0,0.0,False,6,505,0
2445,1,0,1,15,0,0.0,0.0,875.0,3.0,306.7894819713431,False,6,542,1
2446,1,1,1,14,0,0.0,0.0,0.0,0.0,0.0,True,7,426,1
2447,1,0,1,22,0,0.0,1.0,271.0,0.0,1348.0,False,5,160,1
2448,1,0,1,19,0,232.0,0.0,479.0,0.0,5.0,False,6,543,1
2449,1,0,2,40,0,0.0,228.0,5.0,454.0,1.0,False,6,544,1
2450,2,1,3,25,0,0.0,0.0,0.0,0.0,0.0,True,1,21,1
2451,2,0,3,51,0,0.0,6.0,0.0,2085.0,67.0,False,1,21,1
2452,1,0,1,22,0,91.0,6.0,0.0,17.0,693.0,False,7,427,1
2453,3,1,3,50,0,0.0,0.0,0.0,0.0,0.0,True,6,545,1
2454,1,0,3,26,0,0.0,0.0,0.0,0.0,306.7894819713431,False,7,428,1
2455,3,1,1,39,0,0.0,0.0,0.0,0.0,306.7894819713431,True,6,508,0
2456,3,0,1,18,0,1867.0,0.0,29.0,72.0,306.7894819713431,True,4,78,1
2457,1,0,1,22,0,222.89785157787045,0.0,137.0,671.0,306.7894819713431,False,7,419,0
2458,1,0,1,26,0,0.0,29.0,0.0,759.0,0.0,False,5,181,0
2459,1,0,1,19,0,0.0,0.0,0.0,0.0,1051.0,False,6,510,0
2460,1,1,2,16,0,0.0,0.0,0.0,0.0,0.0,False,7,420,0
2461,1,0,1,24,0,0.0,0.0,17.0,0.0,793.0,False,7,430,1
2462,1,0,2,34,0,122.0,0.0,6.0,739.0,0.0,False,6,511,0
2463,2,0,1,55,0,0.0,815.0,1558.0,3.0,1334.0,True,3,95,0
2464,2,0,1,42,0,3.0,2174.0,0.0,10860.0,2564.0,False,3,95,0
2465,2,1,1,14,0,0.0,0.0,0.0,0.0,0.0,True,3,95,0
2466,2,0,3,28,0,0.0,3053.0,0.0,839.0,2153.0,True,3,95,0
2467,2,1,3,26,0,0.0,0.0,0.0,0.0,0.0,True,3,95,0
2468,2,0,3,33,0,0.0,286.0,1795.0,712.0,7041.0,False,2,80,1
2469,1,0,1,24,0,0.0,0.0,0.0,636.0,68.0,False,6,547,1
2470,1,0,1,23,0,490.0,313.0,0.0,6.0,0.0,False,7,421,0
2471,3,0,1,16,0,46.0,0.0,1994.0,0.0,677.0,False,4,79,1
2472,1,1,1,36,0,0.0,0.0,0.0,0.0,0.0,False,7,431,1
2473,2,1,3,44,0,0.0,0.0,0.0,0.0,0.0,True,2,100,0
2474,1,0,1,22,0,0.0,0.0,670.0,0.0,32.0,True,6,513,0
2475,1,1,1,30,0,0.0,0.0,0.0,0.0,0.0,False,7,422,0
2476,1,0,1,20,0,0.0,27.0,1.0,686.0,1.0,False,6,514,0
2477,1,0,1,21,0,366.0,1136.0,795.0,132.0,0.0,False,6,549,1
2478,3,0,1,14,0,222.89785157787045,0.0,0.0,0.0,0.0,True,5,182,0
2479,1,0,1,27,0,0.0,0.0,174.90603284902085,2.0,1215.0,False,6,550,1
2480,1,0,1,19,0,1.0,4.0,0.0,750.0,3.0,False,6,515,0
2481,1,1,1,21,0,0.0,0.0,0.0,0.0,0.0,True,7,423,0
2482,3,0,3,28,0,1722.0,4.0,937.0,0.0,0.0,False,6,551,1
2483,1,0,3,13,0,0.0,0.0,0.0,4.0,811.0,True,6,552,1
2484,3,1,2,71,0,0.0,0.0,0.0,0.0,0.0,True,5,183,0
2485,3,1,1,28,0,0.0,0.0,0.0,0.0,0.0,False,5,184,0
2486,3,0,3,18,0,1874.0,0.0,260.0,0.0,0.0,False,5,184,0
2487,1,0,3,23,0,29.0,34.0,1.0,2838.0,0.0,False,6,516,0
2488,1,0,3,34,0,0.0,382.0,0.0,87.0,236.0,False,7,424,0
2489,1,0,1,20,0,4.0,790.0,0.0,15.0,0.0,False,7,432,1
2490,1,0,3,17,0,0.0,33.0,0.0,56.0,708.0,False,6,554,1
2491,1,0,2,21,0,970.0,0.0,213.0,8.0,86.0,False,6,555,1
2492,2,0,1,33,0,0.0,1554.0,3813.0,0.0,1435.0,True,3,97,0
2493,2,0,3,34,0,3551.0,1284.0,1865.0,90.0,0.0,True,2,81,1
2494,2,0,1,51,0,0.0,302.0,0.0,1367.0,669.0,False,4,90,0
2495,1,0,1,21,0,0.0,680.0,0.0,10.0,0.0,True,6,517,0
2496,1,1,1,28,0,0.0,0.0,0.0,0.0,0.0,False,7,426,0
2497,1,0,1,31,0,880.0,0.0,0.0,8.0,0.0,False,7,434,1
2498,2,0,1,36,0,2.0,1297.0,0.0,4.0,0.0,True,1,32,0
2499,2,0,1,39,0,0.0,7116.0,0.0,13208.0,1515.0,False,2,83,1
2500,1,0,1,26,0,886.0,0.0,0.0,0.0,21.0,False,7,435,1
2501,1,0,1,51,0,0.0,1347.0,0.0,43.0,0.0,True,6,556,1
2502,1,0,1,24,0,13.0,193.0,0.0,0.0,591.0,False,6,557,1
2503,1,0,3,27,0,339.0,104.0,116.0,160.0,0.0,True,5,185,0
2504,1,0,1,31,0,0.0,243.0,1.0,559.0,0.0,False,6,558,1
2505,1,0,1,24,0,0.0,0.0,21.0,0.0,695.0,False,6,82,0
2506,2,0,1,57,0,0.0,1514.0,0.0,72.0,1393.0,False,1,22,1
2507,2,0,3,36,1,11.0,79.0,0.0,210.0,1895.0,False,1,22,1
2508,2,0,1,55,0,0.0,846.0,0.0,263.0,2024.0,False,1,22,1
2509,2,1,3,28,0,0.0,0.0,0.0,0.0,0.0,False,1,22,1
2510,3,0,1,18,0,947.0,0.0,4.0,4.0,0.0,False,5,186,0
2511,3,0,1,27,0,1893.0,487.0,4.0,0.0,0.0,False,4,91,0
2512,2,0,1,50,0,0.0,2684.0,0.0,153.0,1751.0,False,3,94,1
2513,1,0,1,24,0,45.0,138.0,1.0,0.0,530.0,False,6,520,0
2514,1,1,2,20,0,0.0,0.0,0.0,0.0,0.0,True,7,428,0
2515,1,1,1,24,0,0.0,0.0,0.0,0.0,0.0,True,7,437,1
2516,1,0,1,18,0,0.0,617.0,0.0,0.0,10.0,False,7,429,0
2517,1,0,1,44,0,1178.0,1.0,348.0,0.0,0.0,False,6,521,0
2518,2,1,3,27,0,0.0,0.0,0.0,0.0,0.0,True,2,102,0
2519,2,0,1,58,0,1113.0,1650.0,0.0,194.0,510.0,True,2,103,0
2520,2,1,2,29,0,0.0,0.0,0.0,0.0,0.0,True,2,103,0
2521,1,0,2,23,0,3.0,548.0,37.0,0.0,12.0,True,6,522,0
2522,3,1,1,3,0,0.0,0.0,0.0,0.0,0.0,True,6,523,0
2523,3,0,1,0,0,0.0,0.0,0.0,0.0,0.0,True,6,523,0
2524,3,0,1,33,0,361.0,0.0,381.0,1622.0,0.0,False,6,523,0
2525,3,0,1,12,0,0.0,0.0,0.0,0.0,0.0,True,6,523,0
2526,2,1,1,44,0,0.0,0.0,0.0,0.0,0.0,True,2,105,0
2527,1,1,1,20,0,0.0,0.0,0.0,0.0,0.0,True,7,438,1
2528,1,0,3,59,0,269.0,1776.0,0.0,0.0,12.0,False,6,561,1
2529,1,0,1,18,0,130.0,0.0,13.0,191.0,554.0,False,7,431,0
2530,2,1,1,72,0,0.0,0.0,0.0,0.0,0.0,True,2,106,0
2531,1,0,2,23,0,171.0,2373.0,1.0,30.0,985.0,False,7,439,1
2532,1,0,1,11,0,0.0,0.0,0.0,0.0,0.0,False,7,439,1
2533,1,1,1,1,0,0.0,0.0,0.0,0.0,0.0,True,7,439,1
2534,1,0,2,25,0,21.0,746.0,55.0,0.0,4.0,False,6,563,1
2535,3,1,3,25,0,0.0,0.0,0.0,0.0,0.0,True,4,93,0
2536,2,1,1,24,0,0.0,0.0,0.0,0.0,0.0,True,3,99,0
2537,2,0,1,54,0,0.0,5876.0,0.0,0.0,914.0,True,3,99,0
2538,3,1,3,17,0,0.0,0.0,0.0,0.0,0.0,True,6,564,1
2539,3,0,1,48,0,1200.0,0.0,38.0,48.0,0.0,False,6,564,1
2540,1,0,1,40,0,0.0,0.0,362.0,272.0,0.0,False,6,565,1
2541,1,1,1,2,0,0.0,0.0,0.0,0.0,0.0,False,7,440,1
2542,1,0,1,32,0,0.0,9.0,11.0,784.0,63.0,False,6,525,0
2543,1,1,1,15,0,0.0,0.0,0.0,0.0,0.0,True,7,432,0
2544,1,1,1,52,0,0.0,0.0,0.0,0.0,0.0,True,7,433,0
2545,1,0,1,16,0,0.0,1115.0,0.0,1674.0,132.0,False,6,527,0
2546,1,1,1,16,0,0.0,451.96167494677076,0.0,0.0,0.0,True,7,433,0
2547,1,1,3,16,0,0.0,0.0,0.0,0.0,0.0,True,7,435,0
2548,1,0,3,6,0,0.0,0.0,0.0,0.0,0.0,False,7,435,0
2549,3,0,1,10,0,0.0,0.0,0.0,0.0,0.0,True,6,567,1
2550,3,0,1,27,1,1709.0,4.0,24.0,0.0,0.0,False,4,81,1
2551,2,0,3,45,0,0.0,726.0,0.0,281.0,1257.0,True,3,100,0
2552,2,0,1,26,0,2381.0,1772.0,0.0,0.0,2618.0,False,3,100,0
2553,3,0,1,29,0,1049.0,0.0,0.0,0.0,0.0,False,5,187,0
2554,1,1,2,38,0,0.0,0.0,0.0,308.4769036733407,0.0,True,7,442,1
2555,1,0,1,19,0,1.0,143.0,0.0,254.0,107.0,True,5,163,1
2556,3,0,1,43,0,471.0,0.0,133.0,2.0,692.0,False,5,164,1
2557,1,0,1,15,0,746.0,0.0,2.0,0.0,11.0,False,6,528,0
2558,3,0,1,31,0,1511.0,0.0,310.0,0.0,0.0,False,6,568,1
2559,3,0,1,52,0,758.0,0.0,356.0,5.0,0.0,False,6,569,1
2560,3,0,1,49,0,0.0,0.0,0.0,0.0,0.0,True,6,570,1
2561,1,0,3,29,0,143.0,548.0,0.0,0.0,0.0,True,6,529,0
2562,1,0,1,18,0,600.0,0.0,0.0,179.0,11.0,True,6,571,1
2563,3,1,1,41,0,0.0,0.0,0.0,0.0,0.0,True,6,530,0
2564,1,0,1,9,0,0.0,0.0,0.0,0.0,0.0,False,7,444,1
2565,1,1,2,28,0,0.0,0.0,0.0,0.0,0.0,False,7,444,1
2566,1,0,1,58,0,0.0,82.0,0.0,758.0,0.0,True,5,165,1
2567,1,0,2,39,0,0.0,0.0,0.0,0.0,907.0,False,5,188,0
2568,1,0,1,13,0,911.0,1.0,0.0,74.0,0.0,False,5,166,1
2569,2,1,3,36,0,0.0,0.0,0.0,0.0,0.0,True,2,85,1
2570,3,0,3,23,0,253.0,0.0,0.0,888.0,0.0,False,6,572,1
2571,1,1,2,24,0,222.89785157787045,0.0,0.0,0.0,0.0,True,7,446,1
2572,1,0,1,33,0,0.0,0.0,170.0,14.0,810.0,False,5,167,1
2573,1,0,1,18,0,0.0,0.0,0.0,0.0,0.0,False,7,438,0
2574,1,1,1,2,0,0.0,0.0,0.0,0.0,0.0,False,7,438,0
2575,1,1,1,0,0,0.0,0.0,0.0,0.0,0.0,True,7,438,0
2576,1,0,1,36,0,625.0,0.0,260.0,0.0,0.0,False,7,439,0
2577,1,0,3,15,0,254.0,0.0,10.0,180.0,0.0,False,7,439,0
2578,1,0,1,31,0,91.0,756.0,0.0,0.0,12.0,True,5,168,1
2579,1,0,1,42,0,0.0,0.0,213.0,166.0,1209.0,True,5,189,0
2580,3,0,1,27,0,1502.0,1.0,0.0,0.0,0.0,False,6,532,0
2581,1,0,1,36,0,123.0,3.0,174.90603284902085,7.0,0.0,True,6,533,0
2582,1,0,1,0,0,0.0,0.0,0.0,0.0,0.0,False,7,442,0
2583,1,1,1,3,0,0.0,0.0,0.0,0.0,0.0,False,7,442,0
2584,1,0,2,22,0,0.0,837.0,192.0,0.0,306.7894819713431,False,6,573,1
2585,1,0,1,56,0,0.0,1721.0,0.0,96.0,0.0,False,7,443,0
2586,1,0,1,23,0,0.0,0.0,0.0,757.0,0.0,False,7,444,0
2587,3,0,1,25,0,314.0,2.0,648.0,92.0,0.0,False,4,94,0
2588,1,0,1,29,0,3.0,0.0,3.0,0.0,697.0,False,6,575,1
2589,1,0,1,17,0,0.0,1195.0,31.0,0.0,0.0,False,6,575,1
2590,1,0,1,13,0,412.0,4.0,0.0,0.0,551.0,False,6,575,1
2591,3,0,1,35,0,2301.0,0.0,414.0,308.4769036733407,0.0,True,4,82,1
2592,3,1,3,53,0,222.89785157787045,0.0,0.0,0.0,0.0,True,6,576,1
2593,1,0,1,24,0,14.0,702.0,0.0,0.0,0.0,False,6,578,1
2594,1,1,1,38,0,0.0,0.0,0.0,0.0,0.0,False,7,447,1
2595,2,1,3,21,0,0.0,0.0,0.0,0.0,0.0,True,4,83,1
2596,2,0,3,29,0,2.0,8.0,0.0,2864.0,155.0,False,4,83,1
2597,1,0,1,46,0,0.0,0.0,1661.0,52.0,8.0,True,7,448,1
2598,2,1,1,58,0,222.89785157787045,0.0,0.0,0.0,0.0,True,3,102,0
2599,1,0,2,53,0,0.0,1.0,0.0,195.0,493.0,True,5,190,0
2600,1,0,3,21,0,13.0,451.96167494677076,1098.0,64.0,1.0,False,6,535,0
2601,1,1,2,27,0,0.0,0.0,0.0,0.0,0.0,False,7,449,1
2602,1,1,1,31,0,0.0,0.0,0.0,0.0,0.0,False,7,450,1
2603,2,1,3,23,0,0.0,0.0,0.0,0.0,0.0,True,2,86,1
2604,2,0,3,41,0,0.0,320.0,4333.0,1313.0,51.0,False,2,86,1
2605,2,0,1,29,0,3.0,933.0,0.0,674.0,731.0,False,2,86,1
2606,2,0,3,54,0,0.0,37.0,0.0,4689.0,0.0,False,2,86,1
2607,2,0,3,43,0,0.0,9923.0,660.0,10.0,266.0,True,2,86,1
2608,1,1,2,36,0,0.0,0.0,0.0,0.0,0.0,True,7,446,0
2609,1,0,1,48,0,784.0,87.0,0.0,0.0,1.0,True,5,169,1
2610,2,0,1,34,0,10.0,5659.0,15.0,3.0,0.0,True,3,103,0
2611,2,0,1,42,0,0.0,802.0,0.0,2622.0,671.0,False,3,103,0
2612,1,0,3,17,0,0.0,0.0,0.0,863.0,0.0,False,6,536,0
2613,1,0,1,22,0,0.0,0.0,0.0,0.0,1345.0,False,6,580,1
2614,2,0,1,37,0,6.0,437.0,174.90603284902085,54.0,3030.0,False,1,23,1
2615,2,1,3,38,0,0.0,0.0,0.0,0.0,0.0,True,1,23,1
2616,1,0,1,21,0,3.0,0.0,0.0,881.0,0.0,False,7,447,0
2617,1,1,2,23,0,0.0,0.0,0.0,0.0,0.0,True,7,447,0
2618,2,0,1,27,0,1.0,767.0,0.0,13104.0,3657.0,False,2,87,1
2619,1,0,1,23,0,18.0,2595.0,0.0,0.0,122.0,True,6,581,1
2620,1,0,1,19,0,0.0,0.0,366.0,268.0,0.0,False,6,582,1
2621,3,0,1,28,0,948.0,0.0,64.0,170.0,0.0,False,4,95,0
2622,1,0,1,33,0,0.0,0.0,154.0,22.0,820.0,False,5,171,1
2623,1,1,2,24,0,0.0,0.0,0.0,0.0,0.0,False,7,452,1
2624,1,1,1,0,0,0.0,0.0,0.0,0.0,0.0,True,7,452,1
2625,1,1,1,41,0,0.0,0.0,0.0,0.0,0.0,True,7,453,1
2626,1,1,1,19,0,0.0,0.0,0.0,0.0,0.0,False,7,454,1
2627,1,0,1,44,0,0.0,0.0,0.0,0.0,871.0,False,6,537,0
2628,3,0,3,43,0,803.0,0.0,384.0,120.0,0.0,True,6,538,0
2629,1,1,1,14,0,0.0,0.0,0.0,0.0,0.0,True,7,449,0
2630,1,1,2,18,0,0.0,0.0,0.0,0.0,0.0,True,7,455,1
2631,1,0,1,25,0,237.0,0.0,910.0,0.0,12.0,False,6,584,1
2632,3,0,1,0,0,0.0,0.0,0.0,0.0,0.0,True,6,585,1
2633,3,1,3,4,0,0.0,0.0,0.0,0.0,0.0,True,6,585,1
2634,3,0,1,24,0,165.0,0.0,981.0,2.0,0.0,True,6,585,1
2635,1,0,1,38,0,77.0,169.0,0.0,0.0,470.0,False,6,586,1
2636,1,1,1,44,0,0.0,0.0,0.0,0.0,0.0,True,7,457,1
2637,1,1,3,57,0,0.0,0.0,0.0,0.0,0.0,True,7,458,1
2638,1,1,3,3,0,0.0,0.0,174.90603284902085,0.0,0.0,True,7,450,0
2639,1,0,1,5,0,0.0,0.0,0.0,0.0,306.7894819713431,False,7,450,0
2640,1,1,3,3,0,0.0,451.96167494677076,0.0,0.0,0.0,True,7,450,0
2641,1,1,1,18,0,0.0,0.0,0.0,0.0,0.0,True,7,450,0
2642,1,1,1,8,0,0.0,0.0,0.0,0.0,0.0,False,7,450,0
2643,3,1,1,21,0,0.0,0.0,0.0,0.0,0.0,True,6,587,1
2644,2,1,3,35,0,0.0,0.0,0.0,0.0,0.0,True,3,104,0
2645,3,0,1,47,0,0.0,0.0,0.0,0.0,0.0,True,6,539,0
2646,2,0,3,28,0,1581.0,213.0,0.0,18.0,3051.0,False,3,96,1
2647,2,0,1,49,0,20.0,6807.0,174.0,3538.0,2473.0,False,3,96,1
2648,2,0,1,23,0,0.0,824.0,0.0,495.0,1479.0,True,4,86,1
2649,2,0,1,19,0,0.0,1.0,0.0,2085.0,55.0,False,4,86,1
2650,1,0,1,34,0,0.0,250.0,23.0,0.0,514.0,False,5,173,1
2651,2,0,1,40,1,0.0,11.0,0.0,2205.0,1295.0,True,3,105,0
2652,2,0,3,26,1,0.0,186.0,174.90603284902085,548.0,5058.0,False,1,24,1
2653,1,0,2,23,0,0.0,0.0,174.90603284902085,3.0,1919.0,False,6,588,1
2654,3,0,1,22,0,0.0,0.0,0.0,0.0,0.0,False,5,174,1
2655,2,0,1,51,0,1.0,3935.0,0.0,146.0,0.0,True,3,107,0
2656,1,0,3,44,0,672.0,0.0,0.0,0.0,20.0,False,6,540,0
2657,3,0,1,50,0,357.0,0.0,657.0,0.0,0.0,False,5,175,1
2658,1,1,1,28,0,0.0,0.0,0.0,0.0,0.0,True,7,452,0
2659,1,1,1,13,0,0.0,0.0,0.0,0.0,0.0,True,7,464,1
2660,1,0,1,21,0,33.0,126.0,0.0,461.0,0.0,False,7,465,1
2661,1,0,1,20,0,56.0,757.0,111.0,0.0,0.0,True,6,544,0
2662,1,0,3,14,0,0.0,451.96167494677076,14.0,692.0,809.0,False,6,591,1
2663,2,0,3,38,0,0.0,896.0,0.0,308.4769036733407,4168.0,False,3,108,0
2664,1,0,2,29,0,631.0,451.96167494677076,0.0,40.0,0.0,False,6,545,0
2665,2,1,1,36,0,0.0,0.0,0.0,0.0,0.0,True,3,109,0
2666,2,1,1,16,0,0.0,0.0,0.0,0.0,0.0,True,3,109,0
2667,2,1,1,40,0,0.0,451.96167494677076,0.0,0.0,0.0,True,3,109,0
2668,2,1,3,28,0,0.0,0.0,0.0,0.0,0.0,True,3,98,1
2669,1,0,2,18,0,154.0,22.0,77.0,1053.0,0.0,True,6,546,0
2670,1,0,1,17,0,5.0,756.0,0.0,0.0,0.0,True,6,547,0
2671,3,1,1,32,0,0.0,0.0,0.0,0.0,0.0,True,5,193,0
2672,1,0,1,27,0,0.0,2.0,49.0,0.0,801.0,False,7,466,1
2673,3,0,1,34,0,2904.0,23.0,7.0,0.0,81.0,False,4,88,1
2674,3,0,1,53,0,520.0,0.0,442.0,0.0,0.0,True,4,88,1
2675,2,1,1,36,1,0.0,0.0,0.0,0.0,0.0,True,3,110,0
2676,3,0,1,41,0,71.0,0.0,1617.0,31.0,0.0,False,4,89,1
2677,3,0,1,51,0,819.0,4.0,92.0,38.0,0.0,False,5,176,1
2678,1,1,2,61,0,0.0,0.0,0.0,0.0,0.0,True,7,467,1
2679,1,0,1,59,0,0.0,0.0,1.0,920.0,1.0,True,7,454,0
2680,2,1,1,17,0,0.0,0.0,0.0,308.4769036733407,0.0,True,2,88,1
2681,2,1,1,27,0,0.0,0.0,0.0,0.0,0.0,True,2,88,1
2682,1,0,2,57,0,0.0,1431.0,0.0,30.0,337.0,True,7,455,0
2683,3,0,3,39,0,2127.0,451.96167494677076,23.0,0.0,0.0,False,5,194,0
2684,2,1,3,55,0,0.0,0.0,0.0,0.0,0.0,True,2,107,0
2685,1,0,1,42,0,173.0,656.0,0.0,0.0,23.0,False,7,456,0
2686,1,0,1,36,0,418.0,40.0,7.0,338.0,0.0,False,6,592,1
2687,3,0,1,42,0,44.0,0.0,3648.0,0.0,9.0,True,6,593,1
2688,1,1,2,32,0,0.0,0.0,0.0,0.0,0.0,False,7,468,1
2689,1,0,3,6,0,0.0,0.0,0.0,0.0,0.0,False,7,457,0
2690,1,1,1,15,0,0.0,0.0,0.0,0.0,0.0,False,7,458,0
2691,1,0,1,28,0,0.0,93.0,1282.0,0.0,0.0,True,6,595,1
2692,3,0,1,37,0,912.0,0.0,0.0,308.4769036733407,0.0,False,4,90,1
2693,1,0,1,44,0,0.0,0.0,744.0,62.0,3.0,False,7,459,0
2694,3,0,1,71,1,901.0,0.0,1698.0,0.0,0.0,False,6,597,1
2695,2,0,1,44,0,0.0,351.0,0.0,3.0,3447.0,False,2,89,1
2696,2,1,1,36,0,0.0,0.0,0.0,0.0,0.0,True,2,89,1
2697,1,0,1,18,0,4.0,904.0,0.0,0.0,1.0,False,7,460,0
2698,1,0,2,3,0,0.0,0.0,0.0,0.0,0.0,True,7,469,1
2699,1,1,3,12,0,0.0,0.0,0.0,0.0,0.0,False,7,469,1
2700,1,1,3,0,0,0.0,0.0,0.0,0.0,0.0,True,7,469,1
2701,1,0,1,29,0,0.0,1311.0,0.0,0.0,0.0,False,6,598,1
2702,1,0,1,9,0,0.0,0.0,0.0,0.0,0.0,False,7,469,1
2703,1,0,3,27,0,688.0,307.0,779.0,0.0,19.0,False,7,470,1
2704,1,0,2,24,0,0.0,0.0,443.0,244.0,1.0,False,6,599,1
2705,1,0,1,38,0,1.0,0.0,288.0,0.0,556.0,True,7,461,0
2706,3,0,1,28,0,523.0,0.0,0.0,970.0,0.0,False,6,600,1
2707,3,1,1,26,0,0.0,0.0,0.0,0.0,0.0,True,6,82,0
2708,1,0,1,16,0,0.0,20.0,0.0,300.0,681.0,False,6,601,1
2709,1,0,2,24,0,222.89785157787045,2.0,25.0,308.4769036733407,707.0,True,6,601,1
2710,1,0,1,33,0,123.0,760.0,0.0,0.0,0.0,False,7,471,1
2711,1,0,3,24,0,489.0,0.0,174.90603284902085,0.0,0.0,False,7,462,0
2712,1,0,1,29,0,1.0,0.0,133.0,104.0,574.0,False,7,463,0
2713,1,0,1,25,0,0.0,9.0,2005.0,0.0,5.0,True,6,552,0
2714,1,0,1,0,0,0.0,0.0,0.0,0.0,0.0,False,7,464,0
2715,1,0,1,13,0,649.0,2.0,0.0,124.0,143.0,False,6,553,0
2716,1,1,3,7,0,0.0,0.0,0.0,0.0,0.0,False,7,473,1
2717,1,0,2,32,0,0.0,0.0,736.0,0.0,0.0,False,6,602,1
2718,3,1,1,34,0,0.0,0.0,0.0,0.0,0.0,False,5,178,1
2719,3,0,1,49,0,21.0,25.0,1509.0,0.0,1042.0,False,6,603,1
2720,3,0,1,43,0,13.0,2119.0,315.0,0.0,261.0,True,4,96,0
2721,3,0,1,0,0,0.0,0.0,0.0,0.0,0.0,True,6,555,0
2722,3,1,1,6,0,222.89785157787045,0.0,0.0,0.0,0.0,True,6,555,0
2723,1,0,1,23,0,0.0,179.0,569.0,0.0,0.0,True,6,606,1
2724,3,0,1,43,0,336.0,11.0,796.0,15.0,0.0,True,6,609,1
2725,3,1,3,23,0,0.0,0.0,0.0,0.0,0.0,True,6,609,1
2726,3,0,1,43,0,828.0,25.0,545.0,107.0,0.0,False,6,82,0
2727,3,1,3,41,0,0.0,0.0,0.0,0.0,0.0,True,6,611,1
2728,2,0,3,54,1,0.0,2062.0,2.0,19.0,1618.0,False,2,92,1
2729,2,1,1,51,0,0.0,0.0,174.90603284902085,0.0,0.0,True,2,92,1
2730,2,1,1,44,0,0.0,0.0,0.0,0.0,0.0,True,2,92,1
2731,1,1,2,48,0,0.0,0.0,0.0,0.0,0.0,True,7,467,0
2732,1,0,1,45,0,222.89785157787045,9.0,0.0,857.0,16.0,False,7,474,1
2733,1,0,2,20,0,0.0,689.0,0.0,0.0,0.0,False,6,557,0
2734,2,0,1,33,0,0.0,28.0,0.0,6841.0,543.0,False,8,2,1
2735,1,0,1,21,0,15.0,30.0,11.0,2.0,388.0,False,7,468,0
2736,2,1,1,68,0,0.0,0.0,0.0,0.0,0.0,True,3,100,1
2737,1,0,2,23,0,5.0,308.0,363.0,7.0,0.0,True,6,615,1
2738,1,0,1,16,0,24.0,0.0,13.0,717.0,0.0,False,7,477,1
2739,1,0,1,35,0,198.0,44.0,97.0,30.0,510.0,False,6,558,0
2740,1,1,1,22,0,0.0,0.0,0.0,0.0,0.0,False,7,478,1
2741,1,0,1,51,0,214.0,3.0,16.0,569.0,0.0,False,6,559,0
2742,1,0,2,2,0,222.89785157787045,0.0,0.0,0.0,0.0,False,7,469,0
2743,1,1,3,29,0,0.0,0.0,0.0,0.0,0.0,False,7,469,0
2744,1,0,1,0,0,0.0,0.0,0.0,0.0,0.0,True,7,469,0
2745,1,1,3,39,0,0.0,0.0,0.0,0.0,0.0,True,7,479,1
2746,2,0,1,55,0,0.0,1971.0,77.0,577.0,1050.0,True,3,112,0
2747,1,1,1,22,0,0.0,0.0,0.0,308.4769036733407,0.0,False,7,482,1
2748,1,0,1,20,0,310.0,0.0,374.0,0.0,5.0,False,6,617,1
2749,1,0,3,25,0,0.0,641.0,0.0,2.0,0.0,True,5,179,1
2750,1,0,3,18,0,235.0,0.0,101.0,0.0,316.0,True,6,619,1
2751,1,0,2,28,0,3.0,141.0,0.0,0.0,1689.0,False,7,470,0
2752,1,0,1,26,0,1822.0,0.0,4.0,107.0,1204.0,False,6,561,0
2753,1,0,2,28,0,1.0,0.0,933.0,614.0,0.0,False,6,620,1
2754,1,0,1,54,0,222.89785157787045,451.96167494677076,0.0,0.0,0.0,False,6,562,0
2755,1,0,1,56,0,0.0,54.0,0.0,724.0,0.0,False,6,621,1
2756,3,0,1,25,0,1228.0,0.0,132.0,0.0,0.0,False,5,180,1
2757,2,0,1,26,0,2050.0,8525.0,0.0,270.0,636.0,False,1,35,0
2758,1,0,1,14,0,0.0,0.0,709.0,258.0,3.0,False,6,622,1
2759,1,0,1,21,0,2.0,417.0,323.0,0.0,84.0,True,5,181,1
2760,1,1,1,43,0,0.0,451.96167494677076,0.0,0.0,0.0,True,7,485,1
2761,1,0,1,37,0,221.0,0.0,32.0,38.0,516.0,False,7,486,1
2762,1,0,1,28,0,740.0,82.0,6.0,308.4769036733407,1.0,False,6,82,0
2763,2,0,1,38,0,0.0,3135.0,0.0,26.0,3.0,True,8,3,1
2764,1,0,1,14,0,0.0,1.0,1441.0,0.0,190.0,True,5,182,1
2765,1,0,2,20,0,0.0,0.0,585.0,0.0,10.0,False,6,564,0
2766,2,0,1,33,0,0.0,0.0,0.0,0.0,0.0,False,2,93,1
2767,2,1,3,33,0,0.0,0.0,0.0,0.0,0.0,True,2,111,0
2768,1,0,1,13,0,0.0,0.0,31.0,0.0,810.0,True,5,183,1
2769,2,0,1,37,0,0.0,210.0,0.0,4114.0,0.0,False,4,97,0
2770,3,0,1,15,0,5711.0,0.0,2516.0,0.0,1370.0,False,5,197,0
2771,2,0,3,33,0,396.0,1280.0,7.0,308.0,4941.0,False,1,36,0
2772,1,1,2,24,0,0.0,0.0,0.0,0.0,0.0,True,7,472,0
2773,1,0,2,49,0,0.0,451.96167494677076,0.0,160.0,528.0,False,6,570,0
2774,1,0,1,24,0,1252.0,6.0,174.90603284902085,123.0,706.0,False,6,571,0
2775,1,0,1,24,0,173.0,0.0,14.0,0.0,603.0,False,5,198,0
2776,2,1,3,26,0,0.0,0.0,0.0,0.0,0.0,True,2,94,1
2777,2,1,3,40,0,0.0,0.0,0.0,0.0,0.0,True,2,94,1
2778,1,0,3,31,0,0.0,611.0,2.0,4.0,22.0,False,6,626,1
2779,2,0,1,47,0,0.0,5252.0,0.0,124.0,300.0,True,3,113,0
2780,1,0,1,19,0,736.0,0.0,0.0,0.0,1.0,False,6,627,1
2781,2,0,3,38,1,0.0,1577.0,0.0,425.0,4359.0,False,3,101,1
2782,2,0,3,33,0,0.0,1001.0,2280.0,308.4769036733407,29.0,True,3,101,1
2783,2,1,1,45,0,0.0,0.0,0.0,0.0,0.0,True,3,114,0
2784,1,1,1,1,0,0.0,0.0,0.0,0.0,0.0,True,7,473,0
2785,1,0,1,32,0,0.0,53.0,0.0,744.0,0.0,False,6,572,0
2786,3,1,1,70,0,0.0,0.0,0.0,0.0,0.0,True,6,573,0
2787,1,0,2,19,0,23.0,0.0,0.0,0.0,732.0,False,7,474,0
2788,3,1,2,55,0,0.0,0.0,0.0,0.0,0.0,True,5,185,1
2789,2,0,1,48,0,0.0,8403.0,0.0,7627.0,83.0,False,2,96,1
2790,1,0,1,66,0,1187.0,1.0,174.90603284902085,6.0,0.0,False,7,475,0
2791,1,0,1,13,0,222.89785157787045,256.0,0.0,207.0,409.0,False,6,629,1
2792,2,0,3,40,0,82.0,1390.0,0.0,347.0,6237.0,False,3,115,0
2793,1,0,1,35,0,0.0,1438.0,0.0,112.0,74.0,True,5,199,0
2794,1,0,1,32,0,0.0,49.0,2.0,639.0,0.0,False,6,630,1
2795,3,0,1,51,0,1644.0,0.0,234.0,157.0,64.0,False,5,187,1
2796,2,0,1,37,0,0.0,216.0,0.0,5391.0,3372.0,False,2,112,0
2797,1,0,1,31,0,517.0,1.0,301.0,60.0,4.0,False,7,476,0
2798,1,0,1,37,0,608.0,0.0,6.0,0.0,1637.0,False,6,574,0
2799,2,0,1,38,0,0.0,3331.0,270.0,2.0,3510.0,False,3,102,1
2800,2,0,3,19,0,0.0,329.0,0.0,3154.0,312.0,False,3,102,1
2801,3,1,1,33,0,0.0,0.0,0.0,0.0,0.0,True,6,631,1
2802,1,0,1,19,0,0.0,0.0,1752.0,187.0,0.0,True,6,632,1
2803,1,0,1,31,0,2.0,788.0,0.0,128.0,9.0,True,7,477,0
2804,1,0,1,43,0,45.0,8.0,0.0,607.0,44.0,False,7,477,0
2805,1,1,1,22,0,0.0,0.0,0.0,0.0,0.0,False,7,492,1
2806,1,1,1,24,0,0.0,0.0,0.0,0.0,0.0,False,7,493,1
2807,2,0,3,21,0,0.0,878.0,82.0,360.0,1784.0,False,3,103,1
2808,2,0,1,14,0,0.0,0.0,0.0,0.0,0.0,True,3,103,1
2809,2,0,3,30,0,728.0,2551.0,0.0,48.0,1804.0,True,2,97,1
2810,2,1,1,22,0,0.0,0.0,0.0,0.0,0.0,True,2,97,1
2811,1,0,1,11,0,0.0,0.0,0.0,0.0,0.0,False,7,478,0
2812,1,1,1,4,0,0.0,0.0,0.0,0.0,0.0,False,7,478,0
2813,1,0,1,0,0,0.0,0.0,0.0,0.0,0.0,False,7,478,0
2814,1,0,1,30,0,479.0,12.0,25.0,643.0,283.0,False,6,575,0
2815,1,0,2,21,0,0.0,27.0,1181.0,0.0,513.0,False,7,479,0
2816,2,0,1,40,0,0.0,0.0,0.0,0.0,0.0,False,6,82,0
2817,1,0,2,57,0,506.0,0.0,1.0,178.0,0.0,False,6,634,1
2818,3,0,1,35,0,1228.0,0.0,0.0,0.0,0.0,False,6,576,0
2819,2,0,1,32,0,0.0,0.0,0.0,0.0,0.0,False,1,37,0
2820,3,0,1,32,0,2616.0,0.0,2.0,5.0,0.0,False,6,577,0
2821,1,0,1,30,0,0.0,0.0,301.0,0.0,437.0,False,6,578,0
2822,1,0,1,69,0,577.0,139.0,0.0,0.0,0.0,False,6,636,1
2823,1,1,1,21,0,0.0,0.0,0.0,0.0,0.0,False,7,480,0
2824,3,1,2,17,0,0.0,451.96167494677076,0.0,0.0,0.0,True,5,190,1
2825,3,0,1,16,0,995.0,0.0,6.0,48.0,0.0,False,5,190,1
2826,3,1,1,25,0,0.0,0.0,0.0,308.4769036733407,0.0,False,5,200,0
2827,2,0,1,25,0,1586.0,2342.0,947.0,1.0,276.0,True,5,191,1
2828,2,0,3,52,0,0.0,2.0,0.0,10976.0,810.0,False,6,82,0
2829,1,0,1,13,0,578.0,77.0,0.0,306.0,5.0,False,6,579,0
2830,1,0,1,37,0,1086.0,0.0,0.0,41.0,0.0,False,6,637,1
2831,3,0,1,13,0,760.0,2.0,2.0,308.4769036733407,0.0,False,6,581,0
2832,3,0,1,45,0,3309.0,0.0,10.0,0.0,0.0,False,4,98,0
2833,3,0,1,55,0,0.0,0.0,0.0,0.0,0.0,False,5,201,0
2834,1,0,1,22,0,664.0,0.0,0.0,65.0,0.0,False,6,638,1
2835,1,0,1,39,0,0.0,0.0,0.0,1745.0,72.0,False,7,498,1
2836,3,0,1,35,0,741.0,0.0,31.0,0.0,36.0,False,4,99,0
2837,1,1,2,19,0,0.0,0.0,0.0,0.0,0.0,True,7,499,1
2838,1,1,1,7,0,0.0,0.0,0.0,0.0,0.0,True,7,499,1
2839,1,0,1,19,0,1.0,0.0,0.0,450.0,254.0,False,5,192,1
2840,1,1,1,21,0,0.0,0.0,0.0,0.0,0.0,True,7,482,0
2841,2,0,3,37,0,0.0,2065.0,1650.0,356.0,1.0,True,4,94,1
2842,1,0,1,35,0,1609.0,0.0,0.0,0.0,0.0,False,5,193,1
2843,1,1,1,22,0,0.0,0.0,0.0,0.0,0.0,True,7,483,0
2844,1,0,1,62,0,379.0,453.0,0.0,7.0,0.0,False,7,500,1
2845,1,1,1,41,0,0.0,0.0,0.0,0.0,0.0,True,7,501,1
2846,2,1,1,16,0,222.89785157787045,0.0,0.0,0.0,0.0,True,2,113,0
2847,2,0,1,26,0,0.0,451.96167494677076,8.0,21.0,6023.0,False,2,113,0
2848,3,1,1,36,0,0.0,0.0,0.0,0.0,0.0,True,6,640,1
2849,1,1,2,28,0,0.0,0.0,0.0,0.0,0.0,True,7,502,1
2850,1,0,3,22,0,35.0,0.0,36.0,581.0,0.0,False,6,642,1
2851,1,0,1,40,0,0.0,0.0,0.0,822.0,2.0,False,6,584,0
2852,2,0,3,50,0,0.0,1547.0,0.0,1784.0,1.0,True,3,118,0
2853,2,1,1,57,0,0.0,0.0,0.0,0.0,0.0,True,3,118,0
2854,1,0,2,15,0,1.0,30.0,1793.0,0.0,0.0,True,7,503,1
2855,2,0,3,23,0,0.0,587.0,0.0,1497.0,1014.0,False,4,100,0
2856,3,1,3,60,0,0.0,0.0,0.0,0.0,0.0,True,4,101,0
2857,1,0,1,73,0,0.0,0.0,0.0,153.0,556.0,False,7,504,1
2858,1,0,1,35,0,0.0,0.0,0.0,0.0,0.0,True,7,505,1
2859,2,0,1,28,0,0.0,0.0,0.0,0.0,0.0,False,1,25,1
2860,2,0,1,27,1,0.0,6013.0,0.0,820.0,31.0,True,2,115,0
2861,2,0,1,14,0,0.0,946.0,0.0,7860.0,384.0,False,6,82,0
2862,2,1,1,26,0,222.89785157787045,0.0,0.0,0.0,0.0,True,4,102,0
2863,1,0,1,22,0,222.89785157787045,0.0,102.0,43.0,700.0,False,7,506,1
2864,3,0,3,22,0,2229.0,0.0,1349.0,121.0,0.0,True,5,194,1
2865,3,0,2,71,0,924.0,1284.0,10.0,9.0,0.0,False,6,585,0
2866,3,0,3,25,0,5.0,1.0,633.0,0.0,188.0,True,4,103,0
2867,3,1,1,27,0,0.0,0.0,0.0,0.0,0.0,True,5,203,0
2868,1,0,1,1,0,0.0,0.0,0.0,0.0,0.0,False,7,485,0
2869,1,0,1,52,0,809.0,0.0,0.0,0.0,0.0,True,6,586,0
2870,1,1,1,0,0,0.0,0.0,0.0,0.0,0.0,True,7,485,0
2871,2,1,3,30,0,0.0,0.0,0.0,0.0,0.0,True,2,101,1
2872,2,0,1,52,1,0.0,7452.0,0.0,1158.0,7979.0,False,2,102,1
2873,1,0,1,12,0,0.0,0.0,0.0,0.0,0.0,True,7,507,1
2874,1,1,1,22,0,0.0,451.96167494677076,0.0,0.0,0.0,True,7,507,1
2875,1,0,1,24,0,520.0,0.0,0.0,195.0,0.0,True,7,509,1
2876,3,0,1,22,0,1173.0,0.0,0.0,9.0,0.0,False,4,95,1
2877,1,1,2,15,0,0.0,0.0,0.0,0.0,0.0,False,7,488,0
2878,3,1,1,21,0,222.89785157787045,0.0,0.0,0.0,0.0,True,4,96,1
2879,3,1,3,56,0,0.0,0.0,0.0,0.0,0.0,True,4,96,1
2880,3,0,1,50,0,1598.0,0.0,155.0,26.0,0.0,False,4,97,1
2881,1,0,1,20,0,127.0,0.0,656.0,0.0,21.0,False,6,645,1
2882,1,0,1,32,0,0.0,0.0,47.0,857.0,23.0,False,6,646,1
2883,1,1,1,28,0,0.0,0.0,0.0,0.0,0.0,False,7,510,1
2884,1,0,1,74,0,571.0,0.0,0.0,277.0,0.0,False,7,490,0
2885,3,1,1,25,0,0.0,0.0,0.0,0.0,0.0,True,5,204,0
2886,3,0,1,31,0,691.0,3.0,68.0,286.0,0.0,False,5,204,0
2887,1,1,2,6,0,0.0,0.0,0.0,0.0,0.0,True,7,491,0
2888,1,1,1,17,0,0.0,0.0,0.0,0.0,0.0,True,7,511,1
2889,3,1,1,12,0,0.0,0.0,0.0,0.0,0.0,True,6,648,1
2890,3,0,1,47,0,1130.0,8.0,299.0,0.0,0.0,True,6,648,1
2891,3,1,1,46,0,0.0,0.0,0.0,0.0,0.0,True,6,648,1
2892,2,0,3,31,0,139.0,4018.0,13.0,232.0,1140.0,True,2,116,0
2893,2,0,1,36,0,0.0,0.0,0.0,0.0,0.0,True,2,116,0
2894,1,0,3,15,0,62.0,57.0,2646.0,1104.0,312.0,False,7,512,1
2895,3,0,1,38,0,886.0,0.0,618.0,0.0,0.0,False,6,588,0
2896,1,1,3,48,0,0.0,0.0,0.0,0.0,0.0,True,7,492,0
2897,1,1,1,21,0,0.0,0.0,0.0,0.0,0.0,True,7,492,0
2898,1,1,1,4,0,0.0,0.0,0.0,0.0,0.0,True,7,492,0
2899,3,1,1,31,0,0.0,0.0,0.0,0.0,0.0,True,6,649,1
2900,1,0,2,31,0,0.0,140.0,394.0,0.0,0.0,False,7,513,1
2901,2,0,2,62,1,0.0,4513.0,0.0,85.0,1437.0,True,3,119,0
2902,1,1,1,29,0,0.0,0.0,0.0,0.0,0.0,True,7,514,1
2903,1,0,1,30,0,0.0,4.0,1604.0,678.0,1681.0,False,6,82,0
2904,3,0,1,26,0,912.0,0.0,43.0,0.0,0.0,False,5,206,0
2905,3,0,1,43,0,33.0,1117.0,59.0,0.0,16.0,False,6,591,0
2906,3,0,1,32,0,1087.0,0.0,71.0,0.0,0.0,False,6,591,0
2907,3,1,3,24,0,0.0,0.0,0.0,0.0,306.7894819713431,True,6,592,0
2908,3,1,1,49,0,0.0,0.0,0.0,0.0,0.0,True,6,652,1
2909,1,0,1,21,0,17.0,427.0,31.0,257.0,0.0,True,6,594,0
2910,1,0,1,18,0,0.0,730.0,79.0,0.0,306.7894819713431,True,7,494,0
2911,1,1,1,18,0,0.0,0.0,0.0,0.0,0.0,True,7,494,0
2912,1,1,1,14,0,0.0,0.0,0.0,0.0,0.0,False,7,496,0
2913,3,0,1,21,0,1507.0,451.96167494677076,3.0,2.0,1196.0,False,4,100,1
2914,3,1,3,25,0,0.0,0.0,0.0,0.0,0.0,True,6,654,1
2915,2,0,3,56,0,0.0,323.0,971.0,58.0,4240.0,False,5,208,0
2916,1,0,1,0,0,0.0,0.0,0.0,0.0,0.0,True,7,500,0
2917,1,0,1,55,0,0.0,0.0,5.0,0.0,2409.0,False,6,596,0
2918,1,1,1,14,0,0.0,0.0,0.0,0.0,0.0,False,7,500,0
2919,3,0,1,13,0,1007.0,0.0,142.0,295.0,0.0,False,6,656,1
2920,3,0,3,43,0,4.0,0.0,1834.0,1.0,66.0,False,6,656,1
2921,1,1,1,39,0,0.0,0.0,0.0,0.0,0.0,False,7,516,1
2922,3,1,1,28,0,222.89785157787045,0.0,0.0,0.0,0.0,True,6,657,1
2923,1,0,1,24,0,0.0,7.0,548.0,4.0,0.0,True,6,658,1
2924,1,0,1,26,0,207.0,350.0,74.0,0.0,3.0,True,6,598,0
2925,1,1,3,22,0,0.0,0.0,0.0,0.0,0.0,True,7,502,0
2926,1,0,1,26,0,0.0,0.0,1352.0,5.0,0.0,False,6,659,1
2927,3,0,1,19,0,155.0,0.0,1632.0,3.0,0.0,True,4,101,1
2928,3,1,1,38,0,0.0,0.0,0.0,0.0,0.0,True,6,660,1
2929,2,1,3,38,0,0.0,0.0,0.0,0.0,0.0,True,2,104,1
2930,2,0,1,77,0,0.0,9032.0,0.0,128.0,1464.0,True,5,196,1
2931,1,0,3,28,0,2840.0,0.0,0.0,0.0,0.0,False,6,599,0
2932,1,0,1,22,0,222.89785157787045,1.0,379.0,0.0,336.0,False,6,663,1
2933,1,0,1,20,0,4.0,353.0,193.0,241.0,0.0,False,5,197,1
2934,1,0,1,18,0,0.0,0.0,699.0,0.0,0.0,True,6,600,0
2935,2,0,3,10,0,0.0,0.0,0.0,0.0,0.0,True,2,117,0
2936,2,1,3,34,0,0.0,0.0,0.0,0.0,0.0,True,2,117,0
2937,1,0,1,43,0,0.0,788.0,0.0,0.0,1191.0,False,6,601,0
2938,3,1,3,31,0,0.0,0.0,0.0,0.0,0.0,False,5,209,0
2939,3,1,3,40,0,0.0,0.0,0.0,0.0,0.0,True,4,102,1
2940,3,0,1,25,0,1299.0,0.0,0.0,0.0,0.0,False,4,102,1
2941,3,1,1,68,0,0.0,0.0,0.0,0.0,0.0,True,6,603,0
2942,1,0,1,20,0,0.0,0.0,147.0,308.4769036733407,0.0,False,6,665,1
2943,3,0,1,27,1,309.0,451.96167494677076,849.0,0.0,0.0,True,6,666,1
2944,1,0,1,1,0,0.0,0.0,0.0,0.0,0.0,False,7,505,0
2945,1,0,2,60,0,0.0,31.0,6.0,223.0,356.0,False,7,505,0
2946,1,0,3,28,0,0.0,0.0,675.0,31.0,0.0,True,7,505,0
2947,1,0,2,11,0,0.0,0.0,0.0,0.0,0.0,False,7,505,0
2948,1,0,3,0,0,0.0,0.0,0.0,0.0,0.0,False,6,82,0
2949,1,1,1,9,0,0.0,0.0,0.0,0.0,0.0,False,7,505,0
2950,3,0,1,38,0,1046.0,0.0,1553.0,0.0,0.0,False,6,667,1
2951,1,0,3,18,0,0.0,0.0,174.90603284902085,588.0,0.0,False,6,668,1
2952,1,0,1,40,0,4.0,11.0,669.0,0.0,773.0,False,6,669,1
2953,1,0,1,21,0,330.0,11.0,0.0,0.0,398.0,False,6,670,1
2954,1,1,1,24,0,0.0,0.0,0.0,0.0,0.0,False,7,506,0
2955,2,0,1,26,0,222.89785157787045,1653.0,7.0,227.0,1457.0,False,1,27,1
2956,2,0,1,47,0,3865.0,3810.0,0.0,12.0,196.0,False,1,27,1
2957,2,0,1,46,0,0.0,131.0,174.90603284902085,8873.0,469.0,False,1,27,1
2958,1,1,3,55,0,0.0,0.0,0.0,0.0,0.0,True,7,507,0
2959,1,0,1,50,0,293.0,0.0,21.0,573.0,0.0,False,7,520,1
2960,3,1,1,10,0,0.0,0.0,0.0,0.0,0.0,True,6,672,1
2961,2,0,3,17,0,454.0,19.0,0.0,308.4769036733407,3219.0,False,5,211,0
2962,2,0,3,20,0,11.0,596.0,0.0,3583.0,266.0,False,5,211,0
2963,2,0,1,37,0,76.0,2804.0,0.0,1287.0,1229.0,False,5,211,0
2964,1,0,1,24,0,11.0,0.0,9.0,2645.0,2.0,False,6,673,1
2965,1,0,3,43,0,511.0,233.0,174.90603284902085,0.0,144.0,False,7,521,1
2966,1,0,1,0,0,0.0,0.0,0.0,0.0,0.0,False,7,521,1
2967,1,0,1,24,0,180.0,264.0,0.0,1225.0,0.0,False,5,212,0
2968,3,0,1,22,0,715.0,0.0,726.0,325.0,0.0,False,4,103,1
2969,1,1,1,14,0,0.0,0.0,0.0,0.0,0.0,True,7,508,0
2970,1,1,1,3,0,0.0,0.0,0.0,0.0,0.0,True,7,509,0
2971,1,1,3,22,0,0.0,0.0,0.0,0.0,0.0,True,7,509,0
2972,1,0,1,23,0,0.0,1573.0,0.0,36.0,0.0,True,5,213,0
2973,3,0,1,56,0,324.0,574.0,116.0,0.0,0.0,False,5,198,1
2974,1,0,1,36,0,5.0,623.0,88.0,5.0,1.0,True,6,606,0
2975,1,0,3,58,0,52.0,0.0,5.0,517.0,0.0,False,6,606,0
2976,1,0,1,1,0,0.0,0.0,0.0,0.0,0.0,False,7,510,0
2977,3,1,1,39,0,0.0,0.0,0.0,0.0,0.0,False,5,214,0
2978,1,0,1,33,0,0.0,0.0,75.0,709.0,0.0,False,7,522,1
2979,1,0,2,19,0,0.0,0.0,616.0,0.0,0.0,False,7,511,0
2980,1,0,1,28,0,16.0,0.0,799.0,0.0,37.0,False,7,523,1
2981,1,0,1,33,0,0.0,950.0,0.0,102.0,0.0,True,6,607,0
2982,2,1,3,17,0,0.0,0.0,0.0,0.0,0.0,True,3,120,0
2983,2,0,1,28,0,0.0,3281.0,0.0,68.0,341.0,True,3,120,0
2984,1,0,1,21,0,63.0,15.0,407.0,397.0,0.0,False,7,513,0
2985,2,0,1,45,0,3.0,2344.0,1100.0,498.0,0.0,True,2,118,0
2986,3,1,1,62,0,0.0,0.0,0.0,0.0,0.0,True,6,674,1
2987,3,1,1,43,0,0.0,0.0,0.0,0.0,0.0,True,6,609,0
2988,1,0,1,27,0,158.0,0.0,1271.0,0.0,71.0,False,6,610,0
2989,1,1,3,1,0,0.0,0.0,0.0,0.0,0.0,True,7,524,1
2990,1,0,1,31,0,593.0,540.0,238.0,0.0,77.0,False,6,676,1
2991,1,0,1,18,0,0.0,30.0,0.0,756.0,5.0,False,5,200,1
2992,3,0,1,21,0,1097.0,0.0,80.0,589.0,0.0,False,4,104,1
2993,3,0,1,7,0,0.0,0.0,0.0,0.0,0.0,True,6,677,1
2994,3,0,1,22,0,2646.0,0.0,599.0,117.0,0.0,False,4,104,1
2995,3,1,1,26,0,0.0,0.0,0.0,0.0,0.0,False,5,215,0
2996,1,1,1,30,0,0.0,0.0,0.0,0.0,0.0,True,7,515,0
2997,1,0,1,17,0,0.0,382.0,402.0,0.0,7.0,False,5,216,0
2998,1,1,1,28,0,0.0,0.0,0.0,0.0,0.0,False,7,525,1
2999,1,0,3,10,0,0.0,451.96167494677076,0.0,0.0,306.7894819713431,False,7,516,0
3000,1,0,1,25,0,764.0,16.0,0.0,8.0,0.0,False,5,202,1
3001,1,0,1,21,0,0.0,451.96167494677076,0.0,0.0,0.0,False,7,526,1
3002,1,0,3,53,0,8.0,0.0,236.0,0.0,2049.0,False,6,613,0
3003,1,0,1,21,0,0.0,0.0,687.0,46.0,20.0,False,7,528,1
3004,2,0,1,28,0,0.0,3315.0,0.0,594.0,85.0,True,3,121,0
3005,1,1,2,20,0,0.0,0.0,0.0,0.0,0.0,True,7,517,0
3006,2,1,3,54,0,0.0,0.0,0.0,0.0,0.0,True,5,217,0
3007,1,1,1,9,0,0.0,0.0,0.0,0.0,0.0,False,7,529,1
3008,1,0,1,20,0,508.0,0.0,1.0,1372.0,0.0,False,7,530,1
3009,1,0,1,19,0,0.0,165.0,0.0,699.0,0.0,False,6,615,0
3010,1,0,1,32,0,0.0,632.0,0.0,0.0,0.0,False,6,681,1
3011,3,0,1,22,0,0.0,0.0,0.0,0.0,0.0,False,5,219,0
3012,2,0,3,35,0,74.0,5082.0,0.0,893.0,1937.0,True,3,122,0
3013,1,0,1,26,0,0.0,56.0,322.0,6.0,243.0,True,7,531,1
3014,1,1,1,51,0,0.0,0.0,0.0,0.0,0.0,False,7,532,1
3015,1,0,3,8,0,0.0,0.0,0.0,0.0,0.0,True,7,532,1
3016,1,0,1,40,0,0.0,0.0,895.0,0.0,0.0,True,7,518,0
3017,1,1,3,2,0,0.0,0.0,0.0,0.0,0.0,True,7,518,0
3018,1,1,2,19,0,0.0,0.0,0.0,0.0,0.0,False,7,519,0
3019,1,1,1,32,0,0.0,0.0,0.0,0.0,0.0,True,7,533,1
3020,1,0,3,16,0,1612.0,4.0,0.0,184.0,0.0,False,7,533,1
3021,1,0,1,64,0,0.0,0.0,16.0,733.0,159.0,False,7,533,1
3022,1,0,3,35,0,256.0,0.0,341.0,35.0,0.0,True,6,617,0
3023,2,0,1,33,0,20.0,653.0,0.0,121.0,483.0,False,1,29,1
3024,2,0,3,9,0,0.0,0.0,0.0,0.0,0.0,True,3,123,0
3025,2,1,1,21,0,0.0,0.0,0.0,308.4769036733407,0.0,True,3,123,0
3026,2,1,1,28,0,0.0,0.0,0.0,0.0,0.0,True,3,123,0
3027,2,1,1,28,0,0.0,0.0,0.0,0.0,0.0,True,3,123,0
3028,1,1,2,31,0,0.0,0.0,0.0,0.0,0.0,True,7,534,1
3029,1,0,3,32,0,1150.0,201.0,0.0,0.0,8.0,False,6,684,1
3030,2,1,3,43,0,0.0,0.0,0.0,0.0,0.0,True,2,120,0
3031,2,1,1,60,0,0.0,0.0,0.0,0.0,0.0,True,2,120,0
3032,2,0,1,43,0,0.0,1440.0,0.0,85.0,150.0,True,2,120,0
3033,1,0,1,43,0,0.0,16.0,34.0,753.0,1.0,False,6,619,0
3034,1,0,1,19,0,64.0,0.0,453.0,174.0,6.0,False,6,619,0
3035,1,0,1,21,0,0.0,0.0,0.0,646.0,138.0,False,7,521,0
3036,1,0,1,38,0,0.0,0.0,0.0,846.0,0.0,False,7,521,0
3037,1,1,2,17,0,0.0,0.0,0.0,0.0,0.0,True,7,535,1
3038,1,1,2,29,0,0.0,0.0,0.0,0.0,0.0,True,7,535,1
3039,1,0,2,2,0,222.89785157787045,0.0,0.0,0.0,0.0,True,7,522,0
3040,1,0,1,22,0,718.0,2.0,50.0,0.0,0.0,True,6,82,0
3041,1,0,3,18,0,0.0,451.96167494677076,14.0,625.0,0.0,False,6,621,0
3042,1,1,1,16,0,0.0,0.0,0.0,0.0,0.0,True,7,536,1
3043,2,1,1,52,0,0.0,0.0,0.0,0.0,0.0,True,2,121,0
3044,2,0,3,52,0,13.0,6074.0,0.0,10385.0,299.0,False,6,82,0
3045,2,1,3,14,0,222.89785157787045,0.0,0.0,308.4769036733407,0.0,True,2,121,0
3046,2,0,1,25,1,0.0,0.0,0.0,0.0,0.0,True,2,121,0
3047,2,1,1,34,0,0.0,0.0,0.0,0.0,0.0,True,2,121,0
3048,3,0,1,20,0,915.0,12.0,25.0,205.0,311.0,True,6,623,0
3049,1,1,2,28,0,0.0,0.0,0.0,0.0,0.0,True,7,537,1
3050,1,1,1,28,0,0.0,0.0,0.0,0.0,0.0,False,7,537,1
3051,1,0,3,20,0,2598.0,927.0,0.0,866.0,2.0,False,7,538,1
3052,1,0,3,44,0,632.0,0.0,101.0,5.0,0.0,True,6,624,0
3053,1,0,1,64,0,313.0,782.0,8.0,0.0,0.0,False,6,686,1
3054,1,0,1,27,0,0.0,0.0,775.0,127.0,0.0,True,6,687,1
3055,1,0,1,24,0,0.0,0.0,0.0,0.0,0.0,False,7,524,0
3056,3,1,1,38,0,0.0,0.0,0.0,0.0,0.0,True,6,688,1
3057,3,0,1,47,0,378.0,0.0,117.0,1147.0,132.0,False,6,688,1
3058,1,1,3,8,0,0.0,0.0,0.0,0.0,0.0,True,7,525,0
3059,1,0,1,1,0,0.0,0.0,0.0,0.0,0.0,True,7,525,0
3060,1,0,3,0,0,0.0,0.0,0.0,0.0,0.0,True,7,525,0
3061,1,0,1,20,0,0.0,0.0,0.0,0.0,0.0,True,7,525,0
3062,2,1,1,41,0,0.0,0.0,0.0,0.0,0.0,True,4,105,1
3063,3,1,1,35,0,0.0,0.0,0.0,0.0,0.0,False,4,106,1
3064,3,0,3,31,0,1065.0,13.0,150.0,36.0,0.0,False,4,106,1
3065,1,0,2,14,0,0.0,43.0,504.0,125.0,0.0,False,6,690,1
3066,1,0,1,25,0,0.0,0.0,762.0,0.0,50.0,False,7,539,1
3067,2,1,1,26,0,0.0,0.0,0.0,0.0,0.0,True,4,107,1
3068,2,0,1,26,0,0.0,1638.0,0.0,476.0,226.0,False,5,221,0
3069,2,0,1,30,0,0.0,1076.0,0.0,3725.0,9.0,False,5,203,1
3070,2,1,3,49,0,0.0,0.0,0.0,0.0,0.0,True,2,122,0
3071,1,0,1,19,0,260.0,0.0,238.0,139.0,8.0,False,6,626,0
3072,1,0,1,15,0,10.0,0.0,99.0,308.4769036733407,2031.0,False,6,627,0
3073,1,0,1,27,0,0.0,0.0,0.0,0.0,1765.0,False,7,540,1
3074,2,0,1,39,0,0.0,957.0,0.0,22.0,401.0,True,2,123,0
3075,2,1,3,32,0,0.0,0.0,0.0,0.0,0.0,True,2,123,0
3076,2,0,1,11,0,0.0,0.0,0.0,0.0,0.0,True,2,123,0
3077,2,1,1,44,0,222.89785157787045,0.0,0.0,0.0,0.0,True,2,123,0
3078,2,1,1,36,0,0.0,0.0,0.0,0.0,0.0,True,2,123,0
3079,1,0,1,56,0,0.0,335.0,532.0,15.0,26.0,False,7,541,1
3080,1,1,1,42,0,0.0,0.0,0.0,0.0,0.0,True,7,542,1
3081,2,1,3,40,0,0.0,0.0,0.0,0.0,0.0,True,3,110,1
3082,2,1,3,53,0,0.0,0.0,0.0,0.0,0.0,True,3,110,1
3083,3,1,1,31,0,0.0,0.0,0.0,0.0,0.0,True,6,630,0
3084,3,1,1,14,0,0.0,0.0,0.0,0.0,0.0,True,6,630,0
3085,1,1,2,31,0,0.0,0.0,0.0,0.0,0.0,True,7,543,1
3086,1,0,1,42,0,0.0,451.96167494677076,1519.0,0.0,4.0,False,5,222,0
3087,1,0,1,32,0,0.0,0.0,0.0,0.0,772.0,False,7,528,0
3088,1,0,1,34,0,578.0,0.0,0.0,0.0,323.0,False,6,691,1
3089,1,1,1,55,0,0.0,0.0,0.0,0.0,0.0,True,7,544,1
3090,3,0,1,42,0,1633.0,0.0,29.0,4.0,102.0,False,6,692,1
3091,1,0,1,40,0,666.0,4.0,83.0,0.0,50.0,True,6,631,0
3092,3,0,3,48,0,824.0,2.0,830.0,298.0,0.0,False,4,107,0
3093,3,1,1,37,0,0.0,0.0,0.0,0.0,0.0,True,4,107,0
3094,3,1,3,17,0,0.0,0.0,0.0,0.0,0.0,True,4,107,0
3095,3,1,1,60,0,0.0,0.0,0.0,0.0,0.0,True,6,693,1
3096,2,1,3,19,0,0.0,0.0,0.0,0.0,0.0,True,2,125,0
3097,2,0,1,30,0,0.0,180.0,90.0,7740.0,142.0,False,2,125,0
3098,2,0,1,32,0,0.0,0.0,7.0,3653.0,226.0,False,2,125,0
3099,1,1,2,28,0,0.0,0.0,0.0,0.0,0.0,True,7,546,1
3100,1,1,1,26,0,0.0,0.0,174.90603284902085,0.0,0.0,False,7,530,0
3101,1,1,1,24,0,0.0,0.0,0.0,0.0,0.0,True,7,531,0
3102,1,1,3,47,0,0.0,0.0,0.0,0.0,0.0,False,7,532,0
3103,1,0,1,32,0,180.0,25.0,584.0,0.0,0.0,False,5,225,0
3104,2,1,1,73,1,0.0,0.0,0.0,308.4769036733407,0.0,True,3,111,1
3105,1,0,1,17,0,3.0,2126.0,0.0,0.0,0.0,True,6,633,0
3106,1,1,2,47,0,0.0,0.0,0.0,0.0,0.0,False,7,547,1
3107,2,0,1,28,0,0.0,216.0,191.0,12062.0,59.0,False,3,125,0
3108,2,1,3,13,0,0.0,0.0,0.0,0.0,0.0,True,3,125,0
3109,2,0,1,22,0,0.0,5.0,0.0,12.0,6111.0,False,3,125,0
3110,2,0,1,61,0,0.0,4082.0,0.0,265.0,201.0,True,3,125,0
3111,2,0,3,19,0,0.0,4494.0,0.0,11.0,3460.0,True,3,125,0
3112,2,0,1,45,0,0.0,1897.0,0.0,880.0,605.0,True,3,125,0
3113,1,1,2,18,0,0.0,0.0,0.0,0.0,0.0,False,7,535,0
3114,1,0,1,32,0,0.0,810.0,0.0,0.0,2.0,False,7,536,0
3115,2,0,1,52,1,0.0,1429.0,0.0,1371.0,488.0,True,1,30,1
3116,3,1,1,25,0,0.0,0.0,0.0,0.0,0.0,True,6,635,0
3117,3,1,1,9,0,0.0,0.0,0.0,0.0,0.0,True,6,635,0
3118,3,1,1,18,0,0.0,0.0,0.0,0.0,0.0,True,6,635,0
3119,1,0,2,26,0,717.0,0.0,84.0,0.0,0.0,False,4,108,0
3120,1,0,1,20,0,1.0,52.0,533.0,0.0,1022.0,False,5,205,1
3121,1,0,1,6,0,0.0,0.0,0.0,0.0,0.0,True,7,550,1
3122,1,0,2,5,0,0.0,0.0,0.0,0.0,0.0,False,7,550,1
3123,2,0,3,40,0,0.0,372.0,7.0,5.0,1467.0,False,1,31,1
3124,1,1,2,20,0,0.0,0.0,0.0,0.0,0.0,True,7,537,0
3125,3,0,1,18,0,2532.0,0.0,46.0,0.0,0.0,False,4,109,0
3126,1,0,1,42,0,0.0,3.0,0.0,898.0,1.0,False,6,694,1
3127,1,1,2,14,0,0.0,0.0,0.0,0.0,0.0,True,7,551,1
3128,3,1,1,33,0,0.0,0.0,0.0,0.0,0.0,True,6,638,0
3129,1,0,3,23,0,664.0,17.0,0.0,0.0,306.7894819713431,False,6,696,1
3130,1,1,1,35,0,0.0,0.0,0.0,0.0,0.0,False,7,539,0
3131,1,0,2,53,0,2.0,18.0,705.0,0.0,1.0,False,6,697,1
3132,1,1,1,56,0,0.0,0.0,0.0,0.0,0.0,True,7,553,1
3133,1,0,3,35,0,1.0,0.0,37.0,719.0,0.0,False,6,698,1
3134,1,0,1,18,0,1.0,56.0,0.0,602.0,205.0,False,6,699,1
3135,1,0,1,25,0,106.0,46.0,174.90603284902085,0.0,843.0,False,5,207,1
3136,1,1,3,20,0,0.0,0.0,0.0,0.0,0.0,True,7,554,1
3137,3,1,1,44,0,0.0,0.0,0.0,0.0,0.0,True,6,641,0
3138,1,1,1,26,0,0.0,0.0,0.0,0.0,0.0,False,7,540,0
3139,3,0,1,23,0,24.0,1.0,1264.0,0.0,0.0,True,6,642,0
3140,3,1,1,39,0,0.0,0.0,0.0,0.0,306.7894819713431,True,6,643,0
3141,2,1,1,25,0,0.0,0.0,0.0,0.0,0.0,True,2,105,1
3142,2,0,3,42,0,0.0,1209.0,0.0,1026.0,636.0,False,2,105,1
3143,1,0,1,20,0,0.0,39.0,830.0,17.0,0.0,True,7,541,0
3144,1,1,1,4,0,0.0,0.0,0.0,0.0,0.0,True,7,541,0
3145,1,1,1,64,0,0.0,0.0,0.0,0.0,0.0,True,7,541,0
3146,1,0,1,0,0,0.0,0.0,0.0,0.0,0.0,True,7,541,0
3147,1,0,2,19,0,0.0,463.0,269.0,0.0,4.0,True,6,700,1
3148,1,0,3,6,0,0.0,0.0,0.0,0.0,0.0,False,7,542,0
3149,2,1,1,23,0,0.0,0.0,0.0,0.0,0.0,True,2,106,1
3150,1,0,1,22,0,0.0,269.0,0.0,100.0,28.0,False,7,543,0
3151,1,0,1,18,0,0.0,0.0,1435.0,0.0,306.7894819713431,True,7,545,0
3152,3,0,1,21,0,2.0,0.0,898.0,148.0,0.0,False,5,231,0
3153,1,0,2,37,0,308.0,35.0,415.0,10.0,0.0,True,7,556,1
3154,1,1,3,24,0,0.0,0.0,0.0,0.0,0.0,True,7,557,1
3155,1,1,1,38,0,0.0,0.0,0.0,0.0,0.0,False,7,546,0
3156,1,0,1,11,0,0.0,0.0,0.0,0.0,0.0,True,7,546,0
3157,1,0,3,6,0,0.0,0.0,0.0,0.0,0.0,False,7,546,0
3158,2,0,1,49,0,0.0,104.0,809.0,3668.0,7.0,False,3,112,1
3159,2,0,1,55,0,0.0,5971.0,158.0,4125.0,1984.0,False,3,112,1
3160,1,1,1,15,0,0.0,0.0,0.0,0.0,0.0,True,7,547,0
3161,1,0,1,19,0,90.0,0.0,0.0,74.0,595.0,False,6,701,1
3162,1,1,1,16,0,0.0,0.0,0.0,0.0,306.7894819713431,True,7,558,1
3163,2,0,1,48,0,0.0,12.0,0.0,7967.0,15.0,False,2,107,1
3164,2,1,3,25,0,0.0,0.0,0.0,0.0,0.0,True,2,107,1
3165,2,0,1,23,0,2.0,6748.0,0.0,23.0,0.0,True,2,107,1
3166,1,1,2,27,0,0.0,0.0,0.0,0.0,0.0,False,7,559,1
3167,1,0,1,39,0,505.0,178.0,181.0,0.0,0.0,False,6,702,1
3168,1,0,1,28,0,0.0,1376.0,4.0,0.0,0.0,True,6,703,1
3169,3,1,1,72,0,222.89785157787045,0.0,0.0,0.0,0.0,True,6,646,0
3170,3,0,1,47,0,2267.0,0.0,117.0,0.0,0.0,False,4,108,1
3171,1,1,1,65,0,0.0,0.0,0.0,0.0,0.0,False,7,548,0
3172,1,0,2,40,0,15.0,0.0,0.0,670.0,306.7894819713431,False,6,704,1
3173,2,0,3,18,0,0.0,0.0,0.0,0.0,0.0,True,5,209,1
3174,2,1,1,27,0,0.0,0.0,0.0,0.0,0.0,True,5,209,1
3175,1,1,1,21,0,0.0,0.0,0.0,0.0,0.0,True,7,561,1
3176,1,0,1,37,0,190.0,0.0,2.0,799.0,0.0,False,5,233,0
3177,2,0,1,31,0,0.0,1216.0,0.0,897.0,478.0,False,5,234,0
3178,1,0,1,33,0,22.0,37.0,415.0,0.0,333.0,False,7,549,0
3179,2,1,3,53,0,0.0,0.0,0.0,0.0,0.0,True,3,113,1
3180,2,0,1,27,0,0.0,18481.0,0.0,2.0,3875.0,True,3,113,1
3181,1,0,1,74,0,0.0,193.0,581.0,0.0,0.0,True,7,551,0
3182,3,1,1,28,0,0.0,0.0,0.0,0.0,0.0,True,6,705,1
3183,1,0,2,23,0,381.0,0.0,137.0,104.0,8.0,False,6,706,1
3184,2,0,3,74,0,0.0,1026.0,0.0,6616.0,119.0,False,3,114,1
3185,1,1,1,23,0,0.0,0.0,0.0,0.0,0.0,True,7,562,1
3186,1,0,2,26,0,6.0,0.0,400.0,2.0,373.0,False,7,553,0
3187,1,1,1,0,0,0.0,0.0,0.0,0.0,0.0,True,7,553,0
3188,1,1,1,0,0,0.0,0.0,0.0,0.0,0.0,True,7,564,1
3189,1,0,3,24,0,95.0,35.0,1442.0,0.0,0.0,False,6,707,1
3190,2,1,1,28,0,0.0,451.96167494677076,0.0,0.0,0.0,True,2,130,0
3191,2,0,1,17,0,0.0,0.0,0.0,0.0,0.0,True,2,130,0
3192,1,1,3,26,0,0.0,0.0,0.0,0.0,0.0,True,2,130,0
3193,2,0,1,39,0,0.0,2.0,0.0,909.0,3291.0,False,2,130,0
3194,1,0,1,17,0,0.0,83.0,0.0,0.0,943.0,False,7,565,1
3195,1,0,3,15,0,350.0,0.0,91.0,198.0,0.0,False,6,647,0
3196,1,0,1,37,0,503.0,0.0,26.0,0.0,116.0,False,6,708,1
3197,1,0,1,38,0,792.0,0.0,174.90603284902085,1.0,29.0,True,6,648,0
3198,2,0,3,33,0,0.0,27071.0,0.0,15.0,0.0,True,2,131,0
3199,2,1,1,16,0,0.0,0.0,0.0,0.0,0.0,True,2,131,0
3200,2,0,1,41,1,0.0,649.0,0.0,945.0,306.7894819713431,True,2,131,0
3201,2,0,1,7,0,0.0,0.0,0.0,0.0,0.0,True,2,131,0
3202,1,0,1,20,0,1.0,760.0,174.90603284902085,21.0,0.0,False,7,554,0
3203,1,1,2,44,0,0.0,0.0,0.0,0.0,0.0,True,7,555,0
3204,1,0,1,42,0,1196.0,0.0,0.0,68.0,1.0,False,6,649,0
3205,1,0,1,29,0,0.0,4.0,0.0,0.0,904.0,False,7,556,0
3206,2,0,3,22,0,0.0,4209.0,26.0,2462.0,466.0,True,2,132,0
3207,2,0,1,21,0,0.0,2834.0,0.0,414.0,558.0,True,2,132,0
3208,1,1,1,21,0,0.0,0.0,0.0,0.0,0.0,False,7,567,1
3209,1,1,1,21,0,0.0,0.0,0.0,0.0,0.0,False,7,568,1
3210,3,1,1,13,0,0.0,0.0,0.0,0.0,0.0,True,6,709,1
3211,1,1,2,16,0,0.0,0.0,0.0,0.0,0.0,True,7,558,0
3212,3,1,3,36,0,0.0,0.0,0.0,308.4769036733407,0.0,True,6,710,1
3213,1,1,1,36,0,0.0,0.0,0.0,0.0,0.0,True,7,560,0
3214,1,0,2,26,0,86.0,377.0,0.0,0.0,77.0,False,7,569,1
3215,2,1,1,28,0,0.0,451.96167494677076,0.0,0.0,0.0,True,3,115,1
3216,1,0,1,14,0,0.0,0.0,533.0,266.0,93.0,False,7,561,0
3217,1,1,1,29,0,0.0,0.0,0.0,0.0,0.0,False,7,561,0
3218,3,0,1,19,0,506.0,0.0,395.0,159.0,229.0,False,6,711,1
3219,1,0,1,51,0,90.0,0.0,0.0,881.0,0.0,False,6,712,1
3220,1,1,1,64,0,0.0,0.0,0.0,0.0,0.0,True,7,562,0
3221,2,1,1,41,0,0.0,0.0,0.0,0.0,0.0,True,2,109,1
3222,1,1,1,28,0,0.0,0.0,0.0,0.0,0.0,False,7,563,0
3223,1,1,3,16,0,0.0,0.0,0.0,0.0,0.0,True,7,563,0
3224,1,0,1,20,0,0.0,880.0,5.0,25.0,490.0,False,6,654,0
3225,2,1,1,31,0,0.0,0.0,0.0,0.0,0.0,True,2,110,1
3226,2,0,1,38,0,0.0,952.0,0.0,0.0,1790.0,False,2,110,1
3227,2,1,3,59,0,0.0,0.0,0.0,0.0,0.0,True,2,110,1
3228,2,1,1,18,0,0.0,0.0,174.90603284902085,0.0,0.0,True,2,110,1
3229,2,1,1,33,0,0.0,0.0,0.0,0.0,0.0,True,3,126,0
3230,2,0,1,33,0,0.0,590.0,174.90603284902085,3.0,6569.0,False,3,126,0
3231,2,0,3,49,0,0.0,8766.0,15.0,149.0,178.0,True,3,126,0
3232,1,0,3,4,0,0.0,451.96167494677076,0.0,0.0,0.0,True,7,571,1
3233,1,0,3,0,0,0.0,0.0,0.0,0.0,0.0,True,7,571,1
3234,1,0,3,0,0,0.0,0.0,0.0,308.4769036733407,0.0,True,7,571,1
3235,1,0,1,24,0,1.0,467.0,4.0,0.0,341.0,False,7,571,1
3236,2,0,1,52,0,0.0,0.0,0.0,0.0,0.0,False,2,111,1
3237,1,0,2,50,0,121.0,558.0,0.0,10.0,0.0,False,6,655,0
3238,1,0,2,31,0,0.0,627.0,1.0,0.0,13.0,False,6,717,1
3239,1,1,1,25,0,0.0,0.0,0.0,0.0,0.0,False,7,573,1
3240,1,0,2,62,0,3.0,0.0,2908.0,0.0,0.0,True,6,718,1
3241,2,0,1,49,0,0.0,1855.0,0.0,166.0,1655.0,False,5,237,0
3242,2,1,1,24,0,0.0,0.0,0.0,0.0,0.0,True,5,237,0
3243,2,0,1,33,0,0.0,3157.0,0.0,131.0,0.0,True,5,237,0
3244,1,0,1,20,0,0.0,559.0,21.0,0.0,5.0,True,6,656,0
3245,2,0,3,46,0,0.0,0.0,0.0,1529.0,3069.0,False,1,39,0
3246,2,0,1,26,0,0.0,0.0,0.0,0.0,0.0,False,4,110,1
3247,2,0,1,52,0,6.0,2333.0,11.0,1149.0,1.0,False,4,110,1
3248,3,0,1,28,0,274.0,0.0,693.0,944.0,0.0,False,6,719,1
3249,3,1,1,39,0,0.0,0.0,0.0,0.0,0.0,True,6,719,1
3250,2,0,1,29,0,4.0,3439.0,0.0,0.0,0.0,True,4,111,1
3251,2,0,3,19,0,0.0,1347.0,0.0,1756.0,37.0,True,4,111,1
3252,1,0,1,15,0,0.0,0.0,0.0,6.0,607.0,False,6,720,1
3253,1,0,1,33,0,44.0,630.0,18.0,96.0,0.0,False,5,238,0
3254,2,0,1,47,0,0.0,10679.0,0.0,273.0,80.0,True,3,127,0
3255,2,0,1,34,0,0.0,6229.0,0.0,2279.0,587.0,True,3,127,0
3256,2,1,3,26,0,0.0,0.0,0.0,0.0,0.0,True,3,127,0
3257,2,1,1,15,0,0.0,0.0,0.0,0.0,0.0,True,3,127,0
3258,3,1,1,28,0,0.0,0.0,0.0,0.0,0.0,True,6,722,1
3259,3,0,1,27,0,542.0,0.0,1231.0,0.0,1.0,False,6,722,1
3260,3,0,1,38,1,66.0,0.0,991.0,0.0,0.0,False,4,113,1
3261,1,0,1,21,0,196.0,5.0,674.0,12.0,20.0,False,7,574,1
3262,1,0,1,1,0,0.0,0.0,0.0,0.0,0.0,True,7,574,1
3263,1,0,1,38,0,0.0,1025.0,23.0,0.0,0.0,True,6,723,1
3264,1,0,1,0,0,0.0,0.0,0.0,0.0,0.0,False,7,574,1
3265,3,0,1,32,0,1272.0,0.0,1103.0,9.0,0.0,False,6,82,0
3266,1,1,1,27,0,0.0,0.0,0.0,0.0,0.0,True,7,575,1
3267,2,1,3,48,0,0.0,0.0,0.0,0.0,0.0,True,2,113,1
3268,3,0,3,22,0,124.0,0.0,1763.0,0.0,1014.0,False,6,661,0
3269,1,0,3,28,0,1.0,0.0,857.0,0.0,0.0,False,6,662,0
3270,1,0,1,19,0,122.0,170.0,52.0,0.0,465.0,False,7,576,1
3271,3,1,1,37,0,0.0,0.0,0.0,0.0,0.0,False,6,725,1
3272,3,1,1,46,0,0.0,0.0,0.0,0.0,0.0,True,6,725,1
3273,1,1,1,26,0,0.0,0.0,0.0,0.0,0.0,True,7,566,0
3274,1,0,1,16,0,0.0,0.0,722.0,0.0,1.0,True,7,577,1
3275,1,1,1,0,0,0.0,0.0,0.0,0.0,0.0,True,7,577,1
3276,1,1,1,0,0,0.0,0.0,0.0,0.0,0.0,True,7,577,1
3277,1,0,1,26,0,0.0,597.0,0.0,0.0,212.0,False,7,578,1
3278,1,1,2,13,0,0.0,0.0,0.0,0.0,0.0,True,6,82,0
3279,2,1,3,23,0,0.0,0.0,0.0,0.0,0.0,True,6,82,0
3280,2,1,1,70,0,0.0,0.0,0.0,0.0,0.0,True,2,135,0
3281,1,1,1,21,0,0.0,0.0,0.0,0.0,0.0,True,6,664,0
3282,3,1,1,40,0,0.0,0.0,0.0,0.0,0.0,True,6,727,1
3283,3,0,1,18,1,733.0,0.0,688.0,1.0,0.0,False,6,729,1
3284,1,0,1,23,0,1.0,0.0,778.0,8.0,306.7894819713431,True,6,666,0
3285,1,1,1,15,0,0.0,0.0,0.0,0.0,0.0,True,7,568,0
3286,3,0,3,28,0,809.0,0.0,31.0,733.0,0.0,False,6,731,1
3287,3,1,1,45,0,222.89785157787045,0.0,0.0,0.0,0.0,True,6,731,1
3288,3,0,1,18,0,1749.0,50.0,280.0,2.0,0.0,False,5,211,1
3289,1,0,1,23,0,0.0,30.0,0.0,106.0,566.0,False,6,732,1
3290,3,0,1,36,0,1304.0,0.0,7.0,18.0,0.0,False,6,82,0
3291,3,1,1,25,0,0.0,0.0,0.0,0.0,0.0,True,6,668,0
3292,2,1,3,28,0,0.0,0.0,0.0,0.0,0.0,True,1,40,0
3293,1,0,3,29,0,0.0,10.0,0.0,0.0,715.0,False,6,733,1
3294,1,0,1,31,0,1.0,110.0,274.0,27.0,376.0,False,5,239,0
3295,1,1,2,14,0,0.0,0.0,0.0,0.0,0.0,True,7,579,1
3296,3,1,1,31,0,0.0,0.0,0.0,0.0,0.0,True,6,669,0
3297,2,0,1,39,0,0.0,2804.0,0.0,130.0,139.0,True,3,116,1
3298,2,1,3,17,0,0.0,0.0,0.0,0.0,0.0,True,3,116,1
3299,2,1,1,56,0,0.0,0.0,0.0,0.0,0.0,True,3,116,1
3300,1,0,1,36,0,0.0,10.0,0.0,0.0,306.7894819713431,False,6,672,0
3301,3,0,3,21,0,1099.0,451.96167494677076,1820.0,0.0,0.0,False,4,112,0
3302,1,0,1,48,0,0.0,1794.0,0.0,0.0,5.0,True,7,580,1
3303,1,1,1,53,0,0.0,0.0,0.0,0.0,0.0,False,7,570,0
3304,1,1,2,5,0,0.0,0.0,0.0,0.0,0.0,False,7,570,0
3305,1,1,1,21,0,0.0,0.0,0.0,0.0,0.0,False,7,570,0
3306,2,0,3,50,0,4.0,217.0,0.0,2581.0,436.0,False,2,136,0
3307,2,1,1,18,0,0.0,0.0,0.0,0.0,0.0,True,2,136,0
3308,3,0,1,28,0,3.0,0.0,0.0,327.0,2054.0,False,6,82,0
3309,1,0,1,28,0,766.0,0.0,1.0,258.0,26.0,True,6,735,1
3310,1,1,1,18,0,0.0,0.0,0.0,0.0,0.0,True,7,572,0
3311,3,0,1,37,0,78.0,0.0,0.0,2948.0,0.0,False,4,115,1
3312,3,1,1,19,0,0.0,0.0,0.0,0.0,0.0,True,6,737,1
3313,3,0,1,27,0,249.0,0.0,65.0,812.0,55.0,False,4,116,1
3314,3,0,2,37,0,3.0,0.0,800.0,76.0,0.0,True,4,117,1
3315,3,1,1,43,0,0.0,0.0,0.0,0.0,0.0,True,6,738,1
3316,3,0,1,17,0,1617.0,0.0,1777.0,0.0,0.0,True,4,118,1
3317,3,0,3,21,0,2581.0,354.0,1158.0,139.0,548.0,False,5,212,1
3318,3,0,3,55,0,14.0,0.0,0.0,3778.0,1.0,False,4,119,1
3319,1,1,1,14,0,0.0,0.0,0.0,0.0,0.0,True,7,581,1
3320,1,1,1,24,0,0.0,0.0,0.0,0.0,0.0,False,7,582,1
3321,1,1,2,26,0,0.0,0.0,0.0,0.0,0.0,True,7,583,1
3322,1,0,3,19,0,0.0,336.0,508.0,1.0,0.0,True,7,573,0
3323,1,0,1,20,0,0.0,0.0,2687.0,35.0,340.0,False,6,739,1
3324,1,0,1,14,0,30.0,59.0,0.0,572.0,0.0,False,6,740,1
3325,3,1,1,19,0,0.0,0.0,0.0,0.0,0.0,True,6,741,1
3326,1,0,2,15,0,85.0,373.0,160.0,5.0,0.0,True,7,574,0
3327,1,0,1,25,0,19.0,0.0,0.0,1679.0,0.0,False,7,584,1
3328,1,0,2,24,0,0.0,33.0,0.0,84.0,1062.0,False,6,673,0
3329,1,0,1,22,0,0.0,4.0,0.0,0.0,1267.0,True,6,742,1
3330,3,0,1,26,0,1178.0,7.0,0.0,7.0,0.0,False,6,743,1
3331,3,1,3,23,0,0.0,0.0,0.0,0.0,0.0,True,6,82,0
3332,1,0,2,20,0,0.0,0.0,1.0,0.0,2260.0,False,6,675,0
3333,1,0,1,53,0,323.0,120.0,14.0,450.0,0.0,True,7,585,1
3334,1,0,1,55,0,42.0,4.0,1215.0,0.0,3.0,True,6,676,0
3335,1,0,1,22,0,0.0,0.0,0.0,739.0,29.0,False,7,586,1
3336,3,0,1,35,0,576.0,0.0,459.0,22.0,0.0,False,4,120,1
3337,3,0,1,40,0,787.0,0.0,88.0,0.0,0.0,False,4,120,1
3338,1,0,1,22,0,0.0,0.0,0.0,0.0,1609.0,False,5,214,1
3339,3,0,2,22,0,193.0,1.0,640.0,15.0,30.0,True,4,121,1
3340,3,0,1,21,0,354.0,113.0,174.90603284902085,487.0,0.0,False,5,215,1
3341,1,1,2,64,0,0.0,0.0,0.0,0.0,0.0,True,7,588,1
3342,2,1,1,40,0,0.0,0.0,0.0,0.0,0.0,True,2,139,0
3343,3,0,1,8,0,0.0,0.0,0.0,0.0,0.0,True,6,745,1
3344,1,0,1,25,0,0.0,813.0,89.0,12.0,0.0,False,7,589,1
3345,1,0,3,19,0,616.0,0.0,46.0,0.0,14.0,False,6,82,0
3346,1,1,1,24,0,0.0,0.0,0.0,0.0,0.0,True,7,580,0
3347,3,0,1,11,0,0.0,0.0,0.0,0.0,0.0,True,6,678,0
3348,1,1,3,31,0,0.0,0.0,0.0,0.0,0.0,True,7,592,1
3349,1,1,1,46,0,0.0,0.0,0.0,0.0,0.0,False,7,593,1
3350,3,1,1,31,0,0.0,0.0,0.0,0.0,0.0,True,6,747,1
3351,2,1,3,17,0,0.0,0.0,0.0,0.0,0.0,True,4,122,1
3352,2,1,1,16,0,0.0,0.0,0.0,0.0,0.0,True,4,122,1
3353,2,0,1,57,0,0.0,0.0,0.0,0.0,0.0,True,4,122,1
3354,2,0,3,28,0,5.0,2052.0,0.0,3340.0,306.7894819713431,False,3,118,1
3355,2,0,1,27,0,0.0,325.0,0.0,8.0,1622.0,False,3,118,1
3356,2,0,3,28,0,0.0,0.0,0.0,0.0,0.0,True,3,118,1
3357,2,1,3,26,0,0.0,0.0,0.0,0.0,0.0,True,3,118,1
3358,1,1,1,17,0,0.0,0.0,0.0,0.0,0.0,True,7,582,0
3359,1,0,1,36,0,5.0,451.96167494677076,896.0,0.0,1.0,True,6,680,0
3360,1,0,1,24,0,1.0,790.0,0.0,0.0,0.0,True,5,241,0
3361,1,0,1,18,0,0.0,733.0,0.0,0.0,0.0,True,6,748,1
3362,1,0,1,20,0,2.0,0.0,7.0,2.0,547.0,False,6,749,1
3363,1,0,3,10,0,0.0,0.0,0.0,0.0,0.0,False,7,583,0
3364,1,0,1,28,0,2.0,753.0,5.0,0.0,0.0,True,6,682,0
3365,1,1,3,23,0,0.0,0.0,0.0,0.0,0.0,True,7,584,0
3366,2,0,1,36,0,43.0,2.0,0.0,14.0,16337.0,False,2,114,1
3367,2,1,3,27,0,0.0,0.0,0.0,0.0,0.0,True,2,115,1
3368,2,1,3,54,0,0.0,0.0,0.0,0.0,0.0,True,3,119,1
3369,2,0,3,38,0,222.89785157787045,3456.0,0.0,1486.0,1157.0,False,3,119,1
3370,1,0,1,29,0,0.0,0.0,0.0,0.0,0.0,False,7,594,1
3371,1,0,1,37,0,0.0,559.0,366.0,0.0,62.0,True,5,216,1
3372,1,1,1,36,0,0.0,0.0,0.0,0.0,0.0,True,7,586,0
3373,1,0,3,18,0,42.0,103.0,0.0,498.0,0.0,False,6,752,1
3374,3,1,1,28,0,0.0,0.0,0.0,0.0,0.0,True,6,753,1
3375,1,0,2,61,0,0.0,1.0,276.0,410.0,54.0,False,6,754,1
3376,1,0,1,19,0,0.0,0.0,0.0,484.0,344.0,False,6,755,1
3377,1,0,1,29,0,25.0,692.0,0.0,0.0,1.0,True,5,242,0
3378,3,0,1,37,0,1280.0,0.0,1.0,111.0,408.0,False,4,123,1
3379,2,0,1,29,0,125.0,5151.0,9.0,1.0,1.0,True,2,140,0
3380,1,0,3,38,0,0.0,695.0,0.0,49.0,876.0,False,5,244,0
3381,1,1,1,41,0,0.0,0.0,0.0,0.0,0.0,False,7,589,0
3382,1,1,2,23,0,0.0,0.0,0.0,0.0,0.0,True,7,595,1
3383,1,0,1,48,0,222.89785157787045,0.0,1.0,0.0,0.0,False,7,595,1
3384,1,0,1,0,0,0.0,0.0,0.0,0.0,0.0,True,6,82,0
3385,1,0,1,46,0,105.0,335.0,0.0,72.0,388.0,False,6,757,1
3386,3,1,1,36,0,0.0,0.0,0.0,0.0,0.0,True,6,686,0
3387,3,1,1,42,0,0.0,0.0,0.0,0.0,0.0,True,4,124,1
3388,3,1,1,28,0,0.0,0.0,0.0,0.0,0.0,True,4,124,1
3389,3,1,1,16,0,0.0,0.0,0.0,0.0,0.0,True,4,124,1
3390,3,1,1,43,0,0.0,0.0,0.0,0.0,0.0,True,4,124,1
3391,3,1,1,40,0,0.0,0.0,174.90603284902085,0.0,306.7894819713431,True,4,124,1
3392,2,1,3,22,0,0.0,0.0,0.0,0.0,0.0,True,3,132,0
3393,1,0,2,39,0,0.0,0.0,0.0,1144.0,0.0,False,6,687,0
3394,1,1,1,37,0,0.0,0.0,0.0,0.0,0.0,True,7,596,1
3395,1,1,1,28,0,0.0,0.0,0.0,0.0,0.0,False,7,591,0
3396,1,0,1,29,0,97.0,0.0,444.0,366.0,0.0,False,7,592,0
3397,1,0,3,14,0,1.0,0.0,827.0,0.0,3.0,False,6,689,0
3398,1,0,1,15,0,0.0,398.0,0.0,467.0,0.0,False,6,689,0
3399,1,0,1,17,0,0.0,432.0,0.0,3003.0,0.0,False,6,690,0
3400,1,1,1,4,0,0.0,0.0,0.0,0.0,0.0,True,7,593,0
3401,1,0,1,24,0,3.0,2053.0,335.0,0.0,4.0,True,5,245,0
3402,1,0,1,28,0,42.0,0.0,671.0,71.0,0.0,False,7,594,0
3403,2,0,3,22,0,222.89785157787045,171.0,2233.0,1.0,800.0,True,2,142,0
3404,2,1,3,38,0,0.0,0.0,0.0,0.0,0.0,True,2,142,0
3405,3,1,1,30,0,0.0,451.96167494677076,0.0,0.0,0.0,True,6,691,0
3406,1,1,3,29,0,0.0,0.0,174.90603284902085,0.0,0.0,True,7,595,0
3407,2,1,3,26,0,0.0,0.0,0.0,0.0,0.0,True,1,42,0
3408,2,1,3,41,0,0.0,0.0,0.0,0.0,0.0,True,3,120,1
3409,1,0,1,50,0,43.0,661.0,1.0,85.0,0.0,False,5,246,0
3410,1,0,3,34,0,232.0,457.0,1.0,218.0,0.0,True,7,600,0
3411,1,0,2,24,0,105.0,0.0,37.0,518.0,0.0,False,6,694,0
3412,1,0,1,24,0,0.0,0.0,788.0,0.0,3.0,True,5,247,0
3413,2,0,1,45,0,0.0,0.0,0.0,0.0,0.0,False,2,116,1
3414,2,0,3,35,0,0.0,388.0,0.0,1792.0,2891.0,False,3,121,1
3415,2,1,3,23,0,0.0,0.0,0.0,0.0,0.0,True,3,121,1
3416,2,1,3,23,0,0.0,0.0,0.0,0.0,0.0,True,2,144,0
3417,2,0,1,21,0,4.0,451.96167494677076,137.0,1640.0,455.0,False,2,144,0
3418,3,1,1,19,0,0.0,0.0,0.0,0.0,0.0,True,6,761,1
3419,1,0,1,24,0,25.0,284.0,0.0,330.0,64.0,False,6,696,0
3420,3,0,3,2,0,0.0,0.0,0.0,0.0,0.0,True,6,697,0
3421,3,0,1,0,0,0.0,0.0,0.0,0.0,0.0,True,6,697,0
3422,3,1,1,20,0,0.0,0.0,0.0,0.0,0.0,True,6,697,0
3423,1,0,1,35,0,0.0,30.0,357.0,435.0,0.0,True,6,762,1
3424,3,0,1,34,0,1404.0,0.0,4.0,359.0,0.0,False,6,763,1
3425,1,0,1,26,0,808.0,60.0,0.0,16.0,3.0,False,7,598,1
3426,1,1,1,26,0,0.0,0.0,0.0,0.0,0.0,True,7,603,0
3427,2,1,3,32,0,0.0,0.0,0.0,0.0,0.0,True,3,123,1
3428,2,0,3,25,0,0.0,17432.0,0.0,241.0,2102.0,True,3,123,1
3429,2,1,3,30,0,0.0,0.0,0.0,0.0,0.0,True,3,123,1
3430,2,0,1,57,0,0.0,3859.0,13.0,195.0,3874.0,False,3,123,1
3431,1,0,1,23,0,58.0,396.0,15.0,308.4769036733407,180.0,False,6,767,1
3432,3,1,1,32,0,0.0,0.0,0.0,0.0,0.0,False,5,220,1
3433,1,1,1,27,0,222.89785157787045,0.0,0.0,0.0,0.0,True,6,768,1
3434,3,0,1,20,0,1377.0,267.0,36.0,0.0,0.0,False,6,768,1
3435,1,0,1,21,0,120.0,235.0,0.0,308.4769036733407,0.0,False,6,699,0
3436,1,0,1,19,0,238.0,1.0,28.0,207.0,119.0,False,6,769,1
3437,3,0,1,16,0,424.0,0.0,246.0,370.0,0.0,False,6,770,1
3438,3,0,1,18,0,131.0,0.0,980.0,1.0,0.0,True,6,770,1
3439,1,0,1,18,0,622.0,53.0,8.0,47.0,39.0,False,7,604,0
3440,1,0,1,22,0,0.0,0.0,889.0,0.0,0.0,True,7,604,0
3441,1,1,3,28,0,0.0,0.0,0.0,0.0,0.0,True,7,600,1
3442,1,0,3,35,0,432.0,0.0,377.0,0.0,0.0,False,7,601,1
3443,1,0,1,8,0,0.0,0.0,0.0,0.0,0.0,False,7,601,1
3444,1,1,3,5,0,0.0,0.0,0.0,0.0,0.0,False,7,601,1
3445,3,1,1,40,0,0.0,0.0,0.0,0.0,0.0,True,6,700,0
3446,3,0,1,31,0,3471.0,0.0,232.0,0.0,0.0,False,6,700,0
3447,3,1,1,9,0,0.0,0.0,0.0,0.0,0.0,True,6,700,0
3448,2,1,1,56,0,0.0,0.0,0.0,0.0,0.0,True,3,133,0
3449,2,1,3,39,0,0.0,0.0,0.0,0.0,0.0,True,3,133,0
3450,2,1,1,18,0,0.0,0.0,0.0,0.0,0.0,True,3,133,0
3451,3,0,1,45,0,48.0,1652.0,761.0,138.0,0.0,False,6,702,0
3452,3,0,2,33,0,33.0,397.0,354.0,308.4769036733407,0.0,False,4,116,0
3453,1,1,2,2,0,222.89785157787045,0.0,0.0,0.0,0.0,False,7,602,1
3454,1,1,1,1,0,0.0,0.0,0.0,0.0,0.0,False,7,602,1
3455,1,0,1,2,0,0.0,0.0,0.0,0.0,0.0,True,7,602,1
3456,1,1,1,16,0,0.0,0.0,0.0,0.0,0.0,False,7,602,1
3457,1,0,1,18,0,18.0,2.0,1769.0,1.0,2.0,True,7,603,1
3458,3,0,1,28,1,1193.0,0.0,2509.0,0.0,0.0,False,6,82,0
3459,3,1,1,45,0,0.0,0.0,0.0,0.0,0.0,True,6,704,0
3460,1,1,1,24,0,0.0,0.0,0.0,0.0,0.0,True,7,609,0
3461,1,1,1,35,0,0.0,0.0,0.0,308.4769036733407,0.0,True,7,604,1
3462,1,1,2,16,0,0.0,0.0,0.0,0.0,0.0,True,7,612,0
3463,1,1,2,40,0,0.0,0.0,0.0,0.0,0.0,True,7,605,1
3464,2,1,3,5,0,222.89785157787045,0.0,0.0,0.0,0.0,True,1,43,0
3465,2,0,1,29,0,0.0,8444.0,0.0,2989.0,8735.0,False,1,43,0
3466,2,1,1,31,0,0.0,0.0,0.0,0.0,0.0,True,1,43,0
3467,2,0,3,27,0,3340.0,588.0,174.90603284902085,173.0,71.0,False,1,43,0
3468,2,0,1,34,1,0.0,4.0,0.0,685.0,1779.0,False,4,118,0
3469,1,1,2,15,0,0.0,0.0,0.0,0.0,0.0,True,7,606,1
3470,2,0,1,43,0,2.0,3846.0,0.0,3.0,346.0,True,4,119,0
3471,2,0,3,30,0,0.0,787.0,116.0,1924.0,2.0,False,4,119,0
3472,2,0,1,61,0,328.0,5193.0,0.0,20.0,533.0,True,2,145,0
3473,1,0,1,48,0,0.0,0.0,632.0,250.0,0.0,False,7,614,0
3474,1,1,3,17,0,0.0,0.0,0.0,0.0,0.0,True,7,614,0
3475,1,0,1,19,0,0.0,312.0,2.0,76.0,418.0,False,7,615,0
3476,2,1,1,29,0,0.0,0.0,0.0,0.0,0.0,True,2,117,1
3477,1,1,3,2,0,0.0,0.0,174.90603284902085,0.0,0.0,False,7,607,1
3478,1,1,1,24,0,0.0,0.0,0.0,0.0,0.0,True,7,607,1
3479,1,0,1,19,0,0.0,827.0,5.0,55.0,0.0,False,7,616,0
3480,3,0,2,34,1,0.0,490.0,869.0,0.0,0.0,True,5,249,0
3481,1,0,1,19,0,222.89785157787045,2.0,14.0,755.0,0.0,False,7,608,1
3482,2,0,1,39,0,0.0,2576.0,0.0,234.0,237.0,False,2,118,1
3483,2,1,1,26,0,0.0,0.0,0.0,0.0,0.0,True,2,118,1
3484,2,0,1,53,0,0.0,3377.0,0.0,193.0,5563.0,False,2,118,1
3485,2,1,3,18,0,0.0,0.0,0.0,0.0,0.0,True,2,118,1
3486,3,1,1,28,0,0.0,0.0,0.0,0.0,0.0,True,6,774,1
3487,2,1,3,45,0,0.0,0.0,0.0,0.0,0.0,True,2,119,1
3488,2,1,1,32,0,0.0,0.0,0.0,0.0,0.0,True,2,119,1
3489,1,0,1,18,0,64.0,0.0,3.0,3440.0,5.0,False,6,775,1
3490,1,0,1,48,0,396.0,0.0,174.90603284902085,0.0,297.0,False,7,610,1
3491,1,0,1,24,0,0.0,274.0,594.0,35.0,658.0,True,6,82,0
3492,2,0,1,52,0,0.0,5.0,0.0,108.0,1788.0,False,4,120,0
3493,1,0,3,55,0,0.0,519.0,131.0,63.0,3.0,False,6,776,1
3494,1,1,1,43,0,0.0,0.0,0.0,0.0,306.7894819713431,True,7,611,1
3495,1,1,1,24,0,0.0,0.0,0.0,0.0,0.0,False,6,82,0
3496,1,1,2,8,0,0.0,0.0,0.0,0.0,0.0,False,7,612,1
3497,3,1,1,18,0,222.89785157787045,0.0,0.0,0.0,0.0,True,6,707,0
3498,1,1,1,38,0,0.0,0.0,0.0,0.0,0.0,True,7,617,0
3499,1,0,1,18,0,381.0,4.0,0.0,0.0,368.0,False,7,618,0
3500,1,1,2,23,0,0.0,0.0,0.0,0.0,0.0,True,7,618,0
3501,1,1,1,26,0,0.0,0.0,0.0,0.0,0.0,True,7,619,0
3502,1,1,2,21,0,0.0,0.0,0.0,0.0,0.0,True,7,613,1
3503,1,0,3,45,0,824.0,2196.0,385.0,19.0,1113.0,True,5,222,1
3504,3,1,1,24,0,0.0,0.0,0.0,308.4769036733407,0.0,True,6,709,0
3505,2,0,3,44,0,0.0,280.0,112.0,0.0,9244.0,False,2,146,0
3506,1,0,1,20,0,0.0,0.0,717.0,0.0,0.0,True,6,710,0
3507,3,0,1,47,0,1037.0,0.0,258.0,4.0,0.0,False,5,251,0
3508,1,1,1,16,0,0.0,0.0,0.0,308.4769036733407,0.0,True,7,615,1
3509,2,0,1,28,0,80.0,828.0,0.0,4494.0,4269.0,False,2,120,1
3510,1,0,3,8,0,0.0,0.0,0.0,0.0,0.0,True,7,616,1
3511,1,0,1,20,0,0.0,451.96167494677076,422.0,0.0,0.0,True,6,777,1
3512,1,0,2,22,0,2.0,257.0,348.0,2.0,0.0,True,6,711,0
3513,1,0,1,42,0,55.0,0.0,1503.0,0.0,0.0,True,6,711,0
3514,1,0,2,23,0,0.0,552.0,44.0,0.0,661.0,True,6,711,0
3515,1,0,1,30,0,513.0,0.0,0.0,0.0,317.0,False,6,778,1
3516,1,1,1,18,0,0.0,0.0,0.0,0.0,0.0,False,7,617,1
3517,1,0,1,35,0,227.0,117.0,394.0,9.0,56.0,False,6,778,1
3518,3,1,1,42,0,0.0,0.0,0.0,0.0,0.0,True,6,712,0
3519,3,1,1,46,0,0.0,0.0,0.0,0.0,306.7894819713431,True,6,712,0
3520,2,0,1,29,0,2.0,407.0,4509.0,1433.0,9.0,True,3,134,0
3521,2,1,3,35,0,0.0,0.0,0.0,0.0,0.0,True,2,147,0
3522,1,0,1,48,0,0.0,21.0,0.0,0.0,786.0,True,6,713,0
3523,1,0,1,24,0,1.0,677.0,13.0,10.0,0.0,True,6,714,0
3524,2,0,1,38,0,821.0,960.0,0.0,27.0,321.0,False,1,44,0
3525,1,0,3,51,0,183.0,0.0,1.0,0.0,1103.0,False,6,780,1
3526,1,0,1,77,0,0.0,451.96167494677076,131.0,3981.0,108.0,False,7,618,1
3527,1,1,1,22,0,0.0,0.0,0.0,0.0,0.0,False,7,619,1
3528,3,0,1,38,1,222.89785157787045,0.0,1355.0,0.0,0.0,False,5,252,0
3529,3,0,1,42,0,913.0,4.0,1.0,1465.0,0.0,False,4,121,0
3530,3,1,1,55,0,0.0,0.0,0.0,0.0,0.0,True,6,716,0
3531,3,0,1,7,0,0.0,0.0,0.0,0.0,0.0,True,6,716,0
3532,3,0,1,28,0,132.0,75.0,849.0,0.0,0.0,True,4,122,0
3533,3,0,1,25,0,519.0,0.0,284.0,0.0,0.0,False,4,127,1
3534,1,1,1,15,0,0.0,0.0,0.0,0.0,0.0,True,7,620,0
3535,1,1,1,13,0,0.0,451.96167494677076,0.0,308.4769036733407,0.0,True,7,620,1
3536,1,1,3,23,0,0.0,0.0,0.0,0.0,0.0,True,7,622,0
3537,2,1,3,28,0,0.0,0.0,0.0,0.0,0.0,True,3,136,0
3538,2,0,3,33,0,90.0,26830.0,0.0,27.0,703.0,True,2,121,1
3539,2,0,1,26,0,0.0,0.0,0.0,0.0,0.0,False,2,122,1
3540,2,1,1,67,0,0.0,0.0,0.0,0.0,0.0,True,5,253,0
3541,1,0,3,27,0,0.0,0.0,0.0,36.0,437.0,False,7,622,1
3542,3,0,1,33,0,25.0,0.0,1376.0,604.0,0.0,False,6,782,1
3543,1,0,1,18,0,0.0,17.0,0.0,0.0,784.0,False,6,783,1
3544,1,0,1,36,0,357.0,0.0,114.0,0.0,306.7894819713431,False,6,784,1
3545,1,1,1,18,0,0.0,0.0,0.0,0.0,0.0,True,7,623,0
3546,1,0,1,51,0,406.0,0.0,53.0,0.0,350.0,False,7,624,0
3547,3,1,1,54,0,0.0,0.0,0.0,0.0,0.0,True,6,786,1
3548,3,0,1,33,0,3361.0,0.0,13.0,15.0,0.0,False,4,128,1
3549,1,0,1,18,0,14.0,651.0,11.0,17.0,306.7894819713431,False,6,717,0
3550,2,1,1,57,0,0.0,0.0,0.0,0.0,0.0,True,4,129,1
3551,1,0,1,23,0,0.0,0.0,0.0,724.0,80.0,False,6,787,1
3552,1,0,1,24,0,58.0,0.0,4.0,789.0,54.0,False,5,225,1
3553,3,0,1,20,0,984.0,1.0,921.0,0.0,306.7894819713431,False,5,226,1
3554,1,0,1,32,0,0.0,600.0,80.0,0.0,18.0,False,6,82,0
3555,3,1,1,21,0,0.0,0.0,0.0,0.0,0.0,True,6,790,1
3556,1,0,2,28,0,0.0,2.0,0.0,0.0,867.0,False,6,82,0
3557,1,0,2,41,0,0.0,122.0,0.0,104.0,486.0,False,6,718,0
3558,3,0,1,27,0,1192.0,0.0,0.0,0.0,0.0,True,6,719,0
3559,1,0,2,49,0,0.0,51.0,101.0,50.0,306.7894819713431,True,7,625,0
3560,1,0,1,18,0,0.0,0.0,0.0,1565.0,224.0,False,7,626,0
3561,1,0,3,34,0,71.0,0.0,242.0,393.0,0.0,False,7,627,0
3562,3,0,1,73,0,799.0,0.0,190.0,68.0,0.0,False,4,123,0
3563,1,0,1,40,0,1387.0,614.0,1564.0,5.0,0.0,False,7,627,1
3564,1,0,2,63,0,1.0,897.0,0.0,0.0,8.0,False,5,255,0
3565,3,0,1,21,0,1060.0,0.0,91.0,0.0,0.0,True,6,723,0
3566,1,0,1,21,0,28.0,580.0,0.0,0.0,236.0,True,5,227,1
3567,3,0,1,23,0,418.0,4.0,627.0,0.0,0.0,False,5,228,1
3568,3,0,1,31,0,1049.0,31.0,227.0,2.0,0.0,False,6,793,1
3569,1,0,3,41,0,312.0,89.0,44.0,0.0,252.0,False,6,794,1
3570,1,1,1,15,0,0.0,0.0,0.0,0.0,0.0,True,7,630,1
3571,2,0,1,36,0,90.0,2050.0,0.0,15.0,1244.0,False,3,126,1
3572,1,0,1,24,0,4.0,314.0,0.0,0.0,428.0,False,6,795,1
3573,1,0,1,27,0,0.0,253.0,0.0,79.0,421.0,False,7,631,1
3574,2,0,3,24,0,38.0,257.0,0.0,54.0,4184.0,False,3,137,0
3575,2,1,3,19,0,0.0,0.0,0.0,0.0,0.0,True,3,137,0
3576,2,0,1,25,0,0.0,6130.0,0.0,36.0,1.0,True,3,137,0
3577,2,1,3,39,0,0.0,0.0,0.0,0.0,0.0,True,3,137,0
3578,2,1,1,15,0,0.0,0.0,0.0,0.0,0.0,True,3,137,0
3579,2,0,1,31,0,0.0,1565.0,0.0,97.0,1678.0,True,3,137,0
3580,2,1,3,25,0,0.0,0.0,0.0,0.0,0.0,True,3,137,0
3581,2,0,1,57,0,205.0,4415.0,0.0,1589.0,305.0,False,3,127,1
3582,3,1,1,28,0,0.0,0.0,0.0,0.0,0.0,True,6,796,1
3583,1,0,2,18,0,16.0,6.0,735.0,0.0,0.0,True,6,725,0
3584,1,1,1,33,0,0.0,0.0,0.0,0.0,0.0,True,7,632,1
3585,1,0,1,23,0,339.0,754.0,7.0,0.0,0.0,True,6,726,0
3586,2,1,3,34,0,0.0,0.0,174.90603284902085,0.0,0.0,True,5,230,1
3587,3,1,3,38,0,0.0,0.0,0.0,0.0,0.0,True,6,729,0
3588,3,0,1,21,0,2627.0,0.0,597.0,0.0,0.0,True,5,256,0
3589,3,1,1,31,0,0.0,0.0,0.0,0.0,0.0,False,5,256,0
3590,3,0,1,13,0,974.0,0.0,1883.0,0.0,505.0,False,4,124,0
3591,3,0,1,54,0,149.0,981.0,215.0,0.0,0.0,True,6,729,0
3592,3,0,1,13,0,1008.0,667.0,8.0,0.0,306.7894819713431,False,6,729,0
3593,3,0,1,18,0,12.0,451.96167494677076,1105.0,658.0,16.0,False,4,124,0
3594,2,1,1,28,0,0.0,0.0,0.0,0.0,0.0,True,4,125,0
3595,1,0,1,43,0,0.0,0.0,7.0,0.0,963.0,False,6,797,1
3596,1,0,1,56,0,3.0,451.96167494677076,768.0,0.0,306.7894819713431,True,6,798,1
3597,1,0,1,63,0,1540.0,451.96167494677076,0.0,0.0,1.0,False,6,731,0
3598,1,0,1,9,0,0.0,0.0,0.0,0.0,0.0,True,7,630,0
3599,1,0,1,9,0,0.0,0.0,0.0,0.0,0.0,False,7,630,0
3600,1,0,1,0,0,0.0,0.0,0.0,0.0,0.0,True,7,630,0
3601,1,0,3,16,0,0.0,0.0,623.0,40.0,209.0,True,6,731,0
3602,1,1,1,42,0,0.0,0.0,0.0,0.0,0.0,True,7,630,0
3603,1,1,1,9,0,0.0,0.0,0.0,0.0,0.0,False,7,630,0
3604,2,1,3,22,0,0.0,0.0,0.0,0.0,0.0,True,2,148,0
3605,2,1,3,47,0,0.0,0.0,0.0,0.0,0.0,True,2,149,0
3606,3,1,1,30,0,0.0,0.0,0.0,0.0,0.0,True,6,799,1
3607,1,0,1,29,0,2478.0,0.0,31.0,4.0,11.0,False,6,800,1
3608,1,0,1,28,0,86.0,218.0,0.0,0.0,479.0,False,7,631,0
3609,1,0,1,22,0,158.0,1556.0,1189.0,845.0,96.0,True,5,258,0
3610,1,0,1,19,0,0.0,0.0,3.0,785.0,0.0,False,5,232,1
3611,3,0,3,31,0,796.0,0.0,70.0,595.0,0.0,False,6,801,1
3612,2,1,3,17,0,0.0,0.0,0.0,0.0,0.0,True,2,150,0
3613,2,0,1,38,0,0.0,3060.0,0.0,4.0,2325.0,False,2,150,0
3614,2,1,3,13,0,0.0,0.0,0.0,308.4769036733407,0.0,True,2,150,0
3615,1,1,2,36,0,0.0,0.0,0.0,0.0,0.0,True,7,633,1
3616,1,0,1,0,0,0.0,0.0,0.0,0.0,0.0,True,7,633,0
3617,1,1,1,21,0,0.0,0.0,0.0,0.0,0.0,True,7,634,0
3618,1,0,2,18,0,0.0,525.0,0.0,0.0,84.0,True,6,735,0
3619,3,1,1,36,0,0.0,0.0,0.0,0.0,0.0,False,5,233,1
3620,3,0,1,27,0,847.0,451.96167494677076,4.0,0.0,1.0,False,5,233,1
3621,3,0,1,5,0,0.0,0.0,0.0,0.0,0.0,True,5,233,1
3622,1,0,3,18,0,0.0,4387.0,0.0,2241.0,0.0,True,3,140,0
3623,1,1,1,25,0,0.0,0.0,0.0,0.0,0.0,False,7,635,1
3624,1,1,1,14,0,0.0,0.0,0.0,0.0,0.0,True,7,636,0
3625,2,1,1,23,0,0.0,0.0,0.0,0.0,0.0,True,5,234,1
3626,1,0,3,2,0,0.0,0.0,0.0,0.0,0.0,False,7,636,1
3627,1,1,1,1,0,0.0,0.0,0.0,0.0,0.0,False,7,636,1
3628,1,1,3,7,0,0.0,0.0,0.0,308.4769036733407,0.0,True,7,636,1
3629,1,0,2,6,0,0.0,0.0,0.0,0.0,0.0,False,7,636,1
3630,1,0,1,56,0,967.0,0.0,0.0,3.0,0.0,False,6,804,1
3631,1,1,3,4,0,0.0,0.0,0.0,0.0,0.0,True,7,636,1
3632,1,0,1,65,0,0.0,0.0,0.0,0.0,909.0,False,7,637,0
3633,1,1,1,36,0,0.0,0.0,0.0,0.0,0.0,True,7,639,0
3634,2,1,1,25,0,0.0,0.0,0.0,0.0,0.0,True,3,141,0
3635,1,0,1,41,0,6.0,1.0,11.0,1046.0,0.0,False,6,736,0
3636,1,0,1,20,0,9.0,0.0,1462.0,94.0,54.0,True,5,260,0
3637,1,1,2,18,0,0.0,0.0,0.0,0.0,0.0,True,7,640,0
3638,1,0,1,15,0,309.0,28.0,496.0,20.0,49.0,True,6,737,0
3639,1,0,1,23,0,0.0,93.0,1.0,0.0,542.0,False,6,738,0
3640,1,0,2,29,0,0.0,2.0,553.0,44.0,0.0,False,6,738,0
3641,1,1,1,33,0,0.0,0.0,0.0,0.0,0.0,True,7,641,0
3642,2,0,1,14,0,2.0,881.0,0.0,578.0,214.0,False,4,128,0
3643,2,1,3,55,0,0.0,0.0,0.0,0.0,0.0,True,4,128,0
3644,2,0,1,30,0,0.0,690.0,0.0,49.0,2264.0,False,2,124,1
3645,1,0,1,21,0,0.0,0.0,174.90603284902085,65.0,480.0,False,6,806,1
3646,1,0,1,26,0,35.0,42.0,711.0,0.0,0.0,True,5,262,0
3647,1,1,2,33,0,0.0,0.0,0.0,0.0,0.0,True,7,641,1
3648,1,0,1,18,0,95.0,0.0,0.0,13.0,622.0,False,6,808,1
3649,1,1,1,9,0,0.0,0.0,0.0,0.0,0.0,True,7,642,1
3650,1,1,3,0,0,0.0,0.0,0.0,0.0,0.0,True,7,642,1
3651,1,0,3,19,0,0.0,47.0,0.0,263.0,384.0,True,5,263,0
3652,1,0,1,18,0,716.0,451.96167494677076,0.0,0.0,0.0,False,6,810,1
3653,2,0,3,38,0,55.0,1258.0,0.0,650.0,10786.0,False,3,142,0
3654,2,0,3,42,0,0.0,1249.0,0.0,1313.0,1148.0,True,3,142,0
3655,2,0,1,28,0,3.0,1300.0,0.0,1250.0,1148.0,False,5,264,0
3656,2,1,3,37,0,0.0,0.0,0.0,0.0,0.0,True,5,264,0
3657,1,0,3,29,0,0.0,0.0,0.0,1819.0,1.0,False,6,740,0
3658,1,0,3,42,0,0.0,218.0,0.0,481.0,2.0,False,6,811,1
3659,3,0,1,18,0,659.0,0.0,2316.0,0.0,23.0,True,5,265,0
3660,3,0,3,34,0,2.0,0.0,805.0,29.0,0.0,True,4,129,0
3661,1,1,3,34,0,0.0,0.0,0.0,0.0,0.0,True,7,642,0
3662,1,1,2,18,0,0.0,0.0,0.0,0.0,0.0,False,7,643,0
3663,1,0,1,24,0,3537.0,0.0,0.0,0.0,0.0,False,7,644,0
3664,1,0,1,24,0,45.0,588.0,5.0,7.0,0.0,True,6,742,0
3665,3,1,1,56,0,0.0,0.0,0.0,0.0,0.0,True,6,743,0
3666,3,1,1,2,0,0.0,0.0,0.0,0.0,0.0,True,6,743,0
3667,3,1,1,12,0,0.0,0.0,0.0,0.0,0.0,True,6,743,0
3668,1,0,1,37,0,772.0,0.0,840.0,1.0,5.0,False,5,237,1
3669,3,0,1,60,1,2739.0,0.0,0.0,0.0,0.0,False,4,132,1
3670,1,1,1,55,0,0.0,0.0,0.0,0.0,0.0,False,7,643,1
3671,1,1,2,20,0,0.0,0.0,0.0,0.0,0.0,False,7,645,0
3672,3,0,1,28,0,629.0,0.0,659.0,607.0,0.0,False,6,745,0
3673,1,1,1,28,0,0.0,0.0,0.0,0.0,0.0,False,7,644,1
3674,3,0,1,37,0,14.0,0.0,91.0,1203.0,0.0,False,6,812,1
3675,1,0,1,18,0,325.0,0.0,477.0,50.0,5.0,False,6,814,1
3676,1,0,1,14,0,781.0,0.0,1.0,4.0,1.0,False,5,238,1
3677,2,0,1,29,0,3478.0,11153.0,15.0,203.0,15.0,True,3,143,0
3678,1,0,1,51,0,0.0,0.0,0.0,544.0,12.0,False,6,746,0
3679,1,1,1,45,0,0.0,0.0,0.0,0.0,0.0,False,7,647,0
3680,1,1,1,45,0,0.0,0.0,0.0,0.0,0.0,True,7,648,0
3681,3,0,1,41,0,1144.0,12.0,14.0,22.0,0.0,False,6,747,0
3682,1,0,1,21,0,0.0,80.0,255.0,0.0,5190.0,False,7,646,1
3683,1,0,1,28,0,653.0,0.0,0.0,0.0,20.0,False,6,817,1
3684,1,1,3,0,0,0.0,0.0,0.0,0.0,0.0,True,7,646,1
3685,1,0,1,46,0,0.0,0.0,0.0,0.0,880.0,False,6,748,0
3686,3,1,1,41,0,0.0,0.0,0.0,0.0,0.0,True,6,749,0
3687,1,0,3,13,0,0.0,0.0,0.0,0.0,0.0,True,7,647,1
3688,1,0,2,55,0,0.0,1203.0,0.0,0.0,446.0,False,5,239,1
3689,1,0,2,20,0,0.0,0.0,0.0,0.0,0.0,True,7,648,1
3690,1,1,1,21,0,0.0,0.0,0.0,0.0,0.0,True,7,650,0
3691,1,0,1,49,0,324.0,275.0,0.0,0.0,0.0,False,6,818,1
3692,1,0,1,27,0,0.0,0.0,1020.0,0.0,306.7894819713431,True,7,649,1
3693,1,0,1,0,0,0.0,0.0,0.0,0.0,0.0,True,7,649,1
3694,3,0,1,22,0,886.0,55.0,0.0,0.0,306.7894819713431,False,6,819,1
3695,1,1,1,17,0,0.0,0.0,0.0,0.0,0.0,False,7,650,1
3696,3,0,1,23,0,355.0,0.0,764.0,0.0,0.0,True,6,751,0
3697,1,0,1,44,0,39.0,821.0,0.0,7.0,41.0,False,7,651,1
3698,2,1,1,29,0,0.0,0.0,0.0,0.0,0.0,True,5,240,1
3699,1,0,1,19,0,0.0,0.0,5.0,756.0,0.0,True,6,752,0
3700,1,1,1,3,0,0.0,0.0,0.0,0.0,0.0,True,7,652,0
3701,2,0,1,29,0,0.0,7164.0,0.0,58.0,1.0,True,6,82,0
3702,1,0,1,19,0,46.0,0.0,675.0,0.0,0.0,True,5,241,1
3703,1,1,1,22,0,0.0,0.0,0.0,0.0,0.0,True,7,653,1
3704,1,0,2,33,0,400.0,270.0,33.0,0.0,0.0,False,6,82,0
3705,1,1,2,28,0,0.0,0.0,0.0,0.0,0.0,True,7,654,0
3706,1,0,1,50,0,667.0,0.0,0.0,11.0,170.0,False,7,654,1
3707,3,0,1,54,0,1217.0,0.0,1.0,4.0,0.0,False,6,755,0
3708,3,0,1,43,0,1448.0,0.0,150.0,0.0,0.0,False,6,755,0
3709,1,0,1,17,0,103.0,2183.0,0.0,16.0,0.0,True,6,822,1
3710,3,0,1,26,0,1632.0,0.0,80.0,7.0,0.0,False,4,134,1
3711,1,0,1,44,0,1258.0,3.0,0.0,1.0,0.0,False,6,823,1
3712,1,0,2,51,0,0.0,0.0,10.0,1098.0,0.0,False,6,756,0
3713,2,1,1,29,0,0.0,0.0,0.0,0.0,0.0,True,2,152,0
3714,1,0,1,4,0,0.0,0.0,0.0,0.0,0.0,False,7,655,1
3715,1,0,2,40,0,0.0,0.0,310.0,1.0,421.0,False,6,825,1
3716,1,0,3,27,0,0.0,0.0,2.0,0.0,808.0,False,7,655,1
3717,1,0,1,8,0,0.0,0.0,0.0,0.0,0.0,False,7,655,1
3718,1,0,1,3,0,0.0,0.0,0.0,0.0,0.0,False,7,655,1
3719,1,0,3,11,0,0.0,0.0,0.0,0.0,0.0,True,7,655,1
3720,1,0,2,24,0,16.0,0.0,1136.0,0.0,40.0,True,6,826,1
3721,1,0,3,25,0,0.0,83.0,0.0,439.0,0.0,False,7,657,0
3722,2,0,3,28,0,89.0,4826.0,0.0,2.0,1598.0,True,3,129,1
3723,1,0,1,25,0,0.0,1017.0,0.0,0.0,0.0,False,7,656,1
3724,1,1,1,27,0,0.0,0.0,0.0,0.0,0.0,True,7,658,0
3725,1,0,1,25,0,20.0,0.0,424.0,0.0,359.0,False,6,757,0
3726,1,1,1,0,0,0.0,0.0,0.0,0.0,0.0,True,7,658,0
3727,1,0,1,58,0,0.0,0.0,970.0,0.0,0.0,True,6,758,0
3728,1,1,1,3,0,0.0,0.0,0.0,0.0,0.0,True,7,659,0
3729,1,1,2,4,0,0.0,0.0,0.0,0.0,0.0,True,7,659,0
3730,1,1,3,2,0,0.0,0.0,0.0,0.0,0.0,False,7,659,0
3731,1,0,1,34,0,0.0,847.0,14.0,0.0,0.0,True,6,758,0
3732,1,0,3,5,0,0.0,0.0,0.0,0.0,0.0,True,7,659,0
3733,1,0,1,3,0,0.0,0.0,0.0,0.0,0.0,False,7,659,0
3734,3,1,1,46,0,0.0,0.0,0.0,0.0,0.0,False,5,242,1
3735,1,0,1,22,0,1417.0,0.0,0.0,0.0,0.0,True,6,827,1
3736,1,0,1,8,0,0.0,0.0,0.0,0.0,0.0,True,7,657,1
3737,1,0,1,17,0,3.0,83.0,927.0,0.0,1.0,True,7,657,1
3738,1,0,1,4,0,0.0,0.0,0.0,0.0,0.0,False,7,657,1
3739,1,1,1,12,0,0.0,0.0,0.0,0.0,0.0,False,6,82,0
3740,1,1,2,40,0,0.0,0.0,0.0,0.0,0.0,True,7,657,1
3741,1,0,2,16,0,4.0,0.0,2278.0,2.0,0.0,True,6,829,1
3742,1,1,1,41,0,222.89785157787045,0.0,0.0,0.0,0.0,True,7,657,1
3743,1,1,1,8,0,0.0,0.0,0.0,0.0,0.0,False,7,657,1
3744,1,1,3,14,0,0.0,0.0,0.0,0.0,0.0,True,7,660,0
3745,1,1,1,2,0,0.0,0.0,0.0,0.0,0.0,True,7,660,0
3746,1,0,2,59,0,400.0,0.0,126.0,0.0,158.0,True,6,759,0
3747,1,0,1,45,0,1796.0,0.0,4.0,0.0,5.0,False,7,660,0
3748,1,0,3,52,0,0.0,704.0,0.0,0.0,306.7894819713431,True,6,759,0
3749,3,1,1,33,0,0.0,0.0,0.0,0.0,0.0,True,6,760,0
3750,1,0,3,51,0,8.0,0.0,206.0,1247.0,14.0,True,6,82,0
3751,1,1,1,38,0,0.0,0.0,0.0,0.0,0.0,False,7,658,1
3752,3,0,1,14,0,460.0,0.0,0.0,315.0,172.0,False,5,243,1
3753,2,0,1,42,0,0.0,456.0,1.0,1193.0,3039.0,False,2,125,1
3754,2,0,3,28,0,0.0,3238.0,0.0,750.0,2368.0,False,2,125,1
3755,1,0,3,34,0,309.0,542.0,0.0,0.0,55.0,False,5,268,0
3756,3,0,1,21,0,0.0,0.0,0.0,0.0,0.0,False,5,269,0
3757,3,1,1,30,0,0.0,0.0,0.0,0.0,0.0,True,6,761,0
3758,3,1,1,28,0,0.0,0.0,0.0,0.0,0.0,True,6,761,0
3759,3,1,1,26,0,0.0,0.0,0.0,0.0,0.0,False,5,269,0
3760,3,0,1,23,0,931.0,0.0,134.0,0.0,421.0,False,6,761,0
3761,1,0,1,20,0,222.89785157787045,1.0,0.0,20.0,42.0,False,6,762,0
3762,1,0,3,59,0,258.0,377.0,5.0,0.0,0.0,True,5,245,1
3763,2,0,3,37,0,6498.0,1470.0,0.0,416.0,4174.0,False,2,126,1
3764,3,0,1,32,0,1843.0,0.0,662.0,0.0,0.0,False,6,832,1
3765,1,0,2,37,0,4.0,0.0,223.0,512.0,1.0,False,6,833,1
3766,1,0,1,27,0,1.0,355.0,757.0,0.0,306.7894819713431,False,5,246,1
3767,2,1,3,42,0,0.0,0.0,0.0,0.0,0.0,True,2,154,0
3768,1,1,2,29,0,0.0,0.0,0.0,0.0,0.0,True,7,659,1
3769,1,0,1,2,0,0.0,0.0,0.0,0.0,0.0,True,7,661,0
3770,1,1,1,10,0,0.0,0.0,0.0,0.0,0.0,False,6,82,0
3771,1,0,1,0,0,0.0,0.0,0.0,0.0,0.0,False,7,661,0
3772,1,1,1,21,0,0.0,0.0,0.0,0.0,0.0,False,7,661,0
3773,1,0,1,8,0,0.0,0.0,0.0,0.0,0.0,False,7,661,0
3774,2,1,3,28,0,0.0,451.96167494677076,0.0,0.0,0.0,True,3,131,1
3775,2,1,1,27,0,0.0,0.0,0.0,0.0,0.0,True,3,131,1
3776,1,0,2,13,0,0.0,0.0,0.0,0.0,0.0,True,7,661,1
3777,2,0,3,49,0,2025.0,7167.0,0.0,2456.0,47.0,True,3,144,0
3778,3,1,1,38,0,0.0,0.0,0.0,0.0,0.0,False,5,247,1
3779,1,1,3,21,0,0.0,0.0,0.0,0.0,0.0,True,7,662,1
3780,1,0,1,22,0,7.0,61.0,110.0,708.0,0.0,False,7,662,0
3781,1,1,2,14,0,0.0,0.0,0.0,0.0,0.0,True,7,663,0
3782,1,1,2,24,0,0.0,0.0,0.0,0.0,0.0,False,7,664,0
3783,1,0,1,24,0,714.0,0.0,4.0,49.0,11.0,False,6,764,0
3784,1,1,1,34,0,0.0,0.0,0.0,308.4769036733407,0.0,False,7,663,1
3785,2,0,1,1,0,0.0,0.0,0.0,0.0,306.7894819713431,True,1,46,0
3786,2,1,3,28,0,0.0,0.0,0.0,0.0,0.0,True,1,46,0
3787,2,1,3,26,0,0.0,0.0,0.0,0.0,0.0,True,1,46,0
3788,1,0,1,28,0,0.0,0.0,0.0,32.0,1577.0,False,5,248,1
3789,3,0,1,32,0,536.0,0.0,736.0,118.0,0.0,False,6,765,0
3790,3,0,1,2,0,0.0,451.96167494677076,0.0,0.0,0.0,True,6,765,0
3791,3,1,1,10,0,0.0,0.0,0.0,0.0,0.0,True,6,765,0
3792,3,0,1,49,0,1417.0,0.0,531.0,1348.0,192.0,False,4,135,1
3793,1,1,2,14,0,0.0,0.0,0.0,0.0,0.0,True,7,664,1
3794,1,1,1,29,0,0.0,0.0,0.0,0.0,0.0,True,7,666,0
3795,2,1,3,25,0,0.0,0.0,0.0,0.0,0.0,False,1,47,0
3796,2,0,3,36,0,0.0,1302.0,0.0,2067.0,10173.0,False,1,35,1
3797,1,1,1,22,0,0.0,0.0,0.0,0.0,0.0,True,7,668,0
3798,1,0,1,21,0,3.0,34.0,600.0,0.0,8.0,False,6,836,1
3799,1,0,1,36,0,437.0,442.0,0.0,2.0,1.0,False,7,669,0
3800,1,0,1,54,0,880.0,2.0,531.0,2.0,0.0,False,6,838,1
3801,3,0,1,30,0,1851.0,0.0,378.0,0.0,155.0,False,4,130,0
3802,3,1,1,0,0,0.0,0.0,0.0,0.0,0.0,True,6,766,0
3803,3,1,1,1,0,0.0,0.0,0.0,308.4769036733407,0.0,True,6,766,0
3804,1,1,1,42,0,0.0,0.0,0.0,0.0,0.0,True,7,670,0
3805,1,0,1,47,0,939.0,1477.0,174.90603284902085,0.0,0.0,True,6,767,0
3806,1,0,1,25,0,1339.0,1.0,360.0,0.0,0.0,False,7,665,1
3807,2,0,3,18,0,0.0,30.0,0.0,67.0,2790.0,False,2,155,0
3808,2,1,1,22,0,0.0,0.0,0.0,0.0,0.0,True,2,155,0
3809,2,0,1,27,0,222.89785157787045,1381.0,0.0,148.0,2181.0,False,4,131,0
3810,1,0,3,24,0,0.0,0.0,2433.0,0.0,53.0,True,6,768,0
3811,2,1,1,28,0,0.0,0.0,0.0,0.0,0.0,True,2,127,1
3812,2,1,3,22,0,0.0,0.0,174.90603284902085,0.0,306.7894819713431,True,2,127,1
3813,1,1,1,60,0,0.0,0.0,174.90603284902085,0.0,0.0,True,7,671,0
3814,2,0,1,38,0,1901.0,1276.0,0.0,7561.0,12.0,False,3,145,0
3815,1,0,1,23,0,1616.0,0.0,1.0,0.0,2.0,False,5,250,1
3816,1,1,1,21,0,0.0,0.0,0.0,0.0,0.0,False,7,667,1
3817,3,0,3,55,0,1680.0,0.0,1.0,0.0,6.0,False,6,771,0
3818,1,0,3,20,0,719.0,0.0,10.0,0.0,0.0,False,6,839,1
3819,1,0,3,50,0,451.0,132.0,195.0,31.0,0.0,False,7,668,1
3820,3,0,1,22,0,0.0,0.0,0.0,0.0,0.0,False,5,252,1
3821,2,0,1,21,0,0.0,6190.0,1828.0,7.0,35.0,True,3,146,0
3822,2,0,1,26,0,0.0,1549.0,0.0,0.0,766.0,True,4,132,0
3823,2,0,1,36,0,0.0,2177.0,0.0,1097.0,144.0,True,1,48,0
3824,3,0,1,46,0,227.0,0.0,1546.0,3.0,2.0,True,4,133,0
3825,1,0,1,26,0,0.0,586.0,1.0,0.0,58.0,True,6,772,0
3826,1,0,1,24,0,0.0,20.0,0.0,14.0,659.0,False,6,841,1
3827,1,0,3,14,0,834.0,1080.0,3.0,183.0,208.0,False,7,671,1
3828,3,0,1,46,0,949.0,0.0,128.0,3.0,41.0,True,6,842,1
3829,1,0,1,15,0,0.0,840.0,123.0,0.0,20.0,False,5,253,1
3830,1,1,1,30,0,0.0,0.0,0.0,0.0,0.0,False,7,672,1
3831,1,1,1,28,0,0.0,0.0,0.0,0.0,0.0,True,7,673,1
3832,3,0,1,38,0,1100.0,43.0,163.0,3.0,0.0,False,6,773,0
3833,2,1,1,48,0,0.0,0.0,0.0,0.0,0.0,True,2,128,1
3834,1,1,1,31,0,0.0,0.0,0.0,0.0,0.0,False,7,674,1
3835,1,0,1,41,0,1025.0,0.0,0.0,0.0,0.0,False,7,675,1
3836,1,0,1,43,0,0.0,831.0,78.0,0.0,0.0,True,7,675,0
3837,1,0,1,23,0,0.0,0.0,489.0,5.0,276.0,False,7,676,0
3838,2,1,3,48,0,0.0,0.0,0.0,0.0,0.0,True,2,158,0
3839,2,0,1,47,0,27.0,2651.0,538.0,18.0,0.0,True,2,158,0
3840,1,0,1,19,0,169.0,399.0,174.90603284902085,97.0,0.0,True,6,843,1
3841,1,0,1,25,0,0.0,38.0,0.0,847.0,112.0,False,5,255,1
3842,1,1,1,28,0,0.0,0.0,0.0,0.0,0.0,True,7,678,0
3843,2,1,3,16,0,0.0,0.0,0.0,0.0,0.0,True,2,129,1
3844,2,0,1,45,0,0.0,2524.0,0.0,166.0,1.0,True,2,129,1
3845,3,1,1,31,0,0.0,0.0,0.0,0.0,0.0,True,5,270,0
3846,1,1,2,19,0,0.0,0.0,0.0,0.0,0.0,False,7,679,0
3847,1,0,1,21,0,40.0,0.0,736.0,0.0,0.0,True,6,774,0
3848,1,1,2,28,0,0.0,0.0,0.0,0.0,0.0,False,7,680,0
3849,1,1,2,22,0,0.0,0.0,174.90603284902085,0.0,0.0,True,7,677,1
3850,2,0,1,23,0,0.0,0.0,0.0,0.0,306.7894819713431,True,2,130,1
3851,3,0,1,54,1,111.0,0.0,1144.0,8.0,23.0,False,6,846,1
3852,3,0,1,0,0,0.0,0.0,0.0,0.0,0.0,True,6,846,1
3853,3,1,1,4,0,0.0,451.96167494677076,0.0,0.0,0.0,True,6,846,1
3854,1,0,1,23,0,15.0,1.0,777.0,3.0,3.0,False,6,847,1
3855,3,1,1,19,0,0.0,0.0,0.0,0.0,0.0,True,6,82,0
3856,2,1,1,34,0,0.0,0.0,0.0,308.4769036733407,0.0,True,3,147,0
3857,1,1,3,18,0,0.0,0.0,0.0,0.0,0.0,False,7,678,1
3858,1,1,1,40,0,0.0,0.0,0.0,0.0,0.0,True,6,82,0
3859,3,0,1,58,0,850.0,0.0,22.0,1493.0,0.0,False,6,777,0
3860,1,0,3,39,0,664.0,0.0,0.0,40.0,0.0,False,6,778,0
3861,1,0,2,23,0,40.0,15.0,30.0,0.0,637.0,False,6,851,1
3862,1,0,1,11,0,0.0,0.0,0.0,0.0,0.0,False,7,679,1
3863,2,1,1,43,0,0.0,0.0,174.90603284902085,0.0,0.0,True,3,148,0
3864,3,1,1,29,0,0.0,0.0,0.0,0.0,0.0,False,5,258,1
3865,1,0,1,36,0,19.0,476.0,0.0,5.0,290.0,False,5,259,1
3866,1,0,2,13,0,16.0,0.0,87.0,544.0,0.0,False,6,852,1
3867,2,0,1,54,0,0.0,451.96167494677076,0.0,3200.0,0.0,True,3,149,0
3868,2,1,1,45,0,0.0,0.0,0.0,0.0,0.0,True,3,149,0
3869,1,0,3,33,0,222.89785157787045,0.0,589.0,2.0,255.0,True,7,682,1
3870,1,0,1,46,0,0.0,1029.0,0.0,0.0,0.0,True,6,780,0
3871,1,1,3,15,0,0.0,0.0,0.0,0.0,0.0,True,7,683,1
3872,1,0,1,35,0,89.0,0.0,0.0,545.0,0.0,False,6,853,1
3873,3,1,1,23,0,0.0,0.0,0.0,0.0,0.0,True,6,781,0
3874,1,1,3,15,0,0.0,0.0,0.0,0.0,0.0,False,7,684,1
3875,1,0,1,27,0,0.0,0.0,580.0,211.0,0.0,False,5,273,0
3876,1,0,1,15,0,222.89785157787045,2.0,15.0,5.0,842.0,False,6,782,0
3877,3,0,1,27,1,661.0,451.96167494677076,991.0,46.0,0.0,True,6,783,0
3878,1,1,3,16,0,0.0,0.0,0.0,0.0,0.0,True,7,683,0
3879,1,0,1,37,0,246.0,0.0,703.0,5.0,0.0,True,7,685,1
3880,2,1,3,45,0,0.0,0.0,0.0,0.0,0.0,True,2,132,1
3881,2,0,3,58,1,0.0,279.0,3627.0,122.0,30.0,True,2,132,1
3882,1,0,2,28,0,0.0,440.0,0.0,0.0,334.0,False,6,82,0
3883,1,0,1,38,0,0.0,18.0,30.0,0.0,832.0,False,6,855,1
3884,1,0,1,28,0,0.0,241.0,6.0,0.0,542.0,False,5,260,1
3885,2,1,1,47,0,0.0,0.0,0.0,0.0,0.0,True,4,140,1
3886,2,0,1,41,0,0.0,1562.0,0.0,2.0,16.0,True,4,140,1
3887,2,1,1,28,0,222.89785157787045,0.0,0.0,0.0,0.0,True,2,133,1
3888,1,1,1,23,0,0.0,0.0,0.0,0.0,0.0,False,7,686,1
3889,3,1,1,24,0,0.0,0.0,0.0,0.0,0.0,True,6,856,1
3890,3,0,1,58,0,12.0,0.0,186.0,2436.0,4.0,False,6,856,1
3891,1,1,1,36,0,0.0,0.0,0.0,0.0,0.0,True,6,856,1
3892,3,0,3,24,0,1363.0,0.0,50.0,0.0,0.0,False,6,856,1
3893,3,0,1,56,0,128.0,0.0,959.0,0.0,42.0,False,6,856,1
3894,3,1,1,15,0,0.0,0.0,0.0,0.0,0.0,True,6,856,1
3895,3,0,1,19,0,154.0,170.0,2074.0,0.0,0.0,True,4,141,1
3896,1,0,1,27,0,0.0,0.0,0.0,658.0,133.0,False,5,261,1
3897,1,0,1,47,0,59.0,1.0,327.0,557.0,0.0,False,6,857,1
3898,1,0,3,37,0,0.0,89.0,15.0,20.0,592.0,False,6,858,1
3899,3,1,1,39,0,0.0,0.0,0.0,0.0,0.0,True,6,859,1
3900,3,1,1,20,0,0.0,0.0,0.0,0.0,0.0,True,6,859,1
3901,3,0,1,20,0,760.0,0.0,742.0,352.0,0.0,True,6,859,1
3902,3,0,1,38,0,490.0,663.0,358.0,855.0,0.0,False,6,859,1
3903,3,0,1,46,0,247.0,0.0,418.0,480.0,36.0,False,4,142,1
3904,3,1,1,13,0,0.0,0.0,0.0,0.0,0.0,True,6,859,1
3905,3,0,3,24,0,612.0,326.0,46.0,87.0,0.0,True,6,859,1
3906,2,1,1,32,0,0.0,0.0,0.0,0.0,0.0,True,2,161,0
3907,2,1,3,28,0,0.0,0.0,0.0,0.0,0.0,True,2,161,0
3908,2,0,3,44,0,36.0,588.0,0.0,1675.0,3597.0,False,2,161,0
3909,1,0,1,19,0,0.0,0.0,4.0,6.0,773.0,False,7,687,1
3910,2,0,1,30,1,0.0,1172.0,183.0,91.0,0.0,True,1,50,0
3911,2,1,1,23,0,0.0,0.0,0.0,0.0,0.0,True,1,50,0
3912,2,0,1,4,0,0.0,0.0,0.0,0.0,0.0,True,3,133,1
3913,2,0,1,0,0,0.0,451.96167494677076,0.0,0.0,0.0,True,3,133,1
3914,2,1,1,17,0,0.0,0.0,0.0,0.0,0.0,True,6,82,0
3915,2,1,1,44,0,0.0,0.0,0.0,0.0,0.0,True,3,133,1
3916,2,0,3,31,0,2.0,8747.0,0.0,4840.0,14485.0,False,3,133,1
3917,2,0,3,41,1,0.0,9463.0,0.0,1022.0,1562.0,True,3,133,1
3918,2,0,3,33,0,0.0,2020.0,0.0,1817.0,182.0,False,1,51,0
3919,2,0,1,43,0,0.0,124.0,0.0,3975.0,186.0,False,1,51,0
3920,2,0,3,43,1,0.0,3172.0,0.0,26.0,4376.0,False,1,51,0
3921,1,0,1,36,0,1367.0,108.0,174.90603284902085,0.0,77.0,False,6,784,0
3922,1,0,3,19,0,558.0,0.0,353.0,0.0,8.0,False,6,860,1
3923,1,0,1,24,0,0.0,1725.0,0.0,0.0,0.0,True,7,688,1
3924,1,1,3,17,0,0.0,0.0,0.0,0.0,0.0,True,7,685,0
3925,1,0,1,23,0,1277.0,84.0,0.0,240.0,598.0,True,6,861,1
3926,1,0,3,17,0,558.0,0.0,3.0,0.0,1226.0,False,7,686,0
3927,3,0,1,18,0,950.0,1.0,236.0,754.0,0.0,False,4,135,0
3928,3,1,3,34,0,0.0,0.0,0.0,0.0,0.0,True,6,862,1
3929,1,1,1,13,0,0.0,0.0,0.0,0.0,0.0,True,7,688,0
3930,1,0,1,66,0,610.0,2549.0,0.0,17.0,0.0,True,6,786,0
3931,1,0,1,27,0,0.0,867.0,0.0,128.0,363.0,True,6,786,0
3932,1,0,1,19,0,1620.0,0.0,4.0,0.0,82.0,False,7,689,0
3933,1,0,1,55,0,0.0,198.0,703.0,1.0,0.0,True,6,787,0
3934,3,0,1,40,0,0.0,0.0,1.0,293.0,667.0,False,4,143,1
3935,1,1,2,23,0,0.0,0.0,0.0,0.0,0.0,True,7,691,1
3936,1,0,1,7,0,0.0,0.0,0.0,0.0,0.0,False,7,691,1
3937,1,1,1,12,0,0.0,0.0,0.0,0.0,0.0,True,7,691,1
3938,1,0,1,37,0,0.0,886.0,0.0,58.0,441.0,False,6,789,0
3939,1,0,1,22,0,0.0,13.0,524.0,7.0,0.0,False,6,865,1
3940,1,1,1,25,0,0.0,0.0,0.0,0.0,0.0,True,2,163,0
3941,2,1,3,46,0,0.0,0.0,0.0,0.0,0.0,True,2,163,0
3942,3,0,3,37,0,326.0,0.0,455.0,2.0,0.0,False,4,144,1
3943,2,1,3,50,0,0.0,0.0,0.0,0.0,0.0,True,3,151,0
3944,2,1,3,28,0,0.0,0.0,0.0,0.0,0.0,True,3,151,0
3945,2,1,1,26,0,0.0,0.0,0.0,0.0,0.0,True,3,134,1
3946,1,1,1,28,0,0.0,0.0,0.0,308.4769036733407,0.0,True,7,690,0
3947,1,0,2,23,0,4.0,157.0,142.0,308.4769036733407,196.0,False,7,691,0
3948,2,0,1,23,0,3.0,343.0,0.0,4280.0,0.0,False,5,262,1
3949,3,0,1,34,1,992.0,0.0,14.0,0.0,0.0,False,4,145,1
3950,2,1,1,65,0,0.0,0.0,0.0,0.0,0.0,True,2,134,1
3951,1,1,1,20,0,0.0,0.0,0.0,0.0,0.0,True,2,134,1
3952,3,1,1,29,0,0.0,0.0,0.0,0.0,0.0,True,6,867,1
3953,3,0,1,30,0,176.0,0.0,2310.0,0.0,306.7894819713431,True,6,867,1
3954,3,1,1,3,0,0.0,0.0,0.0,308.4769036733407,0.0,True,6,868,1
3955,3,0,1,40,0,1268.0,0.0,0.0,0.0,0.0,False,6,868,1
3956,3,0,1,32,0,1331.0,416.0,0.0,665.0,64.0,False,6,868,1
3957,1,0,1,31,0,553.0,224.0,9.0,1.0,0.0,False,5,263,1
3958,1,0,1,13,0,27.0,81.0,1080.0,0.0,0.0,True,6,869,1
3959,1,0,1,29,0,37.0,0.0,167.0,608.0,0.0,False,7,692,1
3960,1,0,1,28,0,0.0,53.0,0.0,732.0,6.0,False,5,264,1
3961,3,0,3,19,0,1184.0,88.0,0.0,0.0,334.0,True,6,790,0
3962,3,0,3,24,0,469.0,0.0,174.90603284902085,196.0,0.0,True,5,275,0
3963,3,1,1,22,0,0.0,0.0,0.0,0.0,0.0,False,5,266,1
3964,1,0,3,13,0,406.0,0.0,1670.0,0.0,427.0,False,6,872,1
3965,1,0,1,21,0,0.0,0.0,23.0,820.0,22.0,False,6,873,1
3966,1,0,3,24,0,0.0,0.0,1435.0,10.0,0.0,True,6,791,0
3967,2,0,1,47,0,0.0,4983.0,0.0,173.0,43.0,True,2,164,0
3968,2,0,1,27,0,0.0,144.0,76.0,184.0,3932.0,False,2,135,1
3969,1,0,1,18,0,0.0,0.0,774.0,0.0,13.0,True,5,277,0
3970,2,1,3,36,0,0.0,0.0,0.0,0.0,0.0,True,2,165,0
3971,1,0,1,68,0,0.0,1.0,223.0,580.0,0.0,False,6,875,1
3972,2,0,1,31,0,0.0,0.0,0.0,0.0,0.0,True,3,152,0
3973,3,1,1,28,0,0.0,0.0,0.0,0.0,0.0,True,6,877,1
3974,3,0,1,36,0,3002.0,21.0,150.0,0.0,0.0,False,4,136,0
3975,1,0,1,17,0,0.0,628.0,0.0,66.0,449.0,True,6,794,0
3976,1,1,1,13,0,0.0,0.0,0.0,0.0,0.0,True,7,695,0
3977,1,0,1,30,0,0.0,10.0,0.0,3840.0,329.0,False,7,693,1
3978,2,0,1,58,0,0.0,2946.0,0.0,101.0,387.0,True,2,166,0
3979,2,1,1,43,0,0.0,0.0,0.0,0.0,0.0,True,2,166,0
3980,2,0,3,20,0,354.0,1546.0,323.0,284.0,315.0,True,2,166,0
3981,1,0,1,29,0,715.0,0.0,174.90603284902085,698.0,106.0,False,6,879,1
3982,1,0,1,15,0,156.0,1.0,1132.0,192.0,33.0,True,6,795,0
3983,1,0,1,30,0,488.0,0.0,242.0,0.0,79.0,False,7,696,1
3984,2,0,3,33,0,5493.0,9401.0,23.0,3013.0,303.0,False,2,136,1
3985,2,1,1,25,0,0.0,0.0,0.0,0.0,0.0,True,2,136,1
3986,2,0,1,62,0,0.0,22.0,0.0,3314.0,22.0,False,2,136,1
3987,1,1,2,41,0,0.0,0.0,0.0,0.0,0.0,True,7,697,1
3988,1,0,1,27,0,6.0,0.0,0.0,768.0,1141.0,False,6,880,1
3989,1,1,1,18,0,0.0,0.0,0.0,0.0,0.0,False,7,698,1
3990,1,1,1,27,0,0.0,0.0,0.0,0.0,0.0,True,7,698,1
3991,1,0,1,19,0,571.0,0.0,0.0,97.0,813.0,True,6,880,1
3992,1,0,1,37,0,0.0,0.0,115.0,671.0,0.0,False,7,698,1
3993,1,1,1,24,0,0.0,0.0,0.0,0.0,0.0,False,7,698,1
3994,1,0,1,29,0,13.0,0.0,664.0,74.0,101.0,False,7,698,1
3995,1,0,3,44,0,0.0,0.0,608.0,0.0,91.0,False,6,880,1
3996,1,0,1,19,0,0.0,265.0,882.0,2.0,293.0,False,6,881,1
3997,2,0,1,39,0,0.0,266.0,0.0,1254.0,197.0,False,1,37,1
3998,2,0,1,63,0,0.0,490.0,1.0,2882.0,18.0,False,1,37,1
3999,2,0,1,39,0,9.0,1525.0,0.0,0.0,146.0,False,1,37,1
4000,3,1,1,41,0,0.0,0.0,0.0,0.0,0.0,True,6,796,0
4001,1,1,1,27,0,0.0,0.0,0.0,0.0,0.0,True,7,696,0
4002,3,0,3,56,0,412.0,492.0,9.0,117.0,33.0,True,4,137,0
4003,2,1,1,22,0,0.0,0.0,0.0,0.0,0.0,True,3,135,1
4004,2,0,3,26,0,1.0,1269.0,4790.0,270.0,5116.0,False,3,135,1
4005,1,0,1,24,0,0.0,0.0,0.0,0.0,1300.0,False,6,797,0
4006,1,1,2,18,0,0.0,0.0,0.0,0.0,0.0,True,7,697,0
4007,1,1,1,13,0,222.89785157787045,0.0,0.0,0.0,0.0,True,7,700,1
4008,1,0,1,32,0,0.0,0.0,1020.0,0.0,0.0,True,6,883,1
4009,2,0,3,30,0,24.0,2558.0,98.0,0.0,5361.0,False,6,82,0
4010,2,1,1,25,0,0.0,0.0,0.0,0.0,0.0,True,1,38,1
4011,1,0,1,55,0,0.0,252.0,1.0,0.0,553.0,True,6,799,0
4012,1,0,2,19,0,0.0,2.0,0.0,669.0,0.0,False,6,884,1
4013,1,0,1,24,0,0.0,717.0,222.0,8.0,1.0,True,7,698,0
4014,2,0,1,32,0,401.0,3724.0,5.0,422.0,62.0,True,3,154,0
4015,3,0,1,24,0,0.0,0.0,0.0,0.0,0.0,False,5,267,1
4016,3,1,1,32,0,0.0,0.0,0.0,0.0,0.0,True,6,890,1
4017,1,1,1,36,0,0.0,0.0,0.0,0.0,0.0,False,7,701,0
4018,2,0,3,28,0,0.0,31.0,0.0,1283.0,871.0,True,1,52,0
4019,1,0,1,52,0,0.0,559.0,0.0,0.0,0.0,True,6,801,0
4020,1,0,1,29,0,646.0,91.0,13.0,0.0,0.0,True,7,702,0
4021,3,0,3,23,0,49.0,0.0,2716.0,0.0,0.0,True,4,147,1
4022,3,1,1,32,0,0.0,0.0,0.0,0.0,0.0,True,6,82,0
4023,1,1,1,35,0,0.0,0.0,0.0,0.0,0.0,False,7,703,0
4024,2,0,3,41,0,14.0,6777.0,81.0,604.0,2936.0,False,2,138,1
4025,1,1,2,16,0,0.0,0.0,0.0,0.0,0.0,True,7,704,0
4026,2,1,3,33,0,0.0,0.0,0.0,0.0,0.0,True,5,269,1
4027,1,1,3,6,0,0.0,0.0,0.0,0.0,0.0,True,7,706,1
4028,1,0,3,15,0,36.0,841.0,0.0,0.0,0.0,True,6,803,0
4029,1,0,1,38,0,0.0,668.0,84.0,267.0,0.0,False,7,705,0
4030,1,0,1,56,0,0.0,779.0,12.0,3.0,35.0,False,6,893,1
4031,1,1,2,4,0,0.0,0.0,0.0,0.0,0.0,True,7,707,1
4032,1,1,2,21,0,0.0,0.0,0.0,0.0,0.0,True,7,707,1
4033,3,0,3,22,0,1371.0,0.0,235.0,0.0,0.0,True,6,805,0
4034,1,0,1,37,0,0.0,0.0,785.0,3.0,0.0,False,5,270,1
4035,1,0,1,6,0,0.0,0.0,0.0,0.0,0.0,True,7,709,1
4036,1,0,1,22,0,563.0,521.0,364.0,0.0,0.0,False,6,807,0
4037,2,0,1,26,0,0.0,137.0,0.0,0.0,7629.0,False,2,139,1
4038,1,0,1,22,0,0.0,3.0,486.0,0.0,228.0,True,5,272,1
4039,1,0,1,20,0,0.0,0.0,0.0,0.0,0.0,True,7,710,1
4040,1,0,2,28,0,0.0,22.0,0.0,1156.0,0.0,False,6,894,1
4041,3,0,1,24,0,439.0,0.0,2140.0,0.0,0.0,True,4,139,0
4042,3,1,1,25,0,0.0,0.0,0.0,0.0,0.0,True,6,808,0
4043,1,0,1,48,0,2.0,0.0,83.0,589.0,233.0,False,7,711,1
4044,1,0,1,24,0,786.0,0.0,0.0,7.0,0.0,False,5,273,1
4045,3,0,3,3,0,0.0,0.0,0.0,0.0,0.0,True,6,810,0
4046,3,1,1,24,0,0.0,0.0,0.0,0.0,0.0,True,6,810,0
4047,3,0,1,25,0,412.0,0.0,567.0,775.0,0.0,False,6,810,0
4048,3,1,3,1,0,0.0,0.0,0.0,0.0,0.0,True,6,810,0
4049,1,0,1,20,0,0.0,187.0,712.0,0.0,0.0,True,6,811,0
4050,1,0,1,22,0,39.0,0.0,63.0,3.0,654.0,False,6,812,0
4051,3,0,3,28,0,427.0,0.0,754.0,0.0,0.0,True,4,140,0
4052,1,1,3,17,0,0.0,0.0,0.0,0.0,0.0,True,7,707,0
4053,2,0,3,28,0,0.0,3345.0,0.0,2143.0,27.0,False,2,141,1
4054,2,1,1,47,0,0.0,0.0,0.0,0.0,0.0,True,1,53,0
4055,3,1,1,34,0,0.0,0.0,0.0,0.0,0.0,False,5,281,0
4056,2,0,1,29,1,267.0,1418.0,257.0,843.0,0.0,True,3,155,0
4057,2,1,1,14,0,0.0,0.0,0.0,0.0,0.0,True,3,155,0
4058,2,0,1,36,0,0.0,563.0,0.0,1301.0,830.0,True,6,82,0
4059,2,0,3,40,0,2320.0,0.0,4874.0,3131.0,498.0,True,3,155,0
4060,3,0,1,49,0,22.0,0.0,1129.0,0.0,77.0,True,6,813,0
4061,2,0,1,51,0,0.0,0.0,0.0,0.0,0.0,True,3,156,0
4062,2,0,1,41,0,0.0,545.0,0.0,2740.0,293.0,True,3,156,0
4063,2,0,3,44,0,0.0,14201.0,0.0,22.0,584.0,True,3,156,0
4064,3,0,1,47,0,2044.0,0.0,95.0,0.0,120.0,False,6,814,0
4065,1,0,1,22,0,0.0,0.0,945.0,0.0,4.0,True,6,815,0
4066,1,1,2,13,0,0.0,0.0,0.0,0.0,0.0,True,7,708,0
4067,1,0,1,18,0,0.0,35.0,661.0,0.0,63.0,True,6,816,0
4068,1,0,1,28,0,0.0,1125.0,3.0,562.0,7.0,False,7,717,1
4069,1,0,3,22,0,429.0,2.0,232.0,0.0,59.0,True,5,274,1
4070,1,0,1,50,0,444.0,0.0,408.0,0.0,0.0,False,7,718,1
4071,2,1,1,47,1,0.0,0.0,0.0,0.0,0.0,True,2,142,1
4072,3,0,1,55,0,802.0,0.0,155.0,4.0,337.0,False,5,275,1
4073,1,1,1,21,0,0.0,0.0,0.0,0.0,0.0,True,7,709,0
4074,1,0,2,39,0,0.0,0.0,1.0,0.0,2330.0,False,7,709,0
4075,1,0,1,21,0,641.0,0.0,409.0,0.0,0.0,False,6,895,1
4076,2,0,1,37,0,33.0,3484.0,17.0,4.0,1384.0,True,3,157,0
4077,2,0,1,31,0,22.0,10025.0,2.0,124.0,1.0,True,3,157,0
4078,1,0,1,23,0,115.0,1.0,0.0,308.4769036733407,249.0,False,5,276,1
4079,2,1,3,28,0,0.0,0.0,0.0,0.0,0.0,True,2,167,0
4080,3,0,1,23,0,118.0,0.0,949.0,206.0,2071.0,False,4,148,1
4081,1,0,2,20,0,0.0,272.0,108.0,308.4769036733407,230.0,True,6,818,0
4082,2,0,1,28,0,3.0,2127.0,0.0,696.0,10.0,False,3,137,1
4083,2,0,3,40,0,0.0,17687.0,0.0,425.0,155.0,True,3,137,1
4084,2,0,3,54,0,0.0,1832.0,0.0,0.0,1768.0,False,3,137,1
4085,3,1,1,18,0,0.0,0.0,0.0,0.0,0.0,True,6,896,1
4086,1,0,3,27,0,0.0,14.0,0.0,734.0,331.0,True,6,819,0
4087,2,0,1,43,0,0.0,1947.0,0.0,0.0,1651.0,True,2,168,0
4088,1,1,2,25,0,0.0,0.0,0.0,0.0,0.0,True,7,720,1
4089,1,0,1,13,0,552.0,247.0,0.0,4.0,0.0,False,6,898,1
4090,1,0,2,15,0,0.0,0.0,873.0,0.0,5.0,True,6,899,1
4091,1,1,3,37,0,0.0,0.0,0.0,0.0,0.0,True,7,710,0
4092,3,1,3,32,0,0.0,0.0,0.0,0.0,0.0,True,6,900,1
4093,1,0,1,19,0,857.0,0.0,0.0,0.0,0.0,False,6,820,0
4094,1,0,1,21,0,3.0,1.0,0.0,1494.0,110.0,False,6,82,0
4095,2,0,1,27,0,0.0,2717.0,0.0,0.0,986.0,True,3,158,0
4096,2,0,3,39,0,106.0,243.0,126.0,7.0,4967.0,False,3,158,0
4097,1,1,1,22,0,0.0,0.0,0.0,0.0,0.0,True,3,158,0
4098,2,0,1,25,0,0.0,4384.0,4285.0,812.0,360.0,True,3,158,0
4099,2,0,3,34,0,222.89785157787045,7221.0,0.0,288.0,2275.0,True,3,158,0
4100,3,1,1,54,0,0.0,451.96167494677076,0.0,0.0,0.0,True,6,821,0
4101,3,0,1,42,0,954.0,0.0,1.0,0.0,0.0,False,5,283,0
4102,1,0,2,36,0,735.0,0.0,2.0,0.0,0.0,False,6,822,0
4103,1,0,2,43,0,0.0,168.0,3.0,0.0,452.0,True,5,284,0
4104,1,0,2,23,0,65.0,94.0,0.0,0.0,445.0,True,6,901,1
4105,2,0,1,57,0,0.0,0.0,0.0,0.0,0.0,True,2,169,0
4106,2,0,1,54,0,0.0,0.0,0.0,0.0,0.0,True,2,170,0
4107,2,0,1,51,0,0.0,16455.0,885.0,0.0,363.0,True,2,170,0
4108,3,0,2,32,0,192.0,0.0,441.0,18.0,0.0,False,6,902,1
4109,2,0,1,33,0,0.0,0.0,0.0,0.0,0.0,True,2,171,0
4110,3,1,1,8,0,0.0,0.0,0.0,0.0,0.0,True,6,903,1
4111,3,1,1,44,0,0.0,0.0,0.0,0.0,0.0,True,6,903,1
4112,3,0,1,27,0,875.0,0.0,61.0,289.0,0.0,False,6,903,1
4113,1,0,1,48,0,383.0,0.0,0.0,393.0,10.0,True,6,904,1
4114,1,0,3,13,0,38.0,0.0,0.0,733.0,0.0,False,7,714,0
4115,1,1,1,5,0,0.0,0.0,0.0,0.0,0.0,False,7,722,1
4116,1,0,1,18,0,754.0,0.0,34.0,0.0,0.0,False,5,278,1
4117,1,0,1,23,0,0.0,0.0,206.0,681.0,31.0,False,6,905,1
4118,1,0,1,23,0,0.0,153.0,11.0,646.0,0.0,False,7,715,0
4119,1,1,2,35,0,0.0,0.0,0.0,0.0,0.0,True,6,82,0
4120,1,0,1,25,0,141.0,3.0,640.0,0.0,100.0,False,7,724,1
4121,3,0,1,32,0,689.0,0.0,610.0,0.0,0.0,False,5,285,0
4122,3,0,3,0,0,0.0,0.0,0.0,0.0,0.0,True,6,830,0
4123,3,1,1,5,0,0.0,0.0,0.0,0.0,0.0,True,6,830,0
4124,1,0,3,16,0,0.0,0.0,0.0,0.0,0.0,True,7,716,0
4125,1,1,2,18,0,0.0,0.0,0.0,0.0,0.0,True,7,716,0
4126,1,1,2,29,0,0.0,0.0,0.0,0.0,0.0,False,7,725,1
4127,1,0,1,55,0,134.0,935.0,0.0,6.0,394.0,False,6,831,0
4128,1,0,1,41,0,7.0,0.0,297.0,108.0,361.0,False,7,717,0
4129,1,0,1,38,0,222.89785157787045,2.0,404.0,121.0,0.0,False,7,726,1
4130,2,1,1,27,0,0.0,0.0,0.0,0.0,0.0,True,3,159,0
4131,1,1,1,55,0,0.0,0.0,0.0,0.0,0.0,True,7,719,0
4132,3,1,1,75,0,0.0,0.0,0.0,0.0,0.0,True,6,906,1
4133,2,0,1,50,0,0.0,817.0,388.0,78.0,693.0,True,3,160,0
4134,1,0,1,23,0,27.0,0.0,32.0,725.0,0.0,False,7,720,0
4135,1,0,2,37,0,715.0,0.0,54.0,0.0,0.0,True,7,721,0
4136,1,0,1,33,0,0.0,0.0,232.0,0.0,622.0,False,7,722,0
4137,3,0,1,45,0,941.0,281.0,36.0,12.0,39.0,False,6,833,0
4138,2,1,3,47,0,0.0,0.0,0.0,0.0,0.0,True,2,143,1
4139,2,1,1,13,0,0.0,0.0,0.0,0.0,0.0,True,2,172,0
4140,2,0,1,29,0,0.0,6338.0,0.0,1366.0,89.0,True,2,172,0
4141,3,0,1,19,0,30.0,0.0,42.0,3565.0,7.0,False,5,287,0
4142,3,1,1,30,0,0.0,0.0,0.0,0.0,0.0,True,6,835,0
4143,2,0,3,39,0,3.0,83.0,0.0,805.0,2983.0,False,4,141,0
4144,2,0,1,31,0,0.0,46.0,0.0,209.0,2908.0,False,4,141,0
4145,2,0,3,29,0,0.0,11417.0,12.0,795.0,402.0,True,3,162,0
4146,3,0,1,16,0,546.0,90.0,23.0,513.0,0.0,False,5,288,0
4147,1,0,2,18,0,0.0,2.0,1513.0,0.0,0.0,True,6,836,0
4148,1,0,3,38,0,8.0,0.0,1414.0,10.0,3.0,False,7,727,1
4149,1,1,1,50,0,0.0,0.0,0.0,0.0,0.0,False,7,728,1
4150,1,1,2,21,0,0.0,0.0,0.0,0.0,0.0,False,7,729,1
4151,1,1,2,22,0,0.0,0.0,0.0,0.0,0.0,True,7,730,1
4152,1,1,1,20,0,0.0,0.0,0.0,0.0,0.0,True,7,725,0
4153,3,0,1,36,0,721.0,0.0,471.0,0.0,0.0,False,6,910,1
4154,1,0,1,23,0,222.89785157787045,282.0,0.0,0.0,71.0,True,6,911,1
4155,2,1,3,31,1,0.0,0.0,0.0,0.0,0.0,True,2,144,1
4156,2,1,1,39,0,0.0,0.0,0.0,0.0,0.0,True,2,144,1
4157,2,0,3,50,0,0.0,4558.0,0.0,1.0,267.0,True,2,144,1
4158,1,0,1,40,0,0.0,901.0,0.0,0.0,89.0,False,5,291,0
4159,1,0,1,28,0,8.0,0.0,77.0,560.0,0.0,False,6,912,1
4160,2,0,1,38,0,2.0,114.0,771.0,3094.0,448.0,False,2,175,0
4161,2,0,1,37,0,0.0,3603.0,33.0,7113.0,1.0,False,2,175,0
4162,2,1,3,59,0,0.0,0.0,0.0,0.0,0.0,True,2,175,0
4163,2,0,3,41,0,35.0,6103.0,0.0,180.0,160.0,True,2,175,0
4164,2,0,1,33,0,0.0,4017.0,174.90603284902085,308.4769036733407,2260.0,True,2,175,0
4165,1,1,1,54,0,0.0,0.0,0.0,0.0,0.0,True,6,82,0
4166,1,0,1,40,0,0.0,0.0,2414.0,0.0,0.0,True,6,913,1
4167,3,0,1,43,0,130.0,0.0,870.0,31.0,26.0,True,4,142,0
4168,2,1,3,26,0,0.0,0.0,0.0,0.0,0.0,True,3,140,1
4169,2,0,3,65,0,0.0,7194.0,0.0,6.0,306.7894819713431,True,3,140,1
4170,2,1,3,22,0,0.0,0.0,0.0,0.0,0.0,True,3,140,1
4171,2,0,1,28,0,0.0,3627.0,0.0,31.0,3263.0,False,3,140,1
4172,1,1,1,35,0,0.0,0.0,0.0,0.0,0.0,True,6,914,1
4173,1,1,1,30,0,0.0,0.0,0.0,0.0,0.0,True,7,727,0
4174,2,0,1,28,0,0.0,2560.0,0.0,134.0,307.0,False,4,149,1
4175,1,0,1,23,0,0.0,10.0,159.0,308.4769036733407,125.0,True,6,916,1
4176,1,0,1,24,0,698.0,0.0,51.0,2.0,4.0,True,6,917,1
4177,1,1,2,16,0,0.0,0.0,0.0,0.0,306.7894819713431,True,7,733,1
4178,3,1,1,18,0,0.0,0.0,0.0,0.0,0.0,True,6,838,0
4179,1,0,1,20,0,399.0,77.0,311.0,0.0,16.0,False,6,918,1
4180,2,1,1,29,0,0.0,0.0,0.0,0.0,0.0,True,2,145,1
4181,2,1,1,29,0,0.0,0.0,0.0,0.0,0.0,True,2,145,1
4182,1,0,1,21,0,0.0,0.0,0.0,0.0,0.0,False,7,728,0
4183,2,1,1,2,0,0.0,0.0,0.0,0.0,0.0,False,1,54,0
4184,2,0,1,43,0,31.0,76.0,0.0,1353.0,1713.0,False,1,54,0
4185,2,0,1,28,0,0.0,1883.0,0.0,1.0,4560.0,False,1,54,0
4186,2,0,3,31,1,0.0,2461.0,0.0,51.0,2141.0,False,1,40,1
4187,1,0,1,23,0,36.0,18.0,670.0,0.0,32.0,True,6,919,1
4188,2,1,1,26,0,0.0,0.0,0.0,0.0,0.0,True,2,146,1
4189,2,0,3,43,0,0.0,39.0,327.0,4643.0,85.0,False,2,146,1
4190,1,0,1,28,0,1549.0,0.0,5.0,0.0,0.0,False,6,839,0
4191,1,0,2,24,0,0.0,266.0,1455.0,59.0,0.0,False,7,734,1
4192,1,0,1,27,0,110.0,0.0,638.0,0.0,0.0,False,6,920,1
4193,3,0,3,13,0,2244.0,31.0,507.0,0.0,142.0,False,6,841,0
4194,3,0,1,27,0,994.0,0.0,26.0,1.0,0.0,False,5,292,0
4195,1,1,1,2,0,222.89785157787045,0.0,0.0,0.0,0.0,True,7,730,0
4196,1,1,1,24,0,0.0,0.0,0.0,0.0,0.0,True,7,730,0
4197,1,1,1,2,0,0.0,0.0,174.90603284902085,0.0,306.7894819713431,True,7,730,0
4198,2,0,1,50,1,13.0,239.0,0.0,161.0,2355.0,False,1,55,0
4199,2,1,3,27,0,0.0,0.0,0.0,0.0,0.0,True,1,55,0
4200,1,0,1,26,0,1170.0,0.0,0.0,187.0,100.0,False,6,921,1
4201,1,0,3,31,0,23.0,0.0,0.0,308.4769036733407,17.0,False,7,731,0
4202,3,0,1,28,0,3559.0,0.0,174.90603284902085,13.0,2.0,False,4,150,1
4203,1,0,3,4,0,0.0,0.0,0.0,0.0,0.0,False,7,732,0
4204,1,0,1,9,0,0.0,0.0,0.0,0.0,0.0,True,7,732,0
4205,1,0,1,0,0,0.0,0.0,0.0,0.0,0.0,True,7,732,0
4206,1,1,1,35,0,0.0,0.0,0.0,0.0,0.0,False,7,732,0
4207,1,1,1,3,0,0.0,0.0,0.0,0.0,0.0,True,7,732,0
4208,3,0,1,25,0,1956.0,0.0,161.0,239.0,28.0,False,4,151,1
4209,3,0,1,63,0,3087.0,0.0,60.0,2.0,0.0,False,4,151,1
4210,3,1,1,34,0,0.0,0.0,0.0,0.0,0.0,True,6,922,1
4211,3,0,1,35,0,1219.0,0.0,1742.0,740.0,0.0,False,6,922,1
4212,1,1,1,26,0,0.0,0.0,0.0,0.0,0.0,True,7,733,0
4213,1,0,1,39,0,0.0,3.0,0.0,802.0,49.0,False,7,735,1
4214,2,0,3,34,0,0.0,337.0,1339.0,92.0,264.0,False,4,143,0
4215,2,0,1,36,0,0.0,1013.0,1.0,16.0,2825.0,False,2,148,1
4216,1,1,1,46,0,0.0,0.0,0.0,0.0,0.0,True,7,736,1
4217,1,0,1,26,0,42.0,65.0,895.0,407.0,0.0,True,6,845,0
4218,3,1,1,28,0,0.0,0.0,0.0,0.0,0.0,True,6,846,0
4219,1,0,3,20,0,0.0,3080.0,7.0,0.0,67.0,True,6,924,1
4220,1,1,1,35,0,0.0,0.0,0.0,0.0,0.0,False,7,737,1
4221,1,0,3,11,0,0.0,0.0,0.0,0.0,0.0,False,7,734,0
4222,1,1,2,14,0,0.0,0.0,0.0,0.0,0.0,False,7,734,0
4223,1,1,2,4,0,0.0,0.0,0.0,0.0,0.0,True,7,734,0
4224,1,0,1,11,0,0.0,0.0,0.0,0.0,306.7894819713431,False,7,734,0
4225,1,1,1,31,0,0.0,0.0,0.0,0.0,0.0,True,7,734,0
4226,1,0,1,15,0,0.0,893.0,0.0,0.0,0.0,True,7,734,0
4227,1,0,1,39,0,0.0,2.0,0.0,69.0,836.0,False,7,734,0
4228,1,0,1,7,0,0.0,0.0,0.0,0.0,0.0,False,7,734,0
4229,1,0,1,24,0,83.0,0.0,129.0,504.0,0.0,False,6,847,0
4230,1,1,1,22,0,0.0,0.0,0.0,0.0,0.0,True,7,735,0
4231,3,1,1,26,0,0.0,0.0,0.0,0.0,0.0,False,5,281,1
4232,2,0,3,53,0,0.0,864.0,49.0,39.0,2376.0,True,3,165,0
4233,2,0,1,40,0,2.0,76.0,0.0,201.0,306.7894819713431,False,3,165,0
4234,3,0,1,19,0,160.0,0.0,889.0,0.0,0.0,False,5,294,0
4235,3,0,3,54,0,433.0,0.0,867.0,19.0,1.0,False,6,926,1
4236,3,0,1,21,0,572.0,584.0,128.0,14.0,0.0,False,5,283,1
4237,3,0,1,25,0,1340.0,0.0,8.0,0.0,0.0,False,6,926,1
4238,3,0,1,48,0,137.0,0.0,877.0,0.0,0.0,True,5,295,0
4239,3,0,2,41,0,222.89785157787045,0.0,1127.0,8.0,0.0,True,4,144,0
4240,3,0,1,13,0,27.0,0.0,3246.0,0.0,0.0,True,4,144,0
4241,2,0,1,57,0,0.0,0.0,0.0,0.0,0.0,True,2,177,0
4242,2,1,1,25,0,0.0,0.0,0.0,0.0,0.0,True,2,178,0
4243,2,1,3,48,0,0.0,0.0,0.0,0.0,0.0,True,2,178,0
4244,3,0,1,34,0,849.0,51.0,375.0,0.0,24.0,False,5,296,0
4245,1,1,1,16,0,0.0,0.0,0.0,0.0,0.0,True,7,736,0
4246,1,0,1,0,0,0.0,0.0,0.0,0.0,0.0,False,7,739,1
4247,1,0,3,15,0,6.0,1740.0,2184.0,0.0,0.0,True,7,739,1
4248,1,0,3,37,0,426.0,0.0,2.0,194.0,308.0,False,6,848,0
4249,1,0,1,37,0,452.0,0.0,234.0,19.0,1290.0,False,6,849,0
4250,1,0,1,49,0,820.0,1.0,690.0,292.0,13.0,False,7,740,1
4251,1,0,1,18,0,1.0,1.0,0.0,0.0,746.0,False,6,929,1
4252,1,0,1,25,0,101.0,32.0,0.0,137.0,633.0,True,6,850,0
4253,1,0,2,28,0,0.0,116.0,2048.0,2.0,0.0,True,6,930,1
4254,1,0,3,43,0,26.0,132.0,3.0,117.0,555.0,False,7,738,0
4255,1,0,1,20,0,9.0,0.0,157.0,525.0,0.0,False,6,933,1
4256,2,1,1,54,0,0.0,0.0,0.0,0.0,0.0,True,3,142,1
4257,1,1,1,30,0,0.0,0.0,0.0,0.0,0.0,True,7,739,0
4258,2,1,1,37,0,0.0,0.0,0.0,0.0,0.0,True,2,149,1
4259,1,0,3,30,0,60.0,41.0,553.0,1.0,0.0,True,6,851,0
4260,1,0,1,20,0,631.0,93.0,0.0,0.0,0.0,False,6,934,1
4261,1,0,1,20,0,25.0,0.0,796.0,44.0,44.0,False,7,742,1
4262,1,0,1,24,0,0.0,591.0,0.0,0.0,1560.0,False,6,852,0
4263,1,0,1,44,0,0.0,121.0,0.0,748.0,0.0,False,6,935,1
4264,1,0,3,0,0,0.0,0.0,0.0,0.0,0.0,True,7,740,0
4265,1,1,1,15,0,0.0,0.0,0.0,0.0,0.0,True,7,740,0
4266,2,1,1,19,0,0.0,0.0,0.0,0.0,0.0,True,2,150,1
4267,2,1,3,20,0,0.0,0.0,0.0,0.0,0.0,True,2,150,1
4268,3,0,2,20,1,14.0,0.0,59.0,1777.0,0.0,False,6,936,1
4269,1,1,1,34,0,0.0,0.0,0.0,0.0,0.0,True,7,743,1
4270,1,0,2,17,0,0.0,0.0,0.0,0.0,0.0,True,7,744,1
4271,1,0,1,20,0,0.0,25.0,0.0,0.0,803.0,True,5,297,0
4272,1,0,1,42,0,0.0,1.0,0.0,17.0,1601.0,False,5,298,0
4273,1,0,1,28,0,0.0,180.0,516.0,308.4769036733407,306.7894819713431,True,6,853,0
4274,3,0,1,43,0,375.0,103.0,1990.0,36.0,0.0,True,6,937,1
4275,2,0,2,55,1,0.0,102.0,0.0,278.0,5353.0,False,3,143,1
4276,1,0,1,21,0,29.0,27.0,47.0,694.0,11.0,False,7,743,0
4277,1,0,1,17,0,0.0,656.0,295.0,0.0,35.0,False,5,286,1
4278,2,0,3,54,0,0.0,559.0,0.0,15238.0,2799.0,False,3,167,0
4279,1,0,1,25,0,222.89785157787045,205.0,174.90603284902085,0.0,549.0,True,6,854,0
4280,1,0,1,28,0,0.0,57.0,851.0,0.0,0.0,True,7,744,0
4281,2,0,3,45,0,0.0,496.0,0.0,1940.0,4195.0,False,3,168,0
4282,2,1,1,31,0,0.0,0.0,0.0,0.0,0.0,True,2,180,0
4283,2,1,3,19,0,0.0,0.0,0.0,0.0,0.0,True,3,169,0
4284,1,0,1,30,0,222.89785157787045,43.0,0.0,0.0,6.0,False,7,745,1
4285,1,0,1,24,0,191.0,497.0,0.0,0.0,16.0,False,7,746,1
4286,1,0,1,28,0,0.0,20.0,38.0,359.0,516.0,False,6,939,1
4287,3,0,1,42,0,4102.0,0.0,36.0,0.0,1825.0,False,6,940,1
4288,2,1,3,29,0,0.0,0.0,0.0,0.0,0.0,True,2,151,1
4289,2,0,3,37,0,0.0,2235.0,7.0,4098.0,89.0,False,2,151,1
4290,2,1,1,64,0,0.0,0.0,174.90603284902085,0.0,0.0,True,3,170,0
4291,1,1,1,24,0,0.0,0.0,0.0,0.0,0.0,True,7,745,0
4292,1,0,3,23,0,42.0,0.0,0.0,765.0,2.0,False,7,746,0
4293,1,0,1,22,0,686.0,45.0,16.0,7.0,4.0,True,6,856,0
4294,3,0,1,23,0,176.0,493.0,169.0,0.0,1023.0,False,6,857,0
4295,1,0,1,21,0,3.0,65.0,253.0,475.0,0.0,False,6,941,1
4296,1,0,1,37,0,661.0,876.0,0.0,3.0,13.0,False,6,942,1
4297,3,0,1,17,0,250.0,0.0,2179.0,0.0,0.0,True,6,858,0
4298,3,1,1,35,0,0.0,0.0,0.0,0.0,0.0,True,6,860,0
4299,2,0,1,33,0,0.0,4592.0,0.0,209.0,954.0,True,2,181,0
4300,2,0,3,37,0,0.0,2337.0,0.0,204.0,76.0,True,2,181,0
4301,2,0,3,32,0,0.0,154.0,0.0,5492.0,1924.0,False,2,182,0
4302,3,0,3,31,0,22.0,0.0,174.90603284902085,1.0,524.0,False,6,943,1
4303,2,0,1,28,0,0.0,4020.0,0.0,1635.0,4899.0,False,1,42,1
4304,2,1,3,34,0,0.0,0.0,0.0,0.0,0.0,True,5,287,1
4305,3,0,1,9,0,0.0,0.0,0.0,0.0,0.0,True,6,862,0
4306,3,1,1,25,0,0.0,0.0,0.0,0.0,0.0,True,6,862,0
4307,3,1,1,29,0,0.0,0.0,0.0,0.0,0.0,True,6,862,0
4308,3,1,1,1,0,0.0,0.0,0.0,0.0,0.0,True,6,862,0
4309,1,0,1,30,0,1.0,797.0,0.0,10.0,0.0,True,7,750,0
4310,2,0,1,64,0,77.0,2424.0,0.0,3001.0,127.0,False,3,144,1
4311,2,0,1,31,0,0.0,6670.0,217.0,625.0,20336.0,False,3,144,1
4312,2,0,1,27,0,267.0,2802.0,0.0,54.0,77.0,True,3,144,1
4313,2,0,1,28,0,0.0,4516.0,0.0,6167.0,5308.0,False,3,144,1
4314,2,1,1,25,0,0.0,0.0,0.0,0.0,0.0,True,3,145,1
4315,1,1,1,28,0,0.0,0.0,0.0,0.0,0.0,True,7,751,0
4316,1,1,1,32,0,0.0,0.0,0.0,0.0,0.0,True,7,748,1
4317,1,0,3,36,0,0.0,0.0,0.0,725.0,2.0,False,6,945,1
4318,2,0,3,26,0,0.0,3593.0,47.0,19.0,229.0,True,3,171,0
4319,2,0,1,36,0,1.0,5234.0,343.0,277.0,12682.0,False,3,171,0
4320,1,0,1,37,0,374.0,1327.0,10.0,81.0,0.0,False,7,753,0
4321,1,0,1,45,0,0.0,0.0,0.0,774.0,0.0,False,7,750,1
4322,2,0,1,22,0,165.0,36.0,0.0,3044.0,556.0,False,3,172,0
4323,2,0,3,24,0,25.0,3291.0,0.0,6075.0,179.0,False,3,172,0
4324,1,0,2,23,0,0.0,138.0,4.0,412.0,220.0,False,7,751,1
4325,1,0,3,31,0,2.0,20.0,1.0,1026.0,2.0,True,6,864,0
4326,2,0,1,37,0,1.0,477.0,0.0,0.0,7087.0,False,3,173,0
4327,1,0,1,28,0,5.0,0.0,0.0,1014.0,0.0,False,7,752,1
4328,1,1,1,23,0,0.0,0.0,0.0,0.0,0.0,True,7,754,0
4329,1,0,3,14,0,0.0,166.0,603.0,1.0,0.0,True,7,755,0
4330,2,1,1,40,0,0.0,0.0,0.0,0.0,0.0,True,2,152,1
4331,3,0,1,42,0,36.0,0.0,2554.0,0.0,9.0,True,6,865,0
4332,1,0,1,53,0,19.0,81.0,85.0,768.0,489.0,False,6,866,0
4333,1,1,1,46,0,0.0,0.0,0.0,0.0,0.0,False,7,757,0
4334,3,0,1,28,0,0.0,79.0,2003.0,0.0,0.0,True,5,289,1
4335,1,1,3,25,0,0.0,0.0,0.0,0.0,0.0,True,7,753,1
4336,2,0,2,34,1,0.0,451.96167494677076,21.0,7.0,16.0,True,3,146,1
4337,3,0,1,58,0,1246.0,0.0,66.0,36.0,0.0,False,6,868,0
4338,2,0,1,31,0,0.0,2520.0,1.0,1.0,0.0,True,2,183,0
4339,2,1,3,24,0,0.0,0.0,0.0,0.0,0.0,True,2,183,0
4340,2,0,1,52,0,0.0,3275.0,111.0,51.0,18.0,True,6,82,0
4341,2,1,3,25,0,0.0,0.0,0.0,0.0,0.0,True,2,183,0
4342,2,1,1,17,0,0.0,0.0,0.0,0.0,0.0,True,2,183,0
4343,1,0,1,27,0,0.0,453.0,137.0,1331.0,1660.0,False,2,183,0
4344,2,1,3,29,0,0.0,0.0,0.0,0.0,0.0,True,2,183,0
4345,2,0,1,45,0,0.0,7484.0,465.0,14.0,610.0,True,3,175,0
4346,1,0,2,28,0,0.0,18.0,0.0,0.0,674.0,True,6,870,0
4347,2,1,3,25,0,0.0,0.0,174.90603284902085,0.0,0.0,True,3,147,1
4348,2,1,1,57,0,0.0,0.0,0.0,0.0,0.0,True,3,176,0
4349,2,1,1,68,0,0.0,0.0,0.0,0.0,0.0,True,3,176,0
4350,2,0,3,26,0,0.0,431.0,28.0,10941.0,26.0,False,3,176,0
4351,2,0,1,52,0,2.0,364.0,0.0,2144.0,1804.0,False,3,176,0
4352,2,0,1,36,0,0.0,551.0,0.0,5270.0,22.0,False,3,176,0
4353,1,0,2,41,0,454.0,297.0,0.0,2.0,0.0,False,7,754,1
4354,1,0,1,14,0,514.0,0.0,392.0,0.0,0.0,False,5,299,0
4355,1,1,2,16,0,0.0,0.0,0.0,0.0,0.0,True,7,755,1
4356,3,0,1,24,0,672.0,0.0,501.0,0.0,306.7894819713431,False,6,82,0
4357,2,0,1,62,1,0.0,1633.0,0.0,1742.0,0.0,True,2,153,1
4358,1,0,3,26,0,595.0,84.0,0.0,0.0,131.0,True,7,760,0
4359,1,0,1,45,0,65.0,63.0,3.0,713.0,27.0,False,6,871,0
4360,2,0,1,41,0,0.0,412.0,0.0,4030.0,0.0,False,3,178,0
4361,1,0,1,36,0,222.89785157787045,724.0,0.0,0.0,0.0,True,6,947,1
4362,1,0,3,13,0,8.0,1385.0,1445.0,250.0,8.0,True,6,872,0
4363,2,0,1,48,0,0.0,9633.0,0.0,1.0,2.0,True,2,184,0
4364,2,1,1,28,0,0.0,0.0,0.0,0.0,0.0,True,2,184,0
4365,1,0,2,22,0,141.0,16.0,0.0,177.0,336.0,True,6,873,0
4366,1,0,1,39,0,290.0,0.0,84.0,266.0,0.0,True,6,874,0
4367,1,0,1,45,0,1399.0,226.0,0.0,0.0,0.0,False,5,290,1
4368,1,0,1,42,0,84.0,323.0,0.0,1251.0,120.0,False,7,762,0
4369,2,0,1,33,0,0.0,7039.0,0.0,902.0,405.0,True,3,179,0
4370,1,0,1,27,0,0.0,89.0,874.0,34.0,0.0,True,6,82,0
4371,1,0,1,47,0,0.0,370.0,0.0,380.0,38.0,False,5,302,0
4372,2,1,1,20,0,0.0,0.0,0.0,0.0,0.0,True,5,291,1
4373,2,1,3,32,0,0.0,0.0,0.0,0.0,0.0,True,2,154,1
4374,1,1,1,54,0,0.0,0.0,0.0,0.0,0.0,True,2,154,1
4375,1,0,1,23,0,0.0,1125.0,0.0,308.4769036733407,993.0,False,6,875,0
4376,1,0,1,9,0,0.0,0.0,0.0,0.0,0.0,False,7,763,0
4377,1,0,1,17,0,372.0,0.0,477.0,0.0,0.0,False,7,756,1
4378,2,0,1,26,0,0.0,823.0,0.0,1821.0,1508.0,False,4,147,0
4379,2,0,1,38,0,0.0,93.0,0.0,0.0,7303.0,False,4,147,0
4380,1,0,1,24,0,703.0,0.0,0.0,0.0,0.0,False,6,876,0
4381,1,0,1,30,0,77.0,2325.0,5.0,117.0,1.0,True,6,948,1
4382,1,1,3,2,0,0.0,0.0,0.0,0.0,0.0,False,7,757,1
4383,1,1,1,4,0,0.0,0.0,0.0,0.0,0.0,True,7,757,1
4384,1,1,1,9,0,0.0,0.0,0.0,0.0,0.0,False,7,757,1
4385,1,0,1,30,0,0.0,0.0,3.0,3434.0,0.0,False,6,948,1
4386,1,1,1,5,0,0.0,0.0,0.0,308.4769036733407,0.0,False,7,757,1
4387,1,0,1,2,0,0.0,0.0,0.0,0.0,0.0,False,7,757,1
4388,2,0,1,32,0,45.0,985.0,0.0,0.0,6803.0,False,3,148,1
4389,2,1,1,53,0,0.0,0.0,0.0,0.0,0.0,True,3,148,1
4390,2,0,1,46,0,0.0,3856.0,0.0,1.0,312.0,True,6,82,0
4391,1,1,1,2,0,0.0,0.0,0.0,0.0,0.0,True,7,765,0
4392,1,1,1,1,0,0.0,0.0,0.0,0.0,0.0,True,7,765,0
4393,1,1,1,11,0,0.0,0.0,0.0,0.0,0.0,True,7,765,0
4394,1,0,3,3,0,0.0,0.0,0.0,0.0,0.0,True,7,765,0
4395,1,1,1,33,0,0.0,0.0,0.0,0.0,0.0,True,7,765,0
4396,1,1,3,3,0,0.0,0.0,0.0,0.0,0.0,True,7,765,0
4397,1,0,1,38,0,182.0,776.0,3.0,33.0,0.0,False,5,303,0
4398,1,1,2,21,0,0.0,0.0,0.0,0.0,0.0,False,7,758,1
4399,1,1,1,41,0,0.0,0.0,0.0,0.0,0.0,True,6,82,0
4400,2,1,3,64,0,0.0,0.0,0.0,0.0,0.0,True,3,180,0
4401,2,1,3,27,1,0.0,0.0,0.0,0.0,0.0,True,3,180,0
4402,1,1,3,41,0,0.0,451.96167494677076,174.90603284902085,0.0,0.0,False,7,759,1
4403,1,0,1,19,0,35.0,2.0,481.0,121.0,306.7894819713431,False,6,950,1
4404,1,0,1,42,0,0.0,0.0,1677.0,65.0,62.0,True,7,760,1
4405,2,0,3,30,0,0.0,4066.0,0.0,544.0,1272.0,False,3,150,1
4406,1,0,1,38,0,183.0,203.0,0.0,110.0,374.0,False,6,951,1
4407,2,0,1,63,0,0.0,4579.0,1.0,1006.0,2084.0,True,3,181,0
4408,3,0,1,17,0,222.89785157787045,0.0,38.0,0.0,2.0,False,4,155,1
4409,3,1,1,2,0,0.0,0.0,0.0,0.0,0.0,True,6,952,1
4410,3,0,1,19,0,0.0,0.0,0.0,0.0,0.0,True,6,952,1
4411,3,0,1,37,0,1144.0,4.0,34.0,0.0,0.0,False,4,155,1
4412,3,0,1,50,0,225.0,0.0,796.0,107.0,0.0,True,6,878,0
4413,1,0,1,38,0,0.0,172.0,615.0,0.0,0.0,True,7,768,0
4414,2,0,1,28,1,0.0,3119.0,0.0,1404.0,366.0,True,3,182,0
4415,2,1,1,35,0,0.0,0.0,0.0,0.0,0.0,True,2,156,1
4416,2,0,1,27,0,14327.0,1487.0,0.0,1.0,0.0,False,6,82,0
4417,1,0,1,15,0,0.0,7.0,0.0,749.0,0.0,False,7,769,0
4418,2,0,1,29,1,0.0,920.0,0.0,2052.0,3687.0,False,2,186,0
4419,2,1,3,65,0,0.0,0.0,0.0,0.0,0.0,True,2,186,0
4420,1,0,3,27,0,0.0,630.0,0.0,71.0,0.0,True,6,881,0
4421,3,0,1,0,0,0.0,0.0,0.0,0.0,0.0,True,6,882,0
4422,3,0,1,21,0,3148.0,0.0,1.0,0.0,0.0,False,6,882,0
4423,3,1,1,19,0,0.0,0.0,0.0,0.0,0.0,True,6,882,0
4424,3,1,1,39,0,0.0,0.0,0.0,0.0,0.0,True,6,883,0
4425,1,0,3,60,0,0.0,0.0,0.0,0.0,306.7894819713431,False,6,955,1
4426,2,0,3,30,0,818.0,44.0,2.0,2956.0,2311.0,False,4,156,1
4427,1,1,1,30,0,0.0,0.0,0.0,0.0,0.0,False,7,762,1
4428,1,1,1,40,0,0.0,0.0,0.0,0.0,0.0,True,7,762,1
4429,3,0,1,26,0,0.0,25.0,13.0,11.0,998.0,False,5,304,0
4430,1,0,3,38,0,2614.0,0.0,103.0,0.0,0.0,False,6,957,1
4431,3,0,1,22,0,130.0,15.0,2454.0,0.0,0.0,True,6,958,1
4432,3,0,1,28,0,179.0,0.0,1805.0,131.0,0.0,False,5,293,1
4433,3,0,1,65,0,1420.0,0.0,84.0,0.0,0.0,False,6,959,1
4434,1,1,2,61,0,0.0,0.0,0.0,0.0,0.0,True,7,764,1
4435,1,0,1,20,0,0.0,0.0,111.0,39.0,1094.0,False,6,885,0
4436,1,1,1,24,0,0.0,0.0,0.0,0.0,0.0,False,7,765,1
4437,1,1,1,16,0,0.0,0.0,0.0,0.0,0.0,False,7,766,1
4438,3,1,1,35,0,0.0,451.96167494677076,0.0,0.0,0.0,True,5,305,0
4439,1,0,1,21,0,0.0,681.0,51.0,131.0,1.0,True,6,887,0
4440,1,1,1,23,0,0.0,0.0,0.0,0.0,0.0,True,7,771,0
4441,1,0,3,17,0,0.0,262.0,0.0,0.0,502.0,True,6,888,0
4442,1,0,2,24,0,154.0,7.0,241.0,213.0,453.0,False,6,888,0
4443,1,0,3,27,0,866.0,0.0,0.0,0.0,23.0,False,7,767,1
4444,2,0,1,26,0,0.0,1910.0,0.0,1777.0,306.7894819713431,True,3,187,0
4445,2,0,3,26,0,0.0,3452.0,0.0,4.0,1960.0,True,3,187,0
4446,2,0,1,20,0,0.0,3.0,0.0,1271.0,2630.0,True,3,187,0
4447,2,1,1,28,0,0.0,0.0,0.0,0.0,0.0,True,3,187,0
4448,2,0,1,37,0,8.0,21.0,0.0,56.0,2167.0,True,3,187,0
4449,3,0,1,23,0,706.0,0.0,0.0,0.0,583.0,False,6,889,0
4450,3,1,1,49,0,222.89785157787045,0.0,0.0,0.0,0.0,True,6,889,0
4451,2,0,1,50,0,0.0,1338.0,0.0,40.0,6178.0,False,2,158,1
4452,2,1,1,4,0,0.0,451.96167494677076,0.0,0.0,0.0,True,3,151,1
4453,2,1,1,32,0,0.0,0.0,0.0,0.0,0.0,True,3,151,1
4454,2,0,1,44,0,0.0,0.0,0.0,0.0,0.0,True,3,151,1
4455,1,0,1,20,0,962.0,0.0,4581.0,105.0,0.0,True,5,294,1
4456,3,0,1,30,0,531.0,807.0,35.0,200.0,0.0,False,6,893,0
4457,3,0,1,29,0,574.0,0.0,4940.0,1831.0,2.0,False,6,893,0
4458,1,0,1,22,0,37.0,3.0,0.0,305.0,581.0,True,7,773,0
4459,3,1,1,35,0,0.0,0.0,0.0,0.0,0.0,True,6,961,1
4460,3,0,3,0,0,0.0,0.0,0.0,0.0,0.0,True,6,961,1
4461,3,0,1,6,0,0.0,0.0,0.0,0.0,0.0,True,6,961,1
4462,2,0,1,38,0,0.0,4504.0,0.0,13.0,302.0,True,5,306,0
4463,2,0,1,34,0,0.0,48.0,2067.0,3.0,6.0,True,3,152,1
4464,2,1,3,34,0,0.0,0.0,0.0,0.0,0.0,True,3,152,1
4465,1,0,1,28,0,282.0,8.0,337.0,0.0,0.0,False,7,775,0
4466,3,0,1,53,0,204.0,142.0,380.0,38.0,1.0,False,4,149,0
4467,2,0,1,28,0,0.0,395.0,118.0,14.0,1647.0,False,1,57,0
4468,2,0,1,31,0,0.0,1382.0,0.0,1795.0,588.0,False,1,57,0
4469,3,0,2,56,0,233.0,0.0,1356.0,0.0,171.0,False,6,964,1
4470,3,0,1,36,0,850.0,451.96167494677076,454.0,0.0,0.0,False,6,895,0
4471,1,0,3,30,0,25.0,245.0,198.0,2.0,321.0,False,5,307,0
4472,3,1,1,32,0,0.0,0.0,0.0,0.0,0.0,True,6,965,1
4473,2,1,3,44,0,0.0,0.0,0.0,0.0,0.0,True,3,188,0
4474,2,1,3,54,0,0.0,0.0,174.90603284902085,0.0,0.0,True,3,188,0
4475,1,0,1,24,0,185.0,0.0,476.0,1810.0,53.0,False,6,896,0
4476,1,0,1,44,0,248.0,0.0,0.0,0.0,623.0,False,6,966,1
4477,1,0,1,25,0,0.0,3.0,23.0,693.0,0.0,False,6,897,0
4478,3,1,1,35,0,0.0,0.0,0.0,0.0,0.0,True,6,968,1
4479,3,0,1,29,0,298.0,0.0,888.0,5.0,0.0,True,6,969,1
4480,1,0,1,22,0,0.0,669.0,121.0,0.0,56.0,True,5,308,0
4481,1,1,1,22,0,0.0,0.0,0.0,0.0,0.0,True,7,776,0
4482,1,0,3,22,0,0.0,509.0,2.0,8.0,74.0,True,6,900,0
4483,1,1,2,18,0,0.0,0.0,0.0,0.0,0.0,True,6,900,0
4484,1,0,3,22,0,256.0,0.0,0.0,0.0,373.0,False,6,971,1
4485,1,0,1,52,0,935.0,779.0,0.0,0.0,0.0,True,7,777,0
4486,3,1,1,0,0,0.0,0.0,0.0,0.0,0.0,True,6,972,1
4487,3,1,1,1,0,0.0,0.0,0.0,0.0,0.0,True,6,972,1
4488,3,0,1,34,0,2130.0,0.0,1.0,1.0,0.0,False,6,972,1
4489,3,1,1,6,0,0.0,0.0,0.0,0.0,0.0,True,6,972,1
4490,1,0,1,22,0,123.0,1.0,660.0,0.0,0.0,True,7,778,0
4491,1,1,1,31,0,0.0,0.0,0.0,0.0,0.0,True,7,779,0
4492,2,0,1,31,0,588.0,1261.0,0.0,228.0,6.0,False,1,58,0
4493,3,0,1,20,0,845.0,0.0,46.0,123.0,0.0,False,5,309,0
4494,3,1,1,25,0,0.0,0.0,0.0,0.0,0.0,True,5,309,0
4495,2,1,3,23,0,0.0,0.0,0.0,0.0,0.0,True,6,82,0
4496,2,0,1,53,0,50.0,11552.0,0.0,2998.0,4334.0,False,3,189,0
4497,2,0,3,32,0,0.0,225.0,0.0,3873.0,240.0,False,3,189,0
4498,2,1,3,27,0,0.0,0.0,0.0,0.0,306.7894819713431,True,3,189,0
4499,2,0,3,48,0,0.0,342.0,929.0,10887.0,0.0,False,3,189,0
4500,2,0,1,37,0,223.0,9495.0,0.0,1318.0,1866.0,True,1,43,1
4501,3,1,1,21,0,0.0,0.0,0.0,0.0,0.0,True,6,903,0
4502,2,1,3,29,0,0.0,0.0,0.0,0.0,0.0,True,2,159,1
4503,2,1,1,46,1,0.0,0.0,0.0,0.0,0.0,True,2,160,1
4504,1,0,1,19,0,2.0,0.0,174.90603284902085,9.0,754.0,False,7,780,0
4505,1,0,1,22,0,0.0,0.0,0.0,778.0,0.0,False,6,904,0
4506,2,0,1,54,1,0.0,2853.0,0.0,0.0,1666.0,False,2,189,0
4507,1,0,1,43,0,63.0,1339.0,9.0,253.0,42.0,True,7,781,0
4508,1,1,1,18,0,0.0,0.0,0.0,0.0,0.0,True,7,782,0
4509,2,0,3,36,0,13.0,1480.0,1.0,1439.0,1955.0,False,5,310,0
4510,2,0,1,20,0,0.0,1131.0,3783.0,161.0,0.0,True,5,310,0
4511,1,0,1,63,0,0.0,104.0,0.0,599.0,0.0,False,6,974,1
4512,1,0,1,50,0,138.0,706.0,0.0,18.0,40.0,True,6,905,0
4513,3,0,1,13,0,21.0,0.0,1564.0,0.0,1.0,True,6,82,0
4514,3,1,1,43,0,0.0,0.0,0.0,0.0,0.0,True,5,311,0
4515,1,1,2,16,0,0.0,0.0,0.0,0.0,0.0,True,7,783,0
4516,3,1,1,31,0,0.0,0.0,0.0,0.0,0.0,True,6,975,1
4517,3,1,1,0,0,0.0,0.0,0.0,308.4769036733407,0.0,True,6,975,1
4518,3,1,1,10,0,0.0,451.96167494677076,0.0,0.0,0.0,True,6,975,1
4519,1,1,1,10,0,222.89785157787045,0.0,0.0,0.0,0.0,False,7,773,1
4520,1,0,1,55,0,1028.0,18.0,0.0,0.0,0.0,False,6,977,1
4521,1,0,1,18,0,211.0,594.0,2.0,493.0,62.0,True,6,906,0
4522,1,0,1,7,0,0.0,0.0,174.90603284902085,0.0,0.0,True,7,785,0
4523,1,1,1,1,0,0.0,0.0,174.90603284902085,0.0,0.0,True,7,785,0
4524,1,0,1,44,0,22.0,1.0,0.0,864.0,0.0,False,7,776,1
4525,3,0,1,27,0,665.0,631.0,1.0,308.4769036733407,0.0,False,5,299,1
4526,1,0,2,20,0,30.0,4.0,0.0,321.0,451.0,False,6,82,0
4527,2,0,3,49,0,0.0,7762.0,2.0,0.0,98.0,True,3,190,0
4528,1,1,3,22,0,0.0,0.0,0.0,0.0,0.0,True,7,788,0
4529,1,0,3,21,0,564.0,9.0,0.0,0.0,30.0,True,6,907,0
4530,3,0,1,26,0,17.0,0.0,746.0,394.0,0.0,False,6,979,1
4531,3,0,1,65,0,588.0,196.0,272.0,0.0,0.0,True,4,150,0
4532,3,1,1,20,0,0.0,0.0,0.0,0.0,0.0,True,6,980,1
4533,3,1,3,0,0,0.0,0.0,0.0,0.0,0.0,True,6,981,1
4534,3,1,1,16,0,0.0,0.0,0.0,0.0,0.0,True,6,981,1
4535,1,1,1,22,0,0.0,0.0,0.0,0.0,0.0,True,6,981,1
4536,3,0,1,0,0,0.0,0.0,0.0,0.0,0.0,True,6,981,1
4537,1,0,1,21,0,526.0,0.0,174.90603284902085,258.0,0.0,False,7,777,1
4538,1,1,2,30,0,0.0,0.0,0.0,0.0,0.0,True,7,789,0
4539,1,0,3,14,0,363.0,44.0,0.0,0.0,512.0,True,7,778,1
4540,3,0,1,45,0,944.0,292.0,2.0,308.4769036733407,0.0,False,6,982,1
4541,1,0,1,22,0,0.0,0.0,0.0,19.0,785.0,False,6,983,1
4542,3,1,1,21,0,0.0,0.0,0.0,0.0,0.0,True,6,984,1
4543,1,0,1,37,0,542.0,440.0,1.0,0.0,0.0,False,5,301,1
4544,3,1,1,29,0,0.0,451.96167494677076,0.0,0.0,0.0,True,6,82,0
4545,3,0,1,29,1,20.0,451.96167494677076,1902.0,0.0,3.0,True,6,911,0
4546,1,0,1,21,0,0.0,198.0,559.0,19.0,44.0,True,6,912,0
4547,1,0,1,52,0,1.0,13.0,3.0,0.0,700.0,False,6,913,0
4548,1,1,1,36,0,0.0,0.0,174.90603284902085,0.0,0.0,True,6,915,0
4549,2,1,3,59,0,0.0,0.0,0.0,0.0,0.0,True,2,192,0
4550,2,0,1,21,0,12.0,1855.0,0.0,1381.0,358.0,False,2,192,0
4551,2,0,1,25,0,21.0,2148.0,0.0,1966.0,12708.0,False,2,192,0
4552,3,0,1,23,0,2260.0,0.0,152.0,106.0,60.0,False,4,152,0
4553,2,1,3,36,0,0.0,0.0,0.0,0.0,0.0,True,5,302,1
4554,1,0,1,38,0,161.0,3.0,0.0,624.0,0.0,False,5,314,0
4555,1,1,1,0,0,0.0,0.0,0.0,0.0,306.7894819713431,True,7,791,0
4556,1,0,1,19,0,0.0,0.0,699.0,18.0,86.0,True,6,917,0
4557,1,0,1,30,0,148.0,0.0,0.0,619.0,34.0,True,6,986,1
4558,1,0,1,23,0,14.0,0.0,437.0,103.0,333.0,True,7,792,0
4559,1,0,1,55,0,330.0,114.0,0.0,2.0,0.0,True,7,792,0
4560,1,0,2,44,0,0.0,463.0,1.0,172.0,0.0,True,6,918,0
4561,2,0,1,30,0,4531.0,212.0,10.0,157.0,12.0,False,3,153,1
4562,1,0,1,39,0,12.0,8.0,0.0,4.0,753.0,True,6,920,0
4563,1,0,3,19,0,423.0,451.96167494677076,0.0,0.0,0.0,False,7,782,1
4564,1,0,1,24,0,0.0,871.0,17.0,0.0,0.0,False,7,783,1
4565,2,0,1,37,0,1721.0,667.0,174.90603284902085,28.0,1362.0,False,8,2,0
4566,1,0,3,24,0,0.0,0.0,0.0,734.0,21.0,False,7,784,1
4567,1,0,1,17,0,0.0,0.0,1875.0,142.0,2.0,True,6,922,0
4568,1,0,1,17,0,0.0,775.0,0.0,13.0,0.0,True,5,304,1
4569,1,0,3,14,0,8.0,0.0,174.90603284902085,0.0,176.0,False,7,785,1
4570,1,0,2,13,0,0.0,611.0,0.0,0.0,0.0,False,6,990,1
4571,2,0,3,35,0,0.0,1135.0,0.0,0.0,3880.0,True,3,191,0
4572,3,0,1,32,0,654.0,0.0,655.0,0.0,0.0,True,6,925,0
4573,3,1,1,18,0,0.0,0.0,0.0,0.0,0.0,True,6,925,0
4574,1,0,1,21,0,529.0,8.0,89.0,21.0,0.0,True,6,926,0
4575,3,0,1,25,0,750.0,0.0,109.0,368.0,0.0,False,6,927,0
4576,3,0,1,36,0,108.0,0.0,941.0,861.0,0.0,False,6,929,0
4577,1,0,1,20,0,362.0,0.0,31.0,12.0,483.0,False,7,786,1
4578,1,0,3,22,0,126.0,3.0,0.0,1305.0,0.0,False,7,787,1
4579,3,1,1,27,0,0.0,0.0,0.0,0.0,0.0,True,5,315,0
4580,2,0,1,28,0,9.0,2031.0,0.0,20.0,1837.0,False,2,193,0
4581,1,1,1,38,0,0.0,0.0,0.0,0.0,0.0,True,7,788,1
4582,3,1,1,23,0,0.0,0.0,0.0,0.0,0.0,False,5,316,0
4583,3,0,1,21,0,74.0,0.0,713.0,0.0,502.0,True,6,930,0
4584,1,0,1,18,0,222.89785157787045,0.0,1770.0,1284.0,8.0,False,6,931,0
4585,1,0,1,20,0,0.0,254.0,868.0,405.0,0.0,True,6,991,1
4586,2,1,1,28,0,0.0,0.0,0.0,0.0,0.0,True,3,192,0
4587,1,0,2,57,0,274.0,8.0,0.0,19.0,466.0,False,7,794,0
4588,1,0,3,10,0,0.0,0.0,0.0,0.0,0.0,True,7,795,0
4589,1,0,1,23,0,0.0,0.0,874.0,308.4769036733407,0.0,True,6,932,0
4590,2,1,1,22,0,0.0,0.0,0.0,0.0,0.0,True,2,194,0
4591,2,1,3,24,0,0.0,0.0,0.0,0.0,0.0,True,2,194,0
4592,1,0,1,52,0,44.0,451.96167494677076,0.0,42.0,1731.0,False,7,796,0
4593,1,1,3,31,0,0.0,0.0,0.0,0.0,0.0,True,7,797,0
4594,1,1,3,15,0,0.0,0.0,0.0,0.0,0.0,True,7,789,1
4595,1,0,1,40,0,176.0,932.0,0.0,0.0,306.7894819713431,False,6,992,1
4596,1,0,1,18,0,0.0,0.0,31.0,2121.0,0.0,False,6,993,1
4597,1,0,1,28,0,647.0,1.0,32.0,71.0,140.0,True,6,933,0
4598,1,1,1,40,0,0.0,0.0,0.0,0.0,0.0,True,7,799,0
4599,1,0,2,32,0,8.0,690.0,3.0,5.0,0.0,True,7,799,0
4600,1,0,2,35,0,0.0,0.0,2.0,672.0,10.0,False,6,994,1
4601,1,0,1,52,0,0.0,837.0,1.0,2.0,8.0,False,7,790,1
4602,1,0,1,34,0,695.0,25.0,276.0,0.0,0.0,False,5,305,1
4603,1,1,1,46,0,0.0,0.0,0.0,0.0,0.0,False,7,791,1
4604,1,0,3,23,0,62.0,0.0,0.0,1.0,2203.0,False,6,995,1
4605,1,0,1,44,0,2.0,0.0,0.0,788.0,0.0,False,5,317,0
4606,1,0,3,59,0,460.0,139.0,0.0,1.0,0.0,False,6,997,1
4607,2,0,1,42,0,0.0,1330.0,0.0,2711.0,691.0,False,5,306,1
4608,1,0,1,18,0,0.0,0.0,0.0,702.0,0.0,False,6,998,1
4609,3,0,1,29,0,3284.0,84.0,0.0,0.0,2.0,False,4,160,1
4610,3,1,1,15,0,0.0,0.0,0.0,0.0,0.0,True,6,999,1
4611,3,0,1,19,0,1301.0,0.0,31.0,1.0,0.0,True,6,1000,1
4612,1,1,2,49,0,0.0,0.0,0.0,0.0,0.0,False,7,793,1
4613,3,1,1,19,0,0.0,0.0,0.0,0.0,0.0,True,6,1001,1
4614,2,0,3,36,1,1.0,10029.0,1.0,1679.0,27.0,True,2,195,0
4615,1,1,3,59,0,0.0,0.0,0.0,0.0,0.0,True,7,794,1
4616,1,1,3,24,0,0.0,0.0,0.0,0.0,0.0,True,7,802,0
4617,3,1,1,4,0,0.0,0.0,0.0,0.0,0.0,True,6,935,0
4618,3,1,1,20,0,0.0,0.0,0.0,0.0,0.0,True,6,935,0
4619,3,0,1,24,0,261.0,0.0,780.0,0.0,0.0,True,6,935,0
4620,3,0,3,31,0,725.0,0.0,747.0,0.0,0.0,False,6,1002,1
4621,3,0,1,23,0,197.0,76.0,5635.0,7.0,0.0,True,6,936,0
4622,3,0,1,3,0,0.0,0.0,0.0,0.0,0.0,True,6,937,0
4623,3,1,1,22,0,0.0,0.0,0.0,0.0,0.0,True,6,937,0
4624,3,0,1,20,0,0.0,0.0,0.0,0.0,0.0,True,6,937,0
4625,3,0,1,0,0,0.0,0.0,0.0,0.0,0.0,True,6,937,0
4626,3,1,3,13,0,0.0,0.0,0.0,0.0,0.0,True,6,1004,1
4627,2,1,1,47,0,0.0,0.0,0.0,0.0,0.0,True,2,161,1
4628,2,0,1,51,0,0.0,3571.0,106.0,0.0,0.0,True,2,161,1
4629,3,0,1,22,0,223.0,0.0,630.0,14.0,0.0,True,4,161,1
4630,3,1,3,3,0,0.0,0.0,0.0,0.0,0.0,True,6,1005,1
4631,3,0,1,4,0,0.0,0.0,0.0,0.0,0.0,True,6,938,0
4632,1,0,1,16,0,2083.0,0.0,10.0,0.0,0.0,False,6,938,0
4633,3,0,1,24,0,623.0,0.0,501.0,304.0,776.0,False,6,938,0
4634,3,1,1,1,0,0.0,0.0,0.0,0.0,0.0,True,6,938,0
4635,1,0,1,31,0,210.0,20.0,0.0,1027.0,199.0,False,6,1006,1
4636,1,0,1,34,0,1242.0,444.0,0.0,22.0,0.0,False,7,803,0
4637,1,0,3,20,0,0.0,0.0,847.0,0.0,0.0,True,7,804,0
4638,1,0,1,19,0,0.0,2077.0,0.0,0.0,0.0,True,6,1007,1
4639,1,1,1,19,0,0.0,0.0,0.0,0.0,0.0,True,7,805,0
4640,3,0,1,35,0,988.0,0.0,830.0,2.0,0.0,False,6,1008,1
4641,1,1,1,3,0,0.0,0.0,0.0,0.0,0.0,True,7,806,0
4642,1,1,1,36,0,0.0,0.0,0.0,0.0,0.0,True,7,806,0
4643,3,1,1,20,0,0.0,0.0,0.0,0.0,0.0,True,6,1009,1
4644,2,0,3,28,0,269.0,2171.0,2.0,2.0,0.0,True,1,60,0
4645,2,0,3,58,0,0.0,3448.0,0.0,737.0,2193.0,False,1,60,0
4646,2,0,1,56,0,153.0,1750.0,0.0,334.0,1539.0,False,1,60,0
4647,1,1,2,27,0,0.0,0.0,0.0,0.0,0.0,True,7,798,1
4648,1,1,1,25,0,0.0,0.0,0.0,0.0,0.0,False,7,799,1
4649,1,1,2,39,0,0.0,0.0,0.0,0.0,0.0,False,7,800,1
4650,3,0,1,43,0,11.0,0.0,1297.0,38.0,0.0,True,6,1010,1
4651,3,1,1,42,0,0.0,0.0,0.0,0.0,0.0,True,6,939,0
4652,1,0,1,24,0,3.0,1018.0,687.0,50.0,306.7894819713431,True,7,808,0
4653,1,1,1,19,0,0.0,0.0,0.0,0.0,0.0,True,7,809,0
4654,1,0,1,32,0,0.0,235.0,0.0,474.0,0.0,False,7,810,0
4655,3,0,1,32,0,1016.0,0.0,307.0,5.0,306.7894819713431,True,6,942,0
4656,1,1,1,61,0,0.0,0.0,0.0,0.0,0.0,True,7,811,0
4657,3,0,1,64,0,2147.0,0.0,191.0,59.0,0.0,False,4,154,0
4658,1,0,1,21,0,457.0,79.0,1134.0,0.0,0.0,False,5,308,1
4659,1,0,2,26,0,0.0,9.0,0.0,0.0,1376.0,False,6,943,0
4660,2,0,3,35,0,87.0,1719.0,2750.0,0.0,79.0,True,2,162,1
4661,1,0,1,43,0,957.0,0.0,1.0,0.0,39.0,False,5,309,1
4662,1,1,3,3,0,0.0,0.0,0.0,0.0,0.0,True,7,803,1
4663,2,0,1,56,0,0.0,10.0,0.0,9319.0,1225.0,False,1,44,1
4664,2,1,3,45,0,0.0,0.0,0.0,0.0,306.7894819713431,True,6,82,0
4665,1,1,2,25,0,0.0,0.0,0.0,0.0,0.0,True,7,813,0
4666,1,0,1,12,0,0.0,0.0,0.0,0.0,0.0,True,7,813,0
4667,1,1,2,2,0,0.0,0.0,0.0,0.0,0.0,True,7,813,0
4668,1,0,1,46,0,0.0,4.0,834.0,0.0,32.0,True,6,945,0
4669,1,0,1,32,0,2756.0,125.0,9.0,0.0,103.0,False,6,945,0
4670,1,0,1,20,0,0.0,358.0,287.0,0.0,306.7894819713431,False,6,1015,1
4671,1,1,2,24,0,0.0,0.0,0.0,0.0,0.0,False,7,804,1
4672,1,0,1,28,0,0.0,0.0,0.0,882.0,0.0,False,7,805,1
4673,1,0,1,12,0,0.0,0.0,0.0,0.0,0.0,False,7,805,1
4674,1,0,1,11,0,0.0,0.0,0.0,0.0,0.0,False,7,805,1
4675,1,0,1,16,0,0.0,769.0,0.0,0.0,7.0,True,6,946,0
4676,1,0,2,29,0,0.0,0.0,0.0,0.0,0.0,True,7,814,0
4677,1,0,1,24,0,530.0,0.0,0.0,0.0,179.0,False,7,814,0
4678,1,0,1,22,0,61.0,0.0,214.0,445.0,306.7894819713431,True,6,1016,1
4679,1,0,1,21,0,36.0,162.0,0.0,588.0,0.0,True,7,816,0
4680,1,0,1,38,0,0.0,1.0,0.0,786.0,0.0,False,5,310,1
4681,2,1,1,35,0,0.0,0.0,0.0,0.0,0.0,False,2,164,1
4682,1,0,1,79,0,610.0,451.96167494677076,0.0,200.0,5.0,False,7,806,1
4683,1,0,2,22,0,479.0,34.0,0.0,29.0,4.0,False,6,1018,1
4684,1,0,3,42,0,642.0,282.0,0.0,0.0,0.0,True,7,807,1
4685,3,1,1,34,0,0.0,0.0,0.0,0.0,0.0,True,6,949,0
4686,2,1,1,52,0,0.0,0.0,0.0,0.0,0.0,True,3,156,1
4687,1,1,1,43,0,0.0,0.0,0.0,0.0,0.0,True,7,818,0
4688,1,0,1,30,0,1120.0,0.0,0.0,0.0,794.0,False,6,950,0
4689,1,1,1,35,0,0.0,0.0,0.0,0.0,0.0,True,7,808,1
4690,1,1,1,18,0,0.0,0.0,0.0,0.0,0.0,False,7,809,1
4691,2,1,1,27,0,0.0,0.0,0.0,0.0,0.0,True,2,165,1
4692,1,0,1,46,0,819.0,31.0,0.0,49.0,2.0,False,6,1019,1
4693,2,1,1,15,0,0.0,0.0,0.0,0.0,0.0,True,2,166,1
4694,2,1,3,44,0,0.0,0.0,0.0,0.0,0.0,True,2,166,1
4695,2,0,1,20,0,0.0,219.0,0.0,5.0,3283.0,False,2,166,1
4696,3,0,1,35,0,1337.0,49.0,57.0,0.0,0.0,False,6,951,0
4697,3,1,1,19,0,0.0,0.0,0.0,0.0,0.0,True,6,952,0
4698,3,1,1,47,0,0.0,0.0,0.0,0.0,0.0,True,6,1020,1
4699,3,0,1,26,1,1033.0,172.0,26.0,0.0,518.0,False,6,1021,1
4700,1,1,3,24,0,0.0,0.0,0.0,0.0,0.0,True,7,811,1
4701,1,0,1,23,0,0.0,0.0,2102.0,0.0,0.0,True,6,953,0
4702,1,0,1,26,0,1331.0,0.0,973.0,484.0,0.0,False,4,162,1
4703,3,1,1,5,0,0.0,0.0,0.0,0.0,0.0,True,6,1022,1
4704,2,0,3,35,0,54.0,493.0,12.0,6691.0,253.0,False,3,194,0
4705,3,0,1,18,0,1092.0,31.0,309.0,0.0,0.0,False,6,1023,1
4706,3,1,1,32,0,0.0,0.0,0.0,0.0,0.0,True,6,954,0
4707,1,1,1,13,0,0.0,0.0,0.0,0.0,0.0,True,7,812,1
4708,1,0,1,15,0,0.0,0.0,19.0,352.0,326.0,False,6,955,0
4709,1,0,2,18,0,648.0,19.0,0.0,0.0,4.0,True,6,956,0
4710,2,0,1,41,0,4.0,4619.0,0.0,251.0,213.0,True,2,167,1
4711,1,0,3,36,0,0.0,0.0,0.0,474.0,12.0,False,7,813,1
4712,1,0,1,33,0,1042.0,50.0,0.0,9.0,0.0,False,6,1024,1
4713,1,0,3,41,0,4.0,737.0,0.0,51.0,0.0,False,5,321,0
4714,2,0,3,47,0,1904.0,18.0,0.0,89.0,4411.0,False,1,61,0
4715,2,1,1,32,0,0.0,0.0,0.0,0.0,0.0,True,5,322,0
4716,1,0,1,36,0,0.0,52.0,8.0,0.0,4160.0,False,7,824,0
4717,1,1,1,13,0,0.0,0.0,0.0,0.0,0.0,True,7,825,0
4718,1,1,2,34,0,0.0,0.0,0.0,0.0,0.0,False,7,814,1
4719,1,0,1,24,0,5.0,1.0,7.0,0.0,895.0,False,7,814,1
4720,3,0,1,16,0,1285.0,451.96167494677076,14.0,1386.0,0.0,False,6,958,0
4721,3,1,1,12,0,0.0,0.0,0.0,0.0,0.0,True,6,958,0
4722,3,0,1,24,0,1157.0,0.0,0.0,131.0,0.0,True,6,958,0
4723,3,0,1,35,0,1307.0,0.0,0.0,2.0,0.0,False,6,958,0
4724,2,0,1,26,0,0.0,21.0,10424.0,1373.0,7218.0,False,3,195,0
4725,2,0,3,39,0,10.0,199.0,0.0,6216.0,101.0,False,3,195,0
4726,1,0,1,18,0,8.0,1.0,4.0,419.0,304.0,True,6,1026,1
4727,1,0,1,23,0,0.0,381.0,142.0,0.0,261.0,False,7,826,0
4728,1,1,2,29,0,0.0,0.0,0.0,0.0,0.0,True,7,826,0
4729,1,0,1,38,0,0.0,0.0,0.0,0.0,0.0,True,6,82,0
4730,1,0,1,31,0,433.0,111.0,238.0,86.0,0.0,False,6,1028,1
4731,3,0,1,49,0,1176.0,0.0,20.0,103.0,0.0,False,5,324,0
4732,3,1,1,17,0,0.0,0.0,0.0,0.0,0.0,True,6,961,0
4733,3,0,3,23,0,228.0,1451.0,912.0,3.0,0.0,True,6,961,0
4734,1,1,3,15,0,0.0,0.0,0.0,0.0,0.0,True,7,816,1
4735,3,1,1,11,0,222.89785157787045,0.0,0.0,0.0,0.0,True,6,963,0
4736,3,0,2,30,1,600.0,31.0,1.0,659.0,191.0,False,6,963,0
4737,3,1,1,42,0,0.0,0.0,0.0,0.0,0.0,True,6,963,0
4738,1,0,3,21,0,639.0,0.0,0.0,0.0,0.0,False,6,1030,1
4739,2,1,3,41,0,0.0,0.0,0.0,0.0,0.0,True,3,157,1
4740,2,1,1,14,0,0.0,0.0,0.0,0.0,0.0,True,3,157,1
4741,2,0,3,27,0,0.0,867.0,0.0,20.0,1371.0,False,3,157,1
4742,2,0,3,29,1,530.0,418.0,0.0,308.4769036733407,9129.0,False,3,157,1
4743,2,1,1,25,0,0.0,0.0,174.90603284902085,0.0,0.0,True,3,196,0
4744,2,0,1,54,0,0.0,8246.0,0.0,56.0,118.0,True,3,196,0
4745,1,0,1,46,0,971.0,0.0,20.0,0.0,5.0,False,5,325,0
4746,1,0,1,18,0,222.89785157787045,794.0,16.0,0.0,0.0,True,7,830,0
4747,2,0,3,22,0,1961.0,82.0,0.0,3025.0,2406.0,False,1,62,0
4748,2,1,3,29,0,0.0,451.96167494677076,0.0,0.0,0.0,True,5,326,0
4749,2,0,3,26,0,606.0,1080.0,0.0,2011.0,0.0,False,5,326,0
4750,1,0,3,36,0,0.0,1808.0,0.0,344.0,0.0,True,6,964,0
4751,1,0,1,19,0,0.0,0.0,0.0,0.0,0.0,True,5,314,1
4752,1,0,2,56,0,1309.0,0.0,69.0,1.0,0.0,False,6,965,0
4753,1,0,1,20,0,542.0,175.0,0.0,5.0,0.0,True,6,966,0
4754,1,0,1,10,0,0.0,0.0,0.0,0.0,0.0,False,7,817,1
4755,1,1,2,14,0,0.0,0.0,0.0,0.0,0.0,False,7,817,1
4756,3,1,3,27,0,0.0,0.0,0.0,0.0,0.0,True,6,1033,1
4757,3,0,1,35,0,4608.0,0.0,926.0,382.0,0.0,False,6,967,0
4758,1,0,1,13,0,0.0,0.0,60.0,1.0,5147.0,False,7,818,1
4759,1,0,1,21,0,1.0,0.0,143.0,558.0,1.0,False,6,969,0
4760,1,1,1,22,0,0.0,0.0,0.0,0.0,0.0,False,7,820,1
4761,2,1,1,29,0,0.0,0.0,0.0,0.0,0.0,False,5,315,1
4762,2,0,1,32,0,8151.0,2052.0,1919.0,7352.0,754.0,False,5,315,1
4763,1,0,1,20,0,0.0,15.0,455.0,95.0,0.0,True,6,970,0
4764,3,0,1,44,0,2575.0,3.0,20.0,0.0,306.7894819713431,False,6,1036,1
4765,1,0,3,22,0,0.0,0.0,0.0,1600.0,168.0,True,6,972,0
4766,2,0,1,39,0,3926.0,2030.0,0.0,1483.0,611.0,False,2,170,1
4767,2,0,1,19,0,0.0,3750.0,0.0,0.0,41.0,True,2,170,1
4768,1,0,1,0,0,0.0,0.0,0.0,0.0,0.0,False,7,821,1
4769,1,1,1,0,0,0.0,0.0,0.0,0.0,0.0,False,7,821,1
4770,1,0,2,12,0,0.0,0.0,0.0,0.0,0.0,True,7,821,1
4771,1,1,1,7,0,0.0,0.0,0.0,0.0,0.0,False,7,821,1
4772,1,0,2,32,0,793.0,0.0,0.0,0.0,0.0,False,5,316,1
4773,1,0,1,11,0,0.0,0.0,0.0,0.0,0.0,True,7,821,1
4774,1,0,3,18,0,1471.0,59.0,95.0,1109.0,330.0,False,6,973,0
4775,2,0,3,49,1,9.0,179.0,0.0,3.0,7865.0,False,3,158,1
4776,3,1,1,61,0,0.0,0.0,0.0,0.0,0.0,True,6,1038,1
4777,1,1,3,7,0,0.0,0.0,0.0,0.0,0.0,True,7,823,1
4778,1,0,1,25,0,0.0,181.0,671.0,0.0,0.0,True,7,823,1
4779,1,0,3,51,0,6.0,0.0,706.0,0.0,0.0,True,6,1039,1
4780,2,1,1,56,0,0.0,0.0,0.0,0.0,0.0,True,5,317,1
4781,1,0,1,31,0,25.0,712.0,0.0,16.0,0.0,True,7,833,0
4782,1,1,2,16,0,0.0,0.0,0.0,0.0,0.0,True,6,82,0
4783,1,1,1,29,0,0.0,0.0,0.0,0.0,0.0,True,7,834,0
4784,1,1,2,17,0,222.89785157787045,0.0,0.0,0.0,0.0,True,7,825,1
4785,1,0,2,47,0,83.0,1.0,0.0,654.0,3.0,True,7,835,0
4786,2,0,1,25,0,0.0,3.0,0.0,763.0,3541.0,False,2,171,1
4787,2,0,1,28,0,29.0,394.0,0.0,712.0,4360.0,False,2,171,1
4788,2,0,1,32,0,0.0,419.0,0.0,1984.0,521.0,False,2,171,1
4789,2,1,3,56,0,0.0,0.0,0.0,0.0,0.0,True,3,198,0
4790,2,1,3,25,0,0.0,0.0,0.0,0.0,0.0,True,3,198,0
4791,2,1,1,13,0,0.0,0.0,0.0,0.0,0.0,True,3,198,0
4792,2,1,1,41,0,0.0,0.0,0.0,0.0,0.0,True,3,199,0
4793,2,1,3,28,0,0.0,0.0,0.0,0.0,0.0,True,3,199,0
4794,3,1,1,25,0,0.0,0.0,0.0,0.0,0.0,True,6,980,0
4795,3,1,1,11,0,0.0,0.0,0.0,0.0,0.0,True,6,980,0
4796,3,0,1,20,0,0.0,0.0,0.0,0.0,0.0,False,5,320,1
4797,1,0,1,24,0,0.0,464.0,321.0,0.0,90.0,True,6,981,0
4798,1,0,1,41,0,256.0,109.0,0.0,340.0,0.0,False,6,1044,1
4799,1,0,3,29,0,0.0,0.0,22.0,738.0,0.0,False,6,982,0
4800,2,1,3,59,0,0.0,0.0,0.0,0.0,0.0,True,3,200,0
4801,1,0,1,31,0,0.0,679.0,0.0,0.0,213.0,True,7,837,0
4802,1,0,1,16,0,43.0,0.0,0.0,1893.0,119.0,False,6,983,0
4803,3,0,1,65,0,56.0,0.0,1081.0,21.0,0.0,False,6,1045,1
4804,3,0,1,21,0,0.0,1.0,2832.0,0.0,0.0,True,6,1045,1
4805,1,1,1,27,0,0.0,0.0,0.0,0.0,0.0,True,7,827,1
4806,1,1,1,37,0,0.0,451.96167494677076,0.0,0.0,0.0,True,7,838,0
4807,1,0,1,42,0,5049.0,477.0,0.0,0.0,0.0,False,7,828,1
4808,1,0,3,36,0,0.0,0.0,846.0,0.0,0.0,True,7,829,1
4809,1,1,2,24,0,0.0,0.0,0.0,0.0,0.0,False,7,829,1
4810,1,1,2,28,0,0.0,0.0,0.0,0.0,0.0,True,7,829,1
4811,1,0,3,19,0,107.0,0.0,505.0,48.0,0.0,False,6,1046,1
4812,1,0,1,26,0,0.0,910.0,13.0,10.0,15.0,False,6,1046,1
4813,1,1,3,19,0,0.0,0.0,0.0,0.0,0.0,True,7,829,1
4814,1,0,1,26,0,1528.0,1.0,0.0,0.0,0.0,False,6,1046,1
4815,1,0,1,35,0,0.0,116.0,51.0,0.0,701.0,False,6,1046,1
4816,1,0,3,24,0,0.0,0.0,0.0,704.0,0.0,False,6,984,0
4817,1,0,1,9,0,0.0,0.0,0.0,0.0,0.0,True,7,839,0
4818,2,0,3,40,0,0.0,3815.0,0.0,322.0,0.0,True,1,47,1
4819,1,1,2,23,0,0.0,0.0,0.0,0.0,0.0,True,7,840,0
4820,3,0,1,4,0,0.0,0.0,0.0,0.0,0.0,True,6,1050,1
4821,3,0,1,20,0,859.0,3.0,0.0,939.0,0.0,False,6,1050,1
4822,3,1,1,21,0,0.0,0.0,0.0,0.0,0.0,True,6,1050,1
4823,3,0,1,4,0,0.0,0.0,0.0,0.0,0.0,True,6,1050,1
4824,1,1,1,19,0,0.0,0.0,0.0,0.0,0.0,True,7,830,1
4825,1,1,1,18,0,0.0,0.0,0.0,0.0,0.0,True,7,841,0
4826,1,0,3,26,0,7.0,751.0,0.0,38.0,0.0,True,6,986,0
4827,1,0,1,13,0,0.0,63.0,54.0,20.0,916.0,False,6,1051,1
4828,1,1,1,16,0,0.0,0.0,0.0,0.0,0.0,True,7,831,1
4829,3,1,1,14,0,0.0,0.0,0.0,0.0,0.0,True,6,1052,1
4830,2,0,1,40,0,0.0,553.0,10.0,2787.0,52.0,False,2,199,0
4831,3,0,1,34,1,38.0,0.0,606.0,0.0,404.0,False,5,321,1
4832,2,1,3,21,0,0.0,0.0,0.0,0.0,0.0,True,2,200,0
4833,2,0,1,29,0,0.0,4198.0,227.0,1.0,1415.0,True,2,200,0
4834,1,0,1,40,0,814.0,12.0,2.0,308.4769036733407,79.0,True,7,844,0
4835,1,0,1,16,0,0.0,1.0,0.0,308.4769036733407,61.0,False,6,1054,1
4836,1,0,1,37,0,732.0,451.96167494677076,174.90603284902085,156.0,0.0,False,7,832,1
4837,3,1,3,41,0,0.0,0.0,0.0,0.0,0.0,True,4,156,0
4838,3,1,3,16,0,0.0,0.0,0.0,0.0,0.0,True,6,988,0
4839,3,0,3,39,0,98.0,0.0,125.0,0.0,1082.0,False,6,988,0
4840,1,1,1,30,0,0.0,0.0,0.0,0.0,0.0,True,5,322,1
4841,1,0,1,40,0,151.0,0.0,713.0,0.0,0.0,True,5,322,1
4842,1,0,1,63,0,0.0,281.0,94.0,0.0,270.0,True,6,989,0
4843,3,0,1,32,0,382.0,0.0,477.0,22.0,2.0,True,4,163,1
4844,1,0,1,47,0,1.0,17.0,0.0,1069.0,0.0,False,6,990,0
4845,1,0,3,23,0,0.0,306.0,392.0,9.0,13.0,False,6,1056,1
4846,1,0,1,23,0,0.0,7.0,0.0,190.0,501.0,False,6,991,0
4847,3,1,1,19,0,0.0,0.0,0.0,0.0,0.0,True,6,1057,1
4848,2,1,3,44,0,0.0,0.0,0.0,0.0,0.0,True,3,159,1
4849,2,0,1,29,0,6.0,5.0,0.0,6235.0,434.0,False,3,159,1
4850,1,0,1,21,0,582.0,0.0,0.0,148.0,53.0,False,7,834,1
4851,1,0,1,23,0,576.0,207.0,0.0,0.0,9.0,False,5,323,1
4852,2,0,1,26,1,0.0,0.0,0.0,0.0,0.0,True,2,201,0
4853,2,1,3,47,0,0.0,0.0,0.0,0.0,0.0,True,3,160,1
4854,1,1,2,20,0,0.0,0.0,0.0,308.4769036733407,0.0,True,7,835,1
4855,2,0,1,48,0,0.0,0.0,0.0,0.0,0.0,True,2,175,1
4856,1,1,1,4,0,0.0,0.0,0.0,0.0,0.0,True,7,836,1
4857,1,0,1,25,0,322.0,0.0,81.0,3.0,298.0,True,7,836,1
4858,1,0,1,0,0,0.0,0.0,0.0,0.0,0.0,True,7,837,1
4859,3,0,1,29,0,523.0,0.0,21.0,4.0,811.0,False,5,330,0
4860,1,0,1,21,0,41.0,651.0,2.0,29.0,0.0,False,6,1058,1
4861,1,0,1,20,0,949.0,0.0,0.0,5.0,0.0,False,5,324,1
4862,1,0,1,34,0,0.0,160.0,0.0,611.0,44.0,False,7,838,1
4863,1,1,1,9,0,0.0,0.0,0.0,0.0,0.0,True,7,838,1
4864,1,1,1,12,0,0.0,0.0,0.0,0.0,0.0,False,7,838,1
4865,1,0,1,13,0,0.0,0.0,0.0,0.0,1513.0,False,6,994,0
4866,3,1,1,27,0,0.0,0.0,0.0,0.0,0.0,True,6,995,0
4867,2,0,1,34,0,0.0,914.0,0.0,2433.0,647.0,True,3,202,0
4868,2,1,1,18,0,0.0,0.0,0.0,0.0,0.0,True,2,176,1
4869,2,1,3,16,0,0.0,0.0,0.0,0.0,0.0,True,2,176,1
4870,1,1,1,43,0,0.0,0.0,0.0,0.0,0.0,True,7,839,1
4871,1,1,1,0,0,0.0,0.0,0.0,0.0,0.0,False,7,839,1
4872,1,0,1,20,0,0.0,4.0,761.0,22.0,1.0,True,5,325,1
4873,3,0,1,45,0,878.0,0.0,430.0,0.0,0.0,False,6,1059,1
4874,2,0,1,35,0,0.0,725.0,3415.0,308.4769036733407,1.0,False,4,158,0
4875,1,0,1,21,0,1961.0,96.0,0.0,54.0,40.0,False,6,1060,1
4876,1,1,1,14,0,0.0,0.0,0.0,0.0,0.0,True,7,840,1
4877,1,0,2,46,0,0.0,153.0,174.90603284902085,0.0,397.0,False,6,1061,1
4878,1,0,1,22,0,261.0,0.0,0.0,107.0,1132.0,False,6,997,0
4879,1,0,1,2,0,0.0,0.0,0.0,0.0,0.0,True,7,845,0
4880,1,0,1,3,0,0.0,0.0,0.0,0.0,0.0,True,7,845,0
4881,1,1,3,28,0,0.0,0.0,0.0,0.0,0.0,True,7,841,1
4882,1,0,2,60,0,0.0,0.0,789.0,283.0,3.0,False,6,1062,1
4883,1,0,2,48,0,0.0,2.0,72.0,554.0,143.0,False,7,841,1
4884,1,0,3,18,0,51.0,339.0,1.0,0.0,436.0,True,5,331,0
4885,1,0,1,31,0,1364.0,0.0,0.0,0.0,21.0,False,6,998,0
4886,2,1,3,26,0,0.0,0.0,0.0,0.0,0.0,True,3,163,1
4887,2,0,3,41,0,717.0,641.0,2.0,1559.0,4828.0,False,3,163,1
4888,1,0,1,26,0,168.0,451.96167494677076,382.0,166.0,0.0,True,6,999,0
4889,1,0,1,29,0,0.0,43.0,693.0,0.0,0.0,True,6,1063,1
4890,1,0,1,24,0,666.0,938.0,1.0,0.0,306.7894819713431,False,5,332,0
4891,1,0,1,25,0,10.0,0.0,908.0,5.0,0.0,True,6,1064,1
4892,1,0,3,0,0,0.0,0.0,0.0,0.0,0.0,False,7,842,1
4893,1,1,1,30,0,0.0,0.0,0.0,0.0,0.0,False,7,843,1
4894,2,1,3,18,0,0.0,0.0,0.0,0.0,0.0,True,2,177,1
4895,2,1,3,32,0,0.0,0.0,0.0,0.0,0.0,True,2,177,1
4896,1,0,1,28,0,0.0,0.0,0.0,525.0,1889.0,False,6,1000,0
4897,3,0,1,21,0,2206.0,0.0,353.0,0.0,19.0,False,4,165,1
4898,1,0,1,25,0,0.0,528.0,8.0,153.0,0.0,False,6,1065,1
4899,3,0,3,47,0,275.0,0.0,174.90603284902085,24.0,0.0,True,6,1002,0
4900,3,1,2,28,0,0.0,0.0,0.0,0.0,0.0,True,6,1002,0
4901,3,1,1,8,0,0.0,0.0,0.0,0.0,0.0,True,6,1002,0
4902,1,0,1,24,0,0.0,0.0,56.0,564.0,880.0,False,6,1003,0
4903,3,1,1,30,0,0.0,0.0,0.0,0.0,0.0,True,5,334,0
4904,1,1,2,24,0,0.0,0.0,0.0,0.0,0.0,True,7,848,0
4905,1,1,1,13,0,0.0,0.0,0.0,0.0,0.0,True,7,849,0
4906,1,0,1,16,0,0.0,0.0,19.0,971.0,0.0,False,5,335,0
4907,3,0,1,23,0,263.0,0.0,1548.0,44.0,0.0,True,6,1004,0
4908,3,0,1,16,0,271.0,0.0,2251.0,117.0,0.0,True,6,1067,1
4909,1,0,1,29,0,30.0,0.0,605.0,267.0,6.0,False,7,844,1
4910,1,0,1,46,0,1.0,0.0,898.0,0.0,96.0,True,5,326,1
4911,1,1,2,13,0,0.0,0.0,0.0,0.0,0.0,False,7,845,1
4912,1,1,1,22,0,0.0,0.0,0.0,0.0,0.0,True,7,852,0
4913,1,1,1,29,0,0.0,0.0,0.0,0.0,0.0,True,7,853,0
4914,1,1,1,46,0,0.0,0.0,0.0,0.0,0.0,True,7,854,0
4915,1,0,1,24,0,1231.0,0.0,0.0,1.0,3.0,True,6,1005,0
4916,1,1,1,33,0,0.0,0.0,0.0,0.0,0.0,True,7,855,0
4917,3,0,1,38,0,218.0,0.0,586.0,770.0,0.0,False,6,1006,0
4918,1,1,1,57,0,0.0,0.0,0.0,0.0,0.0,True,7,847,1
4919,1,0,1,28,0,0.0,13.0,643.0,47.0,0.0,True,6,1070,1
4920,1,0,1,38,0,6.0,2324.0,0.0,0.0,0.0,True,7,848,1
4921,1,0,1,28,0,607.0,0.0,0.0,227.0,0.0,True,7,856,0
4922,3,0,1,25,0,922.0,0.0,1.0,91.0,0.0,False,5,327,1
4923,3,1,1,22,0,0.0,0.0,0.0,0.0,0.0,True,6,1007,0
4924,3,0,1,33,0,705.0,0.0,1905.0,13.0,0.0,True,6,1071,1
4925,1,0,1,35,0,202.0,1309.0,60.0,0.0,0.0,True,6,1008,0
4926,1,0,1,24,0,290.0,64.0,413.0,35.0,0.0,True,6,1009,0
4927,2,1,1,31,0,0.0,0.0,0.0,0.0,0.0,True,2,202,0
4928,2,1,1,16,0,0.0,0.0,0.0,0.0,0.0,True,2,202,0
4929,2,1,1,28,0,0.0,0.0,0.0,0.0,0.0,True,6,82,0
4930,2,0,3,8,0,0.0,0.0,0.0,0.0,0.0,True,2,202,0
4931,3,1,1,20,0,0.0,0.0,0.0,0.0,0.0,True,6,1010,0
4932,3,0,1,26,0,41.0,0.0,444.0,572.0,0.0,False,4,159,0
4933,2,0,3,43,0,0.0,1001.0,0.0,2393.0,0.0,False,2,178,1
4934,2,0,1,70,0,241.0,1065.0,0.0,2290.0,2.0,True,3,204,0
4935,1,1,3,17,0,0.0,0.0,0.0,0.0,0.0,True,7,849,1
4936,1,1,1,14,0,0.0,0.0,0.0,0.0,0.0,True,7,850,1
4937,1,1,1,21,0,0.0,0.0,0.0,0.0,0.0,True,7,858,0
4938,1,0,3,37,0,0.0,0.0,163.0,0.0,486.0,True,6,1012,0
4939,1,0,1,15,0,0.0,400.0,0.0,0.0,702.0,False,6,1073,1
4940,2,0,3,20,0,0.0,290.0,0.0,1866.0,217.0,False,1,64,0
4941,2,0,3,36,1,13.0,196.0,3.0,0.0,12323.0,False,3,205,0
4942,1,0,1,14,0,0.0,56.0,174.90603284902085,0.0,2.0,True,6,1013,0
4943,1,0,1,21,0,38.0,1.0,591.0,1.0,31.0,True,5,336,0
4944,1,0,1,28,0,89.0,3.0,571.0,258.0,0.0,False,6,1075,1
4945,3,1,1,20,0,0.0,0.0,0.0,0.0,0.0,True,6,1076,1
4946,1,0,1,26,0,0.0,0.0,827.0,1.0,0.0,False,6,1077,1
4947,1,0,1,25,0,662.0,34.0,0.0,79.0,148.0,False,6,1078,1
4948,1,0,1,29,0,0.0,10.0,0.0,594.0,120.0,False,6,1014,0
4949,2,0,3,39,1,0.0,2868.0,0.0,5.0,1968.0,True,2,179,1
4950,1,0,1,18,0,0.0,0.0,0.0,87.0,1232.0,True,6,1079,1
4951,2,1,3,37,0,0.0,0.0,0.0,0.0,0.0,True,2,203,0
4952,1,0,1,28,0,467.0,451.96167494677076,0.0,0.0,307.0,False,7,852,1
4953,1,0,1,18,0,0.0,0.0,2728.0,0.0,306.7894819713431,True,6,1015,0
4954,1,0,1,30,0,0.0,6.0,621.0,308.4769036733407,433.0,False,6,1080,1
4955,1,0,1,35,0,35.0,0.0,14.0,0.0,816.0,True,5,337,0
4956,1,0,1,26,0,0.0,196.0,0.0,0.0,487.0,True,6,1016,0
4957,1,1,3,0,0,0.0,0.0,0.0,0.0,0.0,True,7,860,0
4958,1,0,2,42,0,0.0,451.96167494677076,0.0,214.0,50.0,True,7,861,0
4959,1,0,1,36,0,1.0,716.0,3.0,0.0,57.0,True,6,1081,1
4960,1,0,1,31,0,1177.0,2.0,0.0,308.4769036733407,1.0,False,6,1083,1
4961,1,0,3,27,0,3905.0,7.0,0.0,4.0,53.0,False,7,854,1
4962,2,0,1,25,0,0.0,4313.0,0.0,175.0,60.0,True,3,206,0
4963,1,1,1,32,0,0.0,0.0,0.0,0.0,0.0,True,7,856,1
4964,1,1,1,14,0,0.0,0.0,0.0,0.0,0.0,True,7,862,0
4965,1,1,1,16,0,0.0,0.0,0.0,0.0,0.0,True,7,863,0
4966,1,1,3,51,0,0.0,0.0,0.0,0.0,0.0,True,7,864,0
4967,2,1,1,21,0,0.0,0.0,0.0,0.0,0.0,True,2,181,1
4968,2,1,3,31,0,0.0,0.0,0.0,0.0,0.0,True,2,181,1
4969,1,0,1,9,0,0.0,0.0,0.0,0.0,0.0,False,6,82,0
4970,1,0,1,7,0,0.0,0.0,0.0,0.0,0.0,True,7,857,1
4971,1,0,1,3,0,0.0,0.0,0.0,0.0,0.0,True,7,857,1
4972,1,1,1,2,0,0.0,0.0,0.0,0.0,0.0,True,7,857,1
4973,1,0,3,7,0,0.0,0.0,0.0,0.0,0.0,False,7,857,1
4974,3,0,1,18,0,1744.0,0.0,8.0,8.0,0.0,False,6,1019,0
4975,3,1,1,33,0,0.0,0.0,0.0,0.0,0.0,True,6,1019,0
4976,1,0,1,23,0,0.0,2891.0,0.0,6.0,0.0,True,6,1084,1
4977,2,1,1,13,0,222.89785157787045,0.0,0.0,0.0,0.0,True,2,204,0
4978,3,0,1,32,0,4702.0,0.0,449.0,190.0,0.0,False,6,1021,0
4979,2,1,1,27,0,0.0,0.0,0.0,0.0,0.0,True,2,182,1
4980,1,0,1,23,0,0.0,491.0,0.0,61.0,0.0,True,6,1085,1
4981,2,0,1,25,0,0.0,3625.0,0.0,0.0,168.0,True,3,208,0
4982,1,0,1,18,0,454.0,0.0,0.0,324.0,0.0,False,6,1086,1
4983,3,1,3,23,0,0.0,0.0,0.0,0.0,0.0,True,6,1087,1
4984,2,1,3,31,0,0.0,0.0,0.0,0.0,0.0,True,5,330,1
4985,2,0,1,32,0,0.0,1301.0,0.0,94.0,356.0,False,5,330,1
4986,3,1,1,22,0,0.0,0.0,0.0,308.4769036733407,306.7894819713431,True,6,1090,1
4987,3,1,1,38,0,0.0,0.0,0.0,308.4769036733407,0.0,True,6,1091,1
4988,1,0,2,21,0,751.0,5.0,0.0,1.0,0.0,True,6,1023,0
4989,3,1,1,28,0,0.0,0.0,0.0,0.0,0.0,True,6,1092,1
4990,2,0,1,38,0,0.0,0.0,0.0,0.0,0.0,False,2,183,1
4991,1,0,1,20,0,0.0,0.0,708.0,101.0,0.0,True,6,1094,1
4992,1,0,1,23,0,0.0,1.0,292.0,0.0,340.0,False,6,1095,1
4993,1,0,1,48,0,456.0,0.0,39.0,0.0,5.0,True,7,862,1
4994,1,1,3,15,0,0.0,0.0,0.0,0.0,0.0,True,7,867,0
4995,1,0,1,30,0,0.0,674.0,39.0,0.0,10.0,True,7,867,0
4996,3,0,1,40,0,286.0,0.0,2299.0,12.0,306.7894819713431,True,6,1024,0
4997,1,0,1,36,0,0.0,0.0,33.0,677.0,0.0,False,7,868,0
4998,1,1,1,20,0,0.0,0.0,0.0,0.0,0.0,True,7,869,0
4999,3,0,1,17,0,13.0,0.0,565.0,367.0,1.0,False,5,332,1
5000,2,0,3,38,0,0.0,439.0,0.0,434.0,10074.0,False,3,168,1
5001,2,1,3,38,0,0.0,0.0,0.0,0.0,0.0,True,3,168,1
5002,3,0,1,14,0,809.0,0.0,59.0,0.0,0.0,False,4,167,1
5003,3,0,1,28,0,134.0,0.0,6.0,1450.0,0.0,False,5,333,1
5004,1,0,1,21,0,37.0,0.0,31.0,696.0,63.0,True,5,334,1
5005,2,0,1,18,0,0.0,3770.0,0.0,287.0,3491.0,False,3,169,1
5006,3,0,1,26,0,164.0,0.0,853.0,0.0,39.0,True,4,168,1
5007,2,0,1,35,0,25.0,866.0,0.0,3198.0,459.0,False,3,170,1
5008,3,0,3,46,0,1082.0,80.0,1177.0,0.0,323.0,False,6,1026,0
5009,2,1,3,13,0,0.0,0.0,0.0,0.0,0.0,True,2,205,0
5010,2,0,1,39,0,43.0,9365.0,144.0,0.0,118.0,True,2,205,0
5011,3,0,2,49,0,1690.0,0.0,85.0,0.0,0.0,False,4,161,0
5012,3,0,1,28,0,0.0,0.0,0.0,0.0,0.0,False,5,339,0
5013,1,0,1,27,0,0.0,686.0,0.0,101.0,9.0,True,6,1098,1
5014,1,1,1,21,0,0.0,0.0,174.90603284902085,0.0,0.0,True,7,865,1
5015,1,0,1,29,0,0.0,32.0,0.0,4517.0,0.0,False,5,340,0
5016,1,0,1,27,0,0.0,45.0,225.0,14.0,519.0,False,6,1099,1
5017,3,1,1,38,0,0.0,0.0,0.0,0.0,0.0,True,6,1100,1
5018,1,0,2,18,0,0.0,451.96167494677076,0.0,150.0,0.0,True,6,1101,1
5019,2,1,3,35,0,0.0,0.0,0.0,0.0,0.0,True,5,336,1
5020,3,1,1,37,0,0.0,0.0,0.0,0.0,0.0,True,6,1102,1
5021,1,0,1,60,0,943.0,53.0,0.0,0.0,0.0,False,5,337,1
5022,2,1,1,31,0,0.0,0.0,0.0,0.0,0.0,True,5,338,1
5023,2,1,1,4,0,0.0,0.0,0.0,0.0,0.0,True,3,209,0
5024,1,0,1,34,0,0.0,3195.0,0.0,102.0,1469.0,True,3,209,0
5025,2,0,3,46,0,0.0,8221.0,0.0,1010.0,160.0,True,3,209,0
5026,1,0,1,18,0,0.0,0.0,55.0,2288.0,1.0,False,7,870,0
5027,3,0,1,38,0,222.89785157787045,0.0,363.0,7.0,3.0,False,5,342,0
5028,1,0,1,29,0,0.0,61.0,942.0,2.0,0.0,True,6,1029,0
5029,2,1,1,13,0,0.0,0.0,0.0,0.0,0.0,True,3,210,0
5030,2,1,1,26,0,0.0,0.0,0.0,0.0,0.0,True,3,210,0
5031,2,0,1,30,0,0.0,95.0,0.0,1202.0,5558.0,False,3,173,1
5032,1,0,1,42,0,0.0,0.0,8.0,3409.0,0.0,False,6,1030,0
5033,3,0,1,36,0,386.0,0.0,756.0,6.0,0.0,False,6,1104,1
5034,1,0,3,23,0,253.0,0.0,1175.0,3.0,306.7894819713431,False,6,1105,1
5035,2,0,1,34,1,0.0,5210.0,0.0,1332.0,2.0,True,1,65,0
5036,2,0,1,26,0,0.0,4894.0,0.0,62.0,85.0,True,1,65,0
5037,3,0,1,31,0,2048.0,0.0,1040.0,136.0,0.0,False,4,170,1
5038,3,0,1,48,0,581.0,6.0,1.0,158.0,0.0,False,4,171,1
5039,1,1,1,10,0,0.0,0.0,0.0,308.4769036733407,0.0,True,7,871,0
5040,3,0,1,27,0,2.0,0.0,1320.0,0.0,26.0,True,6,1106,1
5041,3,0,1,32,0,2497.0,0.0,101.0,0.0,0.0,False,6,1106,1
5042,1,1,1,24,0,0.0,0.0,0.0,0.0,0.0,True,7,872,0
5043,1,1,2,20,0,0.0,0.0,0.0,0.0,0.0,True,7,872,0
5044,1,0,1,48,0,83.0,110.0,0.0,690.0,8.0,True,6,1032,0
5045,3,0,1,35,1,628.0,6.0,528.0,136.0,0.0,False,5,343,0
5046,3,0,1,14,0,246.0,0.0,2153.0,0.0,0.0,True,4,172,1
5047,3,0,1,28,0,4.0,0.0,2574.0,0.0,0.0,True,4,173,1
5048,3,0,1,28,0,743.0,378.0,8.0,0.0,0.0,False,6,1109,1
5049,3,1,1,42,0,0.0,0.0,0.0,0.0,0.0,True,4,162,0
5050,3,1,1,8,0,0.0,0.0,0.0,0.0,0.0,True,4,162,0
5051,3,1,3,30,0,0.0,0.0,0.0,0.0,0.0,True,4,162,0
5052,1,0,1,44,0,0.0,0.0,5.0,30.0,777.0,False,7,869,1
5053,3,0,1,40,0,1269.0,0.0,75.0,0.0,4.0,False,6,1034,0
5054,1,0,1,38,0,766.0,38.0,0.0,0.0,0.0,False,6,1111,1
5055,1,0,2,22,0,2.0,46.0,0.0,483.0,67.0,False,6,1035,0
5056,3,0,1,32,0,1781.0,0.0,654.0,580.0,0.0,False,4,174,1
5057,3,0,1,16,0,2116.0,0.0,350.0,0.0,901.0,False,4,174,1
5058,3,0,1,33,0,748.0,130.0,1047.0,458.0,0.0,False,4,163,0
5059,2,0,1,38,0,20.0,3960.0,153.0,280.0,1674.0,False,2,206,0
5060,1,0,1,23,0,0.0,806.0,0.0,2.0,0.0,True,7,870,1
5061,1,0,1,16,0,3.0,595.0,0.0,9.0,321.0,True,7,871,1
5062,1,0,2,16,0,481.0,0.0,166.0,0.0,122.0,False,7,872,1
5063,1,0,1,11,0,0.0,0.0,0.0,0.0,0.0,False,7,872,1
5064,1,0,1,22,0,0.0,824.0,0.0,0.0,411.0,False,6,1112,1
5065,1,0,1,43,0,0.0,0.0,0.0,0.0,1544.0,False,6,1112,1
5066,1,1,2,20,0,0.0,0.0,0.0,0.0,0.0,True,7,872,1
5067,1,0,1,22,0,0.0,747.0,8.0,0.0,314.0,False,6,1113,1
5068,3,0,1,0,0,0.0,451.96167494677076,0.0,0.0,0.0,True,6,1114,1
5069,3,0,1,30,0,138.0,0.0,208.0,952.0,0.0,False,5,340,1
5070,3,1,1,18,0,0.0,0.0,0.0,0.0,0.0,True,6,1114,1
5071,3,0,3,0,0,0.0,0.0,174.90603284902085,0.0,0.0,True,6,1114,1
5072,3,0,1,41,0,164.0,0.0,1115.0,1.0,18.0,False,5,349,0
5073,1,0,1,39,0,0.0,829.0,0.0,1.0,0.0,True,6,1036,0
5074,1,0,1,37,0,389.0,0.0,1.0,3369.0,3.0,False,7,873,0
5075,2,1,3,26,0,0.0,0.0,0.0,308.4769036733407,0.0,True,4,164,0
5076,3,0,1,49,0,552.0,0.0,7.0,0.0,183.0,False,6,1116,1
5077,3,0,1,28,0,142.0,0.0,1878.0,62.0,0.0,True,5,341,1
5078,3,0,2,13,0,358.0,65.0,599.0,676.0,0.0,False,6,1117,1
5079,1,0,1,64,0,469.0,700.0,2.0,1.0,0.0,False,5,342,1
5080,1,0,2,24,0,1.0,0.0,11.0,0.0,734.0,False,6,1037,0
5081,1,1,1,18,0,0.0,0.0,0.0,0.0,0.0,True,6,1118,1
5082,3,0,1,18,0,3458.0,0.0,216.0,0.0,0.0,False,6,1118,1
5083,3,0,1,25,0,948.0,0.0,1.0,170.0,0.0,False,6,1118,1
5084,1,1,1,19,0,0.0,0.0,0.0,0.0,0.0,False,7,873,1
5085,1,0,3,33,0,2.0,0.0,0.0,308.4769036733407,720.0,True,5,350,0
5086,1,1,1,28,0,0.0,0.0,0.0,0.0,0.0,True,7,874,1
5087,3,0,1,50,0,846.0,0.0,280.0,280.0,0.0,False,6,1121,1
5088,1,0,1,30,0,0.0,0.0,0.0,2.0,827.0,False,6,82,0
5089,3,0,1,44,0,1267.0,18.0,0.0,3.0,0.0,True,6,1123,1
5090,1,1,2,52,0,0.0,0.0,0.0,0.0,0.0,False,7,875,1
5091,1,1,1,7,0,0.0,0.0,0.0,0.0,0.0,True,7,875,0
5092,1,0,3,30,0,0.0,59.0,18.0,639.0,0.0,False,6,1041,0
5093,1,0,1,27,0,1109.0,0.0,0.0,0.0,0.0,False,6,1041,0
5094,2,1,3,24,0,0.0,0.0,0.0,0.0,0.0,True,2,207,0
5095,1,0,3,13,0,4.0,99.0,1.0,0.0,595.0,False,6,1124,1
5096,1,0,1,61,0,0.0,53.0,813.0,3.0,0.0,False,6,1125,1
5097,1,1,1,32,0,0.0,0.0,174.90603284902085,0.0,0.0,True,7,876,1
5098,3,1,3,17,0,0.0,0.0,0.0,0.0,0.0,True,6,1126,1
5099,3,0,1,36,0,0.0,0.0,0.0,0.0,0.0,True,6,1126,1
5100,1,1,2,16,0,0.0,0.0,0.0,0.0,0.0,True,7,877,1
5101,1,0,2,21,0,0.0,697.0,0.0,0.0,0.0,True,6,1127,1
5102,2,0,1,24,0,0.0,0.0,0.0,0.0,0.0,True,3,212,0
5103,1,0,3,28,0,0.0,9.0,0.0,1114.0,5.0,False,6,1044,0
5104,3,0,1,28,0,848.0,1497.0,2.0,0.0,0.0,False,5,343,1
5105,3,0,3,13,0,9920.0,0.0,180.0,130.0,571.0,False,5,344,1
5106,1,0,1,39,0,0.0,1.0,0.0,739.0,0.0,False,6,1129,1
5107,1,0,1,24,0,0.0,0.0,980.0,7.0,0.0,False,5,351,0
5108,2,0,1,38,0,0.0,347.0,0.0,1545.0,2187.0,False,3,213,0
5109,3,0,1,20,0,489.0,126.0,663.0,214.0,0.0,False,6,1131,1
5110,1,0,1,21,0,724.0,0.0,0.0,0.0,0.0,True,6,1045,0
5111,3,0,1,27,0,1.0,1.0,2196.0,372.0,0.0,False,6,1132,1
5112,1,0,1,49,0,226.0,11.0,2.0,1580.0,0.0,False,6,1132,1
5113,3,1,1,6,0,0.0,0.0,0.0,0.0,0.0,True,6,1132,1
5114,2,1,3,41,0,0.0,0.0,0.0,0.0,0.0,True,2,185,1
5115,2,0,3,33,1,0.0,1473.0,1089.0,5700.0,1466.0,False,2,185,1
5116,2,0,1,6,0,0.0,0.0,0.0,0.0,0.0,True,2,185,1
5117,2,0,3,35,0,0.0,4618.0,0.0,324.0,12061.0,False,2,185,1
5118,2,0,1,46,0,0.0,4524.0,174.90603284902085,243.0,7730.0,False,2,185,1
5119,1,0,1,31,0,2703.0,21.0,0.0,0.0,1.0,False,6,1046,0
5120,2,1,1,32,0,0.0,0.0,0.0,0.0,0.0,True,2,208,0
5121,2,1,3,31,0,222.89785157787045,0.0,0.0,0.0,0.0,True,1,50,1
5122,1,1,1,20,0,222.89785157787045,0.0,0.0,0.0,0.0,False,7,878,1
5123,1,0,1,57,0,685.0,451.96167494677076,0.0,0.0,306.7894819713431,False,7,877,0
5124,1,0,2,37,0,0.0,0.0,559.0,11.0,0.0,True,6,1047,0
5125,1,1,1,21,0,0.0,0.0,174.90603284902085,0.0,0.0,True,6,82,0
5126,1,0,1,43,0,0.0,0.0,1.0,308.4769036733407,0.0,False,6,1134,1
5127,1,0,1,49,0,1020.0,0.0,2.0,2.0,0.0,True,7,879,0
5128,1,0,1,17,0,0.0,150.0,166.0,570.0,0.0,True,7,880,0
5129,3,0,1,29,0,518.0,0.0,10.0,1245.0,0.0,False,6,1048,0
5130,1,1,3,36,0,0.0,0.0,0.0,0.0,0.0,True,7,881,0
5131,2,0,1,37,0,31.0,9307.0,0.0,904.0,11213.0,False,6,82,0
5132,1,0,2,17,0,2.0,0.0,0.0,0.0,681.0,False,6,1135,1
5133,3,1,3,45,0,0.0,0.0,0.0,0.0,0.0,True,6,1050,0
5134,1,0,1,20,0,0.0,9.0,82.0,14.0,704.0,False,7,880,1
5135,3,1,1,24,0,0.0,0.0,0.0,0.0,0.0,True,6,1136,1
5136,2,1,1,28,0,0.0,0.0,0.0,0.0,0.0,True,2,186,1
5137,2,0,1,15,0,0.0,22.0,6805.0,0.0,531.0,True,2,186,1
5138,2,0,1,53,0,0.0,6634.0,0.0,5047.0,108.0,False,2,186,1
5139,2,1,1,51,0,0.0,0.0,0.0,0.0,0.0,True,2,186,1
5140,1,1,1,14,0,0.0,0.0,0.0,0.0,306.7894819713431,True,7,881,1
5141,1,1,1,1,0,0.0,0.0,0.0,0.0,0.0,False,7,881,1
5142,3,0,1,26,0,665.0,76.0,174.90603284902085,1478.0,0.0,False,6,1137,1
5143,1,0,1,20,0,0.0,0.0,499.0,285.0,103.0,False,7,882,0
5144,1,0,1,23,0,0.0,551.0,59.0,720.0,14.0,False,6,1052,0
5145,1,0,1,22,0,658.0,0.0,0.0,161.0,3.0,True,6,1053,0
5146,1,1,3,22,0,0.0,0.0,0.0,0.0,0.0,True,7,882,1
5147,2,1,1,13,0,0.0,0.0,0.0,0.0,0.0,True,2,210,0
5148,2,0,1,28,0,0.0,0.0,0.0,0.0,0.0,True,2,210,0
5149,1,1,1,40,0,0.0,0.0,0.0,0.0,0.0,True,7,884,0
5150,3,0,3,21,0,4027.0,0.0,47.0,83.0,0.0,False,4,175,1
5151,1,0,1,35,0,702.0,104.0,5.0,76.0,0.0,True,7,885,0
5152,1,0,1,22,0,142.0,1307.0,0.0,0.0,0.0,False,6,1140,1
5153,2,1,1,37,0,0.0,0.0,0.0,0.0,0.0,True,4,166,0
5154,3,0,1,21,0,0.0,0.0,0.0,0.0,0.0,False,5,356,0
5155,1,0,1,50,0,0.0,358.0,0.0,620.0,4.0,False,6,82,0
5156,1,0,1,27,0,0.0,0.0,800.0,0.0,0.0,True,6,1055,0
5157,1,1,1,20,0,0.0,0.0,0.0,0.0,0.0,True,7,887,0
5158,1,1,1,15,0,0.0,0.0,0.0,0.0,0.0,True,7,884,1
5159,1,0,2,25,0,39.0,451.96167494677076,169.0,20.0,1403.0,False,5,346,1
5160,2,0,3,31,0,0.0,225.0,0.0,301.0,4090.0,False,1,67,0
5161,2,0,3,28,0,0.0,8162.0,1044.0,699.0,46.0,True,2,211,0
5162,1,1,1,18,0,0.0,0.0,0.0,0.0,0.0,True,7,889,0
5163,1,1,2,2,0,222.89785157787045,0.0,0.0,0.0,0.0,True,7,889,0
5164,1,0,1,27,0,0.0,6.0,0.0,814.0,107.0,True,7,889,0
5165,1,0,1,0,0,0.0,0.0,0.0,0.0,306.7894819713431,True,7,889,0
5166,1,0,1,22,0,758.0,0.0,46.0,0.0,0.0,False,6,1141,1
5167,3,0,1,28,0,0.0,0.0,0.0,0.0,0.0,False,5,357,0
5168,1,0,1,56,0,0.0,4.0,778.0,0.0,0.0,True,7,890,0
5169,1,0,1,28,0,0.0,0.0,0.0,676.0,124.0,False,6,1058,0
5170,1,0,3,42,0,31.0,0.0,0.0,635.0,0.0,True,5,358,0
5171,1,0,1,20,0,0.0,0.0,0.0,703.0,0.0,True,6,1059,0
5172,1,0,1,27,0,508.0,585.0,9.0,308.4769036733407,0.0,True,6,1059,0
5173,1,0,2,29,0,0.0,0.0,20.0,0.0,402.0,False,7,885,1
5174,1,0,3,36,0,85.0,0.0,545.0,15.0,0.0,True,6,1060,0
5175,1,0,1,23,0,0.0,0.0,4.0,145.0,306.7894819713431,False,6,1061,0
5176,1,1,1,64,0,0.0,0.0,0.0,0.0,0.0,True,7,891,0
5177,1,0,1,19,0,1.0,1.0,174.90603284902085,0.0,1755.0,False,7,886,1
5178,1,1,3,1,0,0.0,0.0,0.0,0.0,0.0,False,7,886,1
5179,1,1,1,49,0,222.89785157787045,0.0,0.0,0.0,0.0,False,7,886,1
5180,1,1,3,0,0,0.0,0.0,0.0,0.0,0.0,True,7,886,1
5181,1,0,1,18,0,0.0,288.0,35.0,0.0,435.0,False,6,1143,1
5182,2,0,3,39,0,5645.0,132.0,0.0,1.0,1814.0,False,3,174,1
5183,3,0,1,37,0,10.0,20.0,868.0,115.0,0.0,False,5,347,1
5184,3,1,1,44,0,0.0,0.0,0.0,0.0,0.0,True,6,1144,1
5185,3,0,2,43,0,817.0,0.0,617.0,0.0,0.0,False,6,1145,1
5186,3,1,1,33,0,0.0,0.0,0.0,0.0,0.0,True,6,1145,1
5187,1,0,1,20,0,41.0,222.0,0.0,43.0,601.0,True,7,893,0
5188,1,0,1,0,0,0.0,0.0,0.0,0.0,0.0,True,7,893,0
5189,1,0,3,4,0,0.0,0.0,0.0,0.0,0.0,True,7,893,0
5190,3,1,1,20,0,0.0,0.0,0.0,0.0,0.0,True,6,1062,0
5191,3,0,1,50,0,690.0,0.0,30.0,762.0,428.0,False,6,1063,0
5192,3,1,1,47,0,0.0,0.0,0.0,0.0,0.0,True,6,1146,1
5193,3,1,1,17,0,0.0,0.0,0.0,0.0,0.0,True,6,1146,1
5194,2,0,1,26,0,0.0,1583.0,0.0,232.0,8040.0,False,2,187,1
5195,1,0,1,21,0,39.0,360.0,0.0,308.4769036733407,0.0,True,5,360,0
5196,3,1,1,20,0,0.0,0.0,0.0,0.0,306.7894819713431,True,6,1147,1
5197,2,1,1,26,0,0.0,0.0,0.0,0.0,0.0,True,3,175,1
5198,3,0,1,28,1,1565.0,0.0,0.0,0.0,145.0,False,6,1149,1
5199,1,0,2,34,0,0.0,0.0,693.0,3.0,77.0,True,7,894,0
5200,1,1,1,11,0,0.0,0.0,0.0,0.0,0.0,True,7,894,0
5201,1,1,1,0,0,0.0,0.0,0.0,0.0,0.0,True,7,894,0
5202,2,0,3,28,0,550.0,5203.0,0.0,2244.0,1624.0,False,4,176,1
5203,1,0,1,33,0,127.0,745.0,9.0,0.0,0.0,True,7,895,0
5204,1,1,1,22,0,0.0,0.0,0.0,0.0,0.0,True,7,888,1
5205,3,0,1,28,0,0.0,0.0,0.0,0.0,0.0,False,6,1150,1
5206,3,1,1,11,0,0.0,0.0,0.0,0.0,0.0,True,6,1150,1
5207,3,0,1,60,0,51.0,10.0,754.0,1412.0,137.0,False,6,1150,1
5208,1,0,1,43,0,1.0,0.0,213.0,7.0,701.0,True,7,896,0
5209,1,0,1,27,0,0.0,1.0,667.0,897.0,43.0,False,5,361,0
5210,1,1,1,37,0,0.0,0.0,0.0,0.0,0.0,True,7,890,1
5211,1,1,3,23,0,0.0,0.0,0.0,0.0,0.0,True,7,897,0
5212,3,0,1,57,0,1696.0,0.0,1006.0,0.0,27.0,False,4,168,0
5213,2,1,1,29,0,0.0,0.0,0.0,0.0,0.0,True,1,51,1
5214,2,0,1,28,0,0.0,175.0,0.0,214.0,7461.0,False,1,51,1
5215,2,0,1,42,0,0.0,890.0,2929.0,352.0,4898.0,False,1,51,1
5216,2,0,1,43,0,7.0,494.0,2473.0,443.0,71.0,False,1,51,1
5217,2,1,1,26,0,0.0,0.0,0.0,0.0,0.0,True,3,176,1
5218,2,0,3,72,0,2445.0,3023.0,0.0,704.0,20.0,False,5,349,1
5219,2,0,1,49,0,0.0,3991.0,298.0,289.0,2740.0,False,2,188,1
5220,2,1,3,29,1,0.0,0.0,0.0,0.0,0.0,True,2,188,1
5221,1,1,1,18,0,0.0,0.0,0.0,0.0,0.0,False,7,891,1
5222,1,0,3,26,0,0.0,406.0,0.0,0.0,503.0,True,7,900,0
5223,3,1,3,19,0,0.0,0.0,0.0,0.0,0.0,True,6,1153,1
5224,1,0,3,18,0,749.0,0.0,74.0,0.0,0.0,False,6,1154,1
5225,1,0,3,14,0,714.0,237.0,0.0,587.0,1.0,False,6,1155,1
5226,3,0,1,44,0,583.0,0.0,222.0,0.0,1560.0,False,6,1156,1
5227,3,1,1,34,0,0.0,0.0,0.0,0.0,0.0,True,6,1156,1
5228,1,1,3,18,0,0.0,0.0,0.0,0.0,0.0,True,7,892,1
5229,1,1,2,36,0,0.0,0.0,0.0,0.0,0.0,True,7,902,0
5230,2,1,3,27,0,0.0,0.0,0.0,0.0,306.7894819713431,True,2,212,0
5231,1,0,1,35,0,753.0,335.0,1.0,348.0,0.0,False,7,893,1
5232,2,0,1,52,0,5.0,3514.0,31.0,601.0,13.0,True,4,170,0
5233,1,0,2,22,0,688.0,5.0,80.0,0.0,0.0,False,7,894,1
5234,1,0,1,34,0,245.0,0.0,542.0,0.0,19.0,True,6,1158,1
5235,1,0,2,37,0,0.0,0.0,6.0,746.0,1.0,False,7,895,1
5236,1,0,3,22,0,654.0,2.0,83.0,0.0,0.0,False,6,1159,1
5237,1,0,1,26,0,0.0,786.0,0.0,11.0,83.0,True,6,1160,1
5238,1,0,3,14,0,590.0,9.0,0.0,0.0,192.0,False,5,363,0
5239,3,1,3,53,0,0.0,0.0,0.0,0.0,0.0,True,6,1161,1
5240,1,0,1,17,0,0.0,823.0,0.0,1168.0,14.0,False,6,1163,1
5241,1,0,1,30,0,0.0,1.0,0.0,870.0,0.0,False,6,1067,0
5242,2,0,1,65,0,0.0,722.0,302.0,103.0,2659.0,False,4,179,1
5243,1,0,1,19,0,0.0,0.0,500.0,2.0,208.0,True,7,903,0
5244,2,0,3,36,0,380.0,686.0,0.0,295.0,1247.0,False,5,364,0
5245,1,1,1,3,0,0.0,0.0,0.0,0.0,0.0,True,7,904,0
5246,1,0,1,6,0,0.0,0.0,0.0,0.0,0.0,True,7,904,0
5247,1,0,3,4,0,0.0,0.0,0.0,0.0,0.0,True,6,82,0
5248,1,0,1,21,0,958.0,1668.0,82.0,0.0,78.0,True,6,1069,0
5249,1,1,3,8,0,0.0,0.0,0.0,0.0,0.0,True,7,904,0
5250,2,1,1,35,0,0.0,0.0,0.0,0.0,0.0,True,2,190,1
5251,2,0,3,18,0,0.0,3268.0,0.0,436.0,342.0,True,2,190,1
5252,1,0,1,34,0,170.0,1256.0,0.0,3926.0,7121.0,False,5,365,0
5253,2,1,3,45,0,0.0,0.0,0.0,0.0,0.0,True,2,213,0
5254,2,0,1,31,0,0.0,1219.0,7.0,104.0,1082.0,True,2,213,0
5255,1,0,1,14,0,30.0,757.0,115.0,0.0,0.0,True,6,1164,1
5256,1,0,1,23,0,765.0,5.0,0.0,0.0,0.0,False,7,897,1
5257,2,1,1,61,0,0.0,0.0,0.0,0.0,0.0,True,2,214,0
5258,2,0,3,54,1,0.0,7996.0,0.0,4549.0,10206.0,False,2,214,0
5259,2,1,1,28,0,0.0,0.0,0.0,0.0,0.0,True,4,171,0
5260,2,0,1,46,0,0.0,3477.0,0.0,1.0,5543.0,False,4,171,0
5261,1,0,1,32,0,125.0,874.0,0.0,180.0,1.0,True,6,1072,0
5262,1,1,3,49,0,0.0,0.0,0.0,0.0,0.0,True,7,906,0
5263,1,1,3,20,0,0.0,0.0,0.0,0.0,0.0,True,7,907,0
5264,1,0,2,25,0,458.0,240.0,0.0,239.0,0.0,True,6,1073,0
5265,1,0,1,19,0,0.0,785.0,0.0,0.0,19.0,True,6,1075,0
5266,1,1,3,28,0,0.0,0.0,0.0,0.0,0.0,True,7,908,0
5267,1,0,1,68,0,0.0,0.0,970.0,0.0,0.0,True,6,1076,0
5268,1,1,1,16,0,0.0,0.0,0.0,0.0,0.0,True,7,898,1
5269,3,1,1,19,0,0.0,0.0,0.0,0.0,0.0,False,5,352,1
5270,3,0,2,49,0,0.0,0.0,0.0,0.0,0.0,False,5,352,1
5271,3,0,1,15,0,890.0,9.0,0.0,1250.0,57.0,False,5,352,1
5272,3,1,1,26,0,0.0,0.0,0.0,0.0,0.0,True,5,352,1
5273,3,0,1,22,0,804.0,0.0,378.0,0.0,0.0,False,5,352,1
5274,1,1,2,23,0,0.0,0.0,0.0,0.0,0.0,True,7,911,0
5275,1,0,1,31,0,0.0,0.0,0.0,0.0,0.0,False,7,899,1
5276,1,1,1,27,0,0.0,0.0,0.0,0.0,0.0,False,7,900,1
5277,1,1,1,28,0,0.0,451.96167494677076,0.0,0.0,0.0,True,7,901,1
5278,1,0,1,20,0,47.0,0.0,0.0,0.0,2711.0,False,6,1166,1
5279,1,0,1,43,0,1.0,8.0,0.0,0.0,715.0,False,6,1168,1
5280,1,0,1,22,0,19.0,9.0,0.0,0.0,594.0,True,7,913,0
5281,2,1,1,27,0,0.0,0.0,0.0,0.0,0.0,True,5,368,0
5282,2,1,1,35,0,0.0,0.0,0.0,0.0,0.0,True,2,216,0
5283,2,1,3,37,0,0.0,0.0,0.0,0.0,0.0,True,6,82,0
5284,3,0,1,24,0,158.0,0.0,1594.0,1.0,0.0,True,6,1077,0
5285,3,0,3,18,0,2803.0,0.0,17.0,0.0,0.0,False,6,1077,0
5286,3,0,1,15,0,643.0,0.0,45.0,0.0,10.0,False,6,1077,0
5287,3,0,1,28,0,1909.0,0.0,0.0,0.0,6.0,False,6,1169,1
5288,1,0,1,24,0,0.0,117.0,2134.0,0.0,0.0,True,6,1078,0
5289,3,1,3,39,0,0.0,0.0,0.0,0.0,0.0,True,6,1079,0
5290,2,1,1,35,0,0.0,451.96167494677076,0.0,0.0,306.7894819713431,True,3,178,1
5291,2,0,3,52,0,0.0,1425.0,31.0,0.0,1320.0,True,3,178,1
5292,2,0,1,48,0,0.0,451.96167494677076,0.0,2851.0,1478.0,False,3,178,1
5293,2,0,3,27,0,332.0,918.0,0.0,5.0,4817.0,False,3,179,1
5294,2,0,3,50,0,0.0,103.0,0.0,240.0,8221.0,False,3,179,1
5295,1,0,1,24,0,56.0,22.0,285.0,1453.0,0.0,False,7,902,1
5296,1,0,2,26,0,807.0,0.0,0.0,0.0,40.0,True,7,915,0
5297,1,0,1,24,0,215.0,0.0,0.0,0.0,350.0,False,6,1171,1
5298,1,1,1,15,0,0.0,0.0,0.0,0.0,0.0,False,7,903,1
5299,1,0,2,42,0,1188.0,39.0,3.0,3.0,0.0,False,6,1172,1
5300,1,0,1,51,0,0.0,0.0,0.0,0.0,880.0,False,6,1175,1
5301,1,0,2,43,0,635.0,53.0,0.0,3.0,0.0,True,5,355,1
5302,1,1,3,31,0,0.0,0.0,0.0,0.0,0.0,False,7,905,1
5303,1,1,1,14,0,0.0,0.0,0.0,0.0,0.0,True,7,916,0
5304,1,0,1,31,0,13.0,0.0,0.0,679.0,0.0,False,6,1080,0
5305,2,0,1,33,0,0.0,1513.0,5.0,63.0,144.0,True,1,71,0
5306,1,0,3,21,0,0.0,496.0,0.0,3867.0,30.0,False,7,906,1
5307,1,0,1,13,0,56.0,1706.0,15.0,0.0,23.0,False,7,907,1
5308,1,0,1,29,0,286.0,545.0,174.90603284902085,0.0,0.0,True,6,1083,0
5309,2,0,1,22,0,0.0,11594.0,0.0,10247.0,1.0,False,2,217,0
5310,3,0,1,22,0,1035.0,0.0,264.0,0.0,0.0,False,5,357,1
5311,1,1,2,18,0,0.0,0.0,0.0,0.0,0.0,True,7,920,0
5312,1,1,3,35,0,0.0,0.0,0.0,0.0,0.0,True,7,920,0
5313,1,1,1,20,0,0.0,0.0,0.0,0.0,0.0,True,7,920,0
5314,1,0,1,18,0,0.0,0.0,1609.0,0.0,0.0,True,5,359,1
5315,1,1,1,66,0,0.0,0.0,0.0,0.0,0.0,True,7,921,0
5316,1,1,1,33,0,0.0,0.0,0.0,0.0,0.0,True,2,218,0
5317,2,1,3,48,0,0.0,0.0,0.0,0.0,0.0,True,2,218,0
5318,2,0,3,38,0,0.0,1198.0,48.0,278.0,1244.0,False,2,218,0
5319,2,1,1,62,0,0.0,0.0,0.0,0.0,0.0,True,2,218,0
5320,1,1,1,19,0,0.0,0.0,0.0,0.0,0.0,False,7,910,1
5321,3,0,3,44,0,2267.0,0.0,107.0,0.0,0.0,False,6,82,0
5322,3,0,3,25,0,1410.0,123.0,26.0,9.0,812.0,False,4,180,1
5323,1,0,1,15,0,348.0,1627.0,0.0,0.0,0.0,False,6,1179,1
5324,1,0,1,20,0,12.0,177.0,1110.0,0.0,0.0,True,6,1084,0
5325,1,0,1,34,0,233.0,0.0,0.0,1054.0,156.0,False,6,1180,1
5326,3,0,1,23,0,821.0,0.0,863.0,664.0,0.0,False,5,360,1
5327,1,0,1,45,0,0.0,0.0,2332.0,84.0,0.0,True,6,1087,0
5328,1,1,1,39,0,0.0,0.0,0.0,0.0,0.0,True,7,922,0
5329,1,1,2,33,0,0.0,0.0,0.0,0.0,0.0,True,7,911,1
5330,1,0,1,14,0,0.0,0.0,325.0,247.0,305.0,False,6,1088,0
5331,1,0,1,26,0,178.0,0.0,3.0,0.0,704.0,True,7,923,0
5332,1,1,1,47,0,0.0,0.0,0.0,0.0,0.0,True,7,924,0
5333,3,1,1,28,0,0.0,0.0,0.0,0.0,0.0,True,4,173,0
5334,1,1,3,28,0,0.0,0.0,0.0,0.0,0.0,True,7,912,1
5335,1,1,1,22,0,0.0,0.0,174.90603284902085,0.0,0.0,True,7,913,1
5336,1,1,1,17,0,0.0,0.0,0.0,0.0,0.0,True,7,925,0
5337,1,0,1,16,0,0.0,458.0,725.0,0.0,0.0,True,6,1090,0
5338,1,0,1,9,0,0.0,0.0,0.0,0.0,306.7894819713431,True,7,926,0
5339,1,0,1,15,0,0.0,0.0,973.0,29.0,0.0,True,6,1091,0
5340,2,0,1,33,0,0.0,4372.0,0.0,4103.0,0.0,True,3,215,0
5341,1,0,1,61,0,0.0,166.0,1080.0,0.0,16.0,True,6,1092,0
5342,1,0,1,19,0,222.89785157787045,0.0,0.0,692.0,164.0,False,6,1183,1
5343,2,1,1,61,0,0.0,0.0,0.0,0.0,0.0,True,5,371,0
5344,1,0,1,42,0,0.0,29.0,317.0,434.0,45.0,True,7,915,1
5345,1,0,1,4,0,0.0,0.0,0.0,0.0,0.0,False,7,916,1
5346,1,0,1,12,0,0.0,0.0,0.0,0.0,0.0,True,7,916,1
5347,1,0,1,0,0,0.0,0.0,0.0,0.0,0.0,True,7,916,1
5348,1,1,1,19,0,0.0,0.0,0.0,0.0,0.0,True,7,916,1
5349,1,1,1,28,0,0.0,0.0,0.0,0.0,0.0,True,7,916,1
5350,1,0,2,29,0,0.0,173.0,0.0,0.0,1155.0,True,6,1093,0
5351,1,0,1,59,0,0.0,664.0,0.0,144.0,141.0,True,7,917,1
5352,1,1,1,20,0,0.0,0.0,0.0,0.0,0.0,True,7,927,0
5353,1,0,1,70,0,390.0,0.0,0.0,0.0,518.0,True,7,918,1
5354,1,1,1,3,0,0.0,0.0,0.0,0.0,0.0,False,7,918,1
5355,2,1,1,37,0,0.0,0.0,0.0,0.0,0.0,True,2,219,0
5356,2,0,1,58,0,0.0,1975.0,598.0,7.0,3726.0,False,2,219,0
5357,1,0,1,44,0,69.0,0.0,17.0,176.0,2105.0,False,7,928,0
5358,3,1,1,24,0,0.0,0.0,0.0,0.0,0.0,False,5,372,0
5359,1,1,2,20,0,0.0,0.0,0.0,0.0,0.0,True,7,919,1
5360,1,0,1,24,0,156.0,0.0,364.0,489.0,383.0,True,6,1094,0
5361,2,1,3,27,0,0.0,0.0,174.90603284902085,0.0,0.0,True,2,192,1
5362,1,0,3,28,0,0.0,0.0,0.0,711.0,0.0,False,7,920,1
5363,1,0,1,24,0,0.0,217.0,0.0,77.0,510.0,False,6,1185,1
5364,3,1,1,29,0,0.0,0.0,0.0,0.0,0.0,True,6,1186,1
5365,1,0,1,25,0,2029.0,1.0,0.0,0.0,121.0,False,6,1187,1
5366,1,0,1,20,0,0.0,0.0,53.0,2.0,754.0,False,7,921,1
5367,1,0,3,34,0,0.0,1745.0,6.0,5.0,37.0,True,7,922,1
5368,1,0,1,28,0,0.0,0.0,0.0,1191.0,109.0,False,6,1188,1
5369,1,1,1,28,0,0.0,0.0,0.0,0.0,0.0,True,5,362,1
5370,1,0,1,23,0,1.0,451.96167494677076,1.0,0.0,618.0,False,6,1189,1
5371,2,0,1,39,0,0.0,11856.0,13.0,39.0,3.0,True,3,216,0
5372,2,0,1,35,0,0.0,7636.0,0.0,353.0,705.0,True,3,216,0
5373,1,1,1,18,0,0.0,0.0,0.0,0.0,0.0,True,7,929,0
5374,1,1,1,20,0,0.0,0.0,0.0,0.0,0.0,True,7,930,0
5375,2,0,1,42,0,0.0,16.0,0.0,144.0,7492.0,False,1,52,1
5376,2,0,3,32,0,70.0,764.0,724.0,547.0,1297.0,False,1,52,1
5377,1,0,3,50,0,57.0,29.0,0.0,0.0,643.0,False,6,1096,0
5378,1,0,1,23,0,0.0,37.0,859.0,9.0,1.0,True,7,931,0
5379,1,0,1,19,0,0.0,451.96167494677076,0.0,5381.0,139.0,False,7,932,0
5380,1,0,1,29,0,715.0,47.0,0.0,0.0,0.0,False,6,1192,1
5381,2,0,1,35,1,247.0,436.0,459.0,1.0,1984.0,False,1,53,1
5382,1,0,1,18,0,0.0,625.0,0.0,0.0,356.0,False,5,363,1
5383,1,0,2,24,0,160.0,20.0,39.0,552.0,1.0,False,7,924,1
5384,1,0,1,23,0,88.0,0.0,586.0,0.0,0.0,True,7,933,0
5385,1,0,1,51,0,542.0,0.0,360.0,0.0,0.0,False,6,1194,1
5386,1,0,1,42,0,439.0,0.0,0.0,0.0,254.0,False,6,1194,1
5387,1,0,2,19,0,5.0,0.0,0.0,716.0,0.0,False,6,1194,1
5388,1,0,1,23,0,0.0,0.0,0.0,0.0,0.0,False,6,1194,1
5389,1,1,1,19,0,0.0,0.0,0.0,308.4769036733407,0.0,True,6,1194,1
5390,1,0,2,22,0,158.0,0.0,476.0,0.0,26.0,False,6,1194,1
5391,1,0,1,25,0,12.0,6.0,2817.0,342.0,0.0,False,6,82,0
5392,1,0,2,31,0,11.0,0.0,0.0,1912.0,1120.0,False,6,1194,1
5393,1,0,1,23,0,0.0,0.0,0.0,558.0,1.0,False,6,1195,1
5394,1,1,1,22,0,0.0,0.0,0.0,0.0,0.0,True,7,934,0
5395,2,1,1,55,0,0.0,0.0,0.0,0.0,0.0,True,2,220,0
5396,1,0,1,40,0,0.0,0.0,56.0,1.0,642.0,False,6,1099,0
5397,1,0,1,24,0,222.89785157787045,0.0,0.0,838.0,193.0,False,6,1099,0
5398,1,0,1,25,0,0.0,0.0,1037.0,8.0,1.0,True,6,1100,0
5399,2,0,1,42,0,0.0,1871.0,0.0,570.0,199.0,False,3,181,1
5400,1,1,2,33,0,0.0,0.0,0.0,0.0,0.0,True,7,936,0
5401,2,1,1,54,0,0.0,0.0,0.0,0.0,0.0,True,2,193,1
5402,2,1,3,22,0,0.0,0.0,0.0,0.0,0.0,True,2,193,1
5403,2,1,1,22,0,0.0,0.0,0.0,0.0,0.0,True,2,194,1
5404,2,1,3,19,0,0.0,0.0,0.0,0.0,0.0,True,2,194,1
5405,1,0,1,47,0,0.0,868.0,0.0,4.0,306.7894819713431,True,7,937,0
5406,3,0,3,23,0,610.0,858.0,75.0,1358.0,0.0,False,6,1197,1
5407,2,1,3,61,0,0.0,0.0,0.0,0.0,0.0,True,3,217,0
5408,1,0,1,21,0,0.0,128.0,209.0,4.0,383.0,False,6,1102,0
5409,1,0,2,46,0,559.0,25.0,174.90603284902085,22.0,765.0,False,6,1199,1
5410,1,0,1,36,0,0.0,0.0,0.0,0.0,907.0,False,7,926,1
5411,1,0,1,15,0,0.0,706.0,0.0,308.4769036733407,0.0,True,7,938,0
5412,2,0,1,33,0,2233.0,6408.0,174.90603284902085,23.0,273.0,True,2,195,1
5413,2,1,1,35,0,0.0,0.0,0.0,0.0,0.0,True,2,195,1
5414,2,1,3,21,0,0.0,0.0,0.0,0.0,0.0,True,2,195,1
5415,1,0,3,21,0,0.0,0.0,0.0,1.0,594.0,False,6,1200,1
5416,1,0,3,43,0,0.0,1197.0,0.0,223.0,1.0,True,6,1201,1
5417,1,0,2,34,0,571.0,0.0,0.0,0.0,0.0,False,6,1104,0
5418,1,0,2,47,0,14.0,3.0,0.0,1720.0,0.0,False,7,928,1
5419,3,0,1,27,0,850.0,0.0,681.0,1.0,0.0,True,6,1105,0
5420,2,0,1,46,0,0.0,1068.0,945.0,2587.0,811.0,False,3,218,0
5421,1,0,1,46,0,183.0,7.0,637.0,182.0,5.0,True,7,941,0
5422,2,0,3,40,0,0.0,3338.0,0.0,6344.0,199.0,False,2,196,1
5423,2,1,3,59,0,0.0,0.0,0.0,0.0,0.0,True,5,375,0
5424,2,0,1,45,0,0.0,1202.0,149.0,1472.0,3379.0,False,4,182,1
5425,1,0,2,19,0,0.0,95.0,595.0,0.0,0.0,True,6,1106,0
5426,3,0,1,32,0,6769.0,0.0,174.90603284902085,113.0,1.0,False,6,1107,0
5427,1,1,3,39,0,0.0,0.0,0.0,0.0,0.0,True,6,1108,0
5428,1,0,1,40,0,661.0,0.0,830.0,0.0,6.0,False,6,1203,1
5429,3,0,1,44,0,815.0,219.0,22.0,0.0,0.0,True,4,175,0
5430,1,1,1,26,0,0.0,0.0,0.0,0.0,0.0,False,7,933,1
5431,1,0,1,22,0,514.0,0.0,2.0,129.0,583.0,False,6,1109,0
5432,1,0,1,2,0,0.0,0.0,0.0,0.0,0.0,False,7,934,1
5433,1,0,1,18,0,0.0,3.0,41.0,359.0,393.0,False,6,1204,1
5434,1,0,1,53,0,751.0,0.0,174.90603284902085,7.0,0.0,False,6,1204,1
5435,1,0,1,22,0,104.0,511.0,254.0,425.0,4.0,False,6,1205,1
5436,1,0,1,46,0,0.0,98.0,2077.0,0.0,0.0,True,6,1205,1
5437,1,1,1,28,0,0.0,0.0,0.0,0.0,0.0,True,7,935,1
5438,1,0,1,31,0,0.0,1489.0,68.0,6.0,0.0,True,5,366,1
5439,2,0,3,36,0,1.0,4058.0,95.0,0.0,2109.0,False,1,54,1
5440,2,0,3,46,0,35.0,3953.0,0.0,2108.0,0.0,True,1,54,1
5441,1,1,1,0,0,0.0,0.0,0.0,0.0,0.0,True,7,943,0
5442,1,0,1,3,0,0.0,0.0,0.0,0.0,0.0,True,7,943,0
5443,1,1,1,12,0,0.0,0.0,0.0,0.0,0.0,True,7,943,0
5444,1,1,1,2,0,0.0,0.0,0.0,0.0,0.0,True,7,943,0
5445,1,1,1,41,0,0.0,0.0,0.0,0.0,0.0,True,7,943,0
5446,1,1,3,11,0,0.0,0.0,0.0,0.0,0.0,True,7,943,0
5447,1,1,1,41,0,0.0,0.0,0.0,0.0,0.0,True,7,936,1
5448,3,0,1,17,0,513.0,0.0,669.0,0.0,0.0,False,4,176,0
5449,3,1,3,21,0,0.0,0.0,0.0,0.0,0.0,True,4,176,0
5450,3,1,3,21,0,0.0,0.0,0.0,0.0,0.0,True,4,176,0
5451,3,0,1,27,0,89.0,888.0,51.0,5.0,0.0,True,4,176,0
5452,3,1,1,54,0,0.0,0.0,0.0,0.0,0.0,True,4,176,0
5453,3,0,1,15,0,2309.0,0.0,1142.0,1.0,10.0,False,4,176,0
5454,3,1,1,39,0,0.0,0.0,0.0,0.0,0.0,True,4,176,0
5455,1,0,1,31,0,1.0,0.0,7.0,0.0,387.0,True,7,937,1
5456,3,1,1,28,0,0.0,0.0,0.0,0.0,0.0,True,6,1111,0
5457,1,0,1,21,0,3553.0,5.0,0.0,0.0,2.0,False,7,938,1
5458,2,1,1,29,0,0.0,0.0,0.0,0.0,0.0,True,2,221,0
5459,1,0,1,45,0,112.0,406.0,198.0,0.0,0.0,True,6,1112,0
5460,2,0,3,44,0,0.0,496.0,99.0,317.0,5615.0,False,3,183,1
5461,1,1,1,12,0,0.0,0.0,0.0,0.0,0.0,True,7,939,1
5462,1,1,3,18,0,0.0,0.0,0.0,0.0,0.0,True,7,944,0
5463,1,1,3,20,0,0.0,0.0,0.0,0.0,0.0,True,7,940,1
5464,2,0,1,43,0,0.0,8808.0,0.0,580.0,0.0,True,2,198,1
5465,1,1,3,46,0,0.0,0.0,0.0,0.0,0.0,True,5,367,1
5466,1,0,1,53,0,0.0,68.0,0.0,920.0,4.0,True,7,945,0
5467,1,0,1,21,0,621.0,0.0,0.0,0.0,0.0,False,7,941,1
5468,1,0,1,23,0,0.0,21.0,0.0,0.0,716.0,False,6,1113,0
5469,1,0,3,9,0,0.0,0.0,0.0,0.0,0.0,False,6,82,0
5470,1,0,1,19,0,546.0,11.0,0.0,325.0,218.0,False,6,1206,1
5471,1,1,2,52,0,0.0,0.0,0.0,0.0,0.0,True,7,946,0
5472,2,1,3,31,0,0.0,0.0,0.0,0.0,0.0,True,2,222,0
5473,1,0,1,62,0,761.0,15.0,0.0,0.0,306.7894819713431,False,6,1114,0
5474,2,1,1,27,0,0.0,0.0,0.0,0.0,0.0,True,3,219,0
5475,1,1,1,23,0,0.0,0.0,0.0,0.0,0.0,False,7,946,1
5476,2,1,3,28,0,0.0,0.0,0.0,0.0,0.0,True,3,220,0
5477,2,1,3,27,0,0.0,0.0,0.0,0.0,0.0,True,3,220,0
5478,1,1,1,58,0,0.0,0.0,0.0,0.0,0.0,True,7,947,0
5479,1,0,3,24,0,0.0,30.0,835.0,0.0,0.0,True,5,369,1
5480,3,0,1,27,1,149.0,0.0,890.0,9.0,0.0,False,5,376,0
5481,1,0,1,33,0,36.0,0.0,0.0,1415.0,0.0,False,6,1115,0
5482,1,0,1,28,0,229.0,761.0,0.0,0.0,6.0,True,5,377,0
5483,1,0,1,39,0,0.0,0.0,0.0,0.0,1104.0,False,6,1208,1
5484,1,0,1,27,0,0.0,0.0,0.0,727.0,260.0,False,5,370,1
5485,1,0,1,36,0,0.0,75.0,106.0,0.0,1903.0,True,6,1117,0
5486,1,0,1,64,0,0.0,623.0,1827.0,0.0,0.0,True,6,1209,1
5487,1,0,2,41,0,0.0,0.0,687.0,0.0,65.0,True,7,949,1
5488,2,1,3,28,0,0.0,0.0,0.0,0.0,0.0,True,2,199,1
5489,2,1,1,27,0,0.0,0.0,0.0,0.0,0.0,True,2,199,1
5490,2,0,1,28,0,0.0,2.0,64.0,139.0,3831.0,False,5,378,0
5491,1,0,3,22,0,483.0,0.0,0.0,304.0,21.0,True,7,948,0
5492,1,0,1,23,0,0.0,456.0,2624.0,912.0,8.0,True,5,371,1
5493,3,0,1,40,0,7.0,0.0,6.0,1206.0,88.0,False,6,1118,0
5494,3,1,1,2,0,0.0,0.0,0.0,0.0,0.0,True,6,1118,0
5495,3,0,1,0,0,0.0,0.0,0.0,0.0,0.0,True,6,1118,0
5496,1,0,1,27,0,0.0,1774.0,0.0,17.0,13.0,True,7,949,0
5497,1,0,3,0,0,0.0,0.0,0.0,0.0,0.0,True,7,950,1
5498,1,0,1,17,0,0.0,566.0,18.0,318.0,0.0,False,6,1210,1
5499,1,0,1,45,0,222.89785157787045,0.0,0.0,1501.0,24.0,False,6,1212,1
5500,1,0,1,62,0,104.0,53.0,194.0,436.0,0.0,False,5,379,0
5501,1,1,3,14,0,0.0,0.0,0.0,0.0,0.0,True,7,952,0
5502,1,0,3,24,0,0.0,1369.0,848.0,0.0,0.0,True,6,1120,0
5503,1,1,2,51,0,0.0,0.0,0.0,0.0,0.0,True,7,953,0
5504,1,0,1,49,0,20.0,0.0,0.0,769.0,0.0,False,5,381,0
5505,3,0,1,52,0,1364.0,131.0,444.0,0.0,0.0,True,4,184,1
5506,3,1,3,35,0,0.0,0.0,0.0,0.0,0.0,True,6,1213,1
5507,3,1,1,22,0,0.0,0.0,0.0,0.0,0.0,True,6,1213,1
5508,1,0,1,17,0,0.0,0.0,1552.0,0.0,306.7894819713431,False,6,1121,0
5509,2,1,3,47,0,0.0,0.0,0.0,0.0,0.0,True,2,224,0
5510,3,1,1,25,0,0.0,0.0,0.0,0.0,0.0,True,6,1122,0
5511,1,1,1,11,0,0.0,0.0,0.0,0.0,0.0,True,7,953,1
5512,1,0,1,17,0,18.0,10.0,73.0,0.0,1049.0,False,6,1214,1
5513,1,0,1,41,0,8.0,532.0,0.0,0.0,100.0,True,6,1123,0
5514,1,0,1,55,0,0.0,0.0,0.0,507.0,909.0,True,6,1123,0
5515,1,0,1,29,0,0.0,2395.0,7.0,20.0,6.0,True,6,1123,0
5516,1,0,1,19,0,0.0,0.0,0.0,888.0,0.0,False,7,954,0
5517,1,1,3,23,0,0.0,0.0,0.0,0.0,0.0,True,7,954,0
5518,1,0,1,32,0,4518.0,914.0,0.0,93.0,0.0,False,7,954,0
5519,1,0,1,27,0,0.0,0.0,0.0,0.0,1818.0,False,7,954,0
5520,1,0,1,25,0,0.0,0.0,892.0,0.0,0.0,True,7,954,0
5521,3,0,1,24,0,10.0,49.0,174.90603284902085,1497.0,10.0,False,6,1216,1
5522,3,1,1,30,0,0.0,0.0,0.0,0.0,0.0,False,5,373,1
5523,1,0,2,50,0,781.0,2.0,0.0,61.0,0.0,True,5,374,1
5524,1,0,1,51,0,201.0,574.0,40.0,0.0,11.0,False,6,1217,1
5525,3,0,3,27,0,1331.0,0.0,0.0,0.0,0.0,False,6,1218,1
5526,3,0,1,35,0,750.0,0.0,0.0,0.0,1065.0,False,6,1218,1
5527,1,0,1,48,0,0.0,0.0,790.0,2368.0,1292.0,False,7,954,1
5528,1,1,1,27,0,0.0,0.0,0.0,0.0,0.0,True,7,955,0
5529,1,1,2,19,0,0.0,0.0,0.0,0.0,0.0,True,7,955,1
5530,1,1,2,18,0,0.0,0.0,0.0,0.0,0.0,True,7,957,0
5531,2,0,3,25,0,0.0,0.0,0.0,0.0,0.0,True,3,221,0
5532,1,1,3,41,0,0.0,0.0,0.0,0.0,0.0,True,7,958,0
5533,3,1,1,62,0,0.0,451.96167494677076,0.0,0.0,0.0,True,6,1220,1
5534,3,1,1,30,0,0.0,0.0,0.0,0.0,0.0,True,6,1220,1
5535,3,1,1,6,0,0.0,0.0,0.0,0.0,0.0,True,6,1220,1
5536,1,0,3,15,0,0.0,40.0,0.0,0.0,839.0,False,6,1221,1
5537,3,0,2,34,0,162.0,0.0,690.0,28.0,0.0,False,4,177,0
5538,1,0,1,34,0,223.0,0.0,13.0,514.0,41.0,False,5,376,1
5539,1,0,1,23,0,16.0,687.0,1.0,1.0,0.0,True,7,959,0
5540,1,0,1,51,0,0.0,0.0,207.0,347.0,262.0,False,7,957,1
5541,1,1,2,63,0,0.0,0.0,0.0,0.0,0.0,True,7,960,0
5542,1,0,1,42,0,84.0,392.0,300.0,0.0,0.0,True,6,1126,0
5543,1,0,3,19,0,0.0,716.0,0.0,0.0,0.0,True,6,1127,0
5544,1,1,1,5,0,0.0,0.0,0.0,0.0,0.0,True,7,961,0
5545,1,1,3,2,0,0.0,0.0,0.0,0.0,0.0,True,7,961,0
5546,1,1,1,15,0,0.0,0.0,0.0,0.0,0.0,True,7,963,0
5547,2,0,1,36,0,0.0,6.0,0.0,1.0,1407.0,False,4,185,1
5548,1,0,1,32,0,0.0,0.0,39.0,0.0,749.0,False,5,382,0
5549,1,0,1,19,0,2.0,3.0,450.0,204.0,0.0,True,5,383,0
5550,2,0,3,26,0,0.0,2427.0,15.0,5.0,0.0,True,1,55,1
5551,1,0,1,33,0,48.0,94.0,756.0,308.0,0.0,False,6,1223,1
5552,1,1,1,38,0,0.0,0.0,0.0,0.0,0.0,True,7,959,1
5553,1,0,1,22,0,0.0,0.0,859.0,62.0,0.0,False,6,1224,1
5554,1,0,1,32,0,0.0,0.0,0.0,0.0,0.0,False,7,960,1
5555,3,1,3,30,0,0.0,0.0,0.0,0.0,0.0,True,6,1129,0
5556,1,0,1,51,0,152.0,55.0,25.0,74.0,289.0,False,6,1225,1
5557,2,0,1,29,0,0.0,1644.0,0.0,0.0,3780.0,False,2,226,0
5558,2,0,1,16,0,0.0,2002.0,0.0,96.0,69.0,True,2,226,0
5559,2,0,1,32,0,0.0,0.0,0.0,241.0,4757.0,False,2,226,0
5560,2,0,3,24,0,0.0,2421.0,0.0,725.0,2300.0,False,2,201,1
5561,2,0,1,23,0,0.0,109.0,0.0,4810.0,25.0,False,2,201,1
5562,2,1,3,46,0,0.0,0.0,0.0,0.0,0.0,True,2,201,1
5563,2,0,3,49,0,0.0,1264.0,0.0,5474.0,104.0,False,2,201,1
5564,2,1,1,17,0,0.0,0.0,0.0,0.0,0.0,True,2,201,1
5565,2,0,3,35,0,4.0,3857.0,324.0,899.0,375.0,False,2,201,1
5566,2,0,3,43,0,0.0,1706.0,0.0,274.0,2056.0,False,2,201,1
5567,1,0,1,20,0,149.0,25.0,559.0,21.0,33.0,True,5,377,1
5568,2,1,3,24,0,0.0,0.0,0.0,0.0,0.0,True,2,227,0
5569,2,0,1,28,0,0.0,1014.0,0.0,2463.0,517.0,False,2,227,0
5570,2,1,3,19,0,0.0,0.0,0.0,0.0,0.0,True,2,227,0
5571,2,0,3,39,0,0.0,0.0,0.0,1854.0,171.0,False,1,56,1
5572,3,0,1,34,0,1547.0,485.0,97.0,59.0,0.0,False,6,1131,0
5573,1,0,1,29,0,89.0,1725.0,174.90603284902085,0.0,3.0,True,7,962,1
5574,1,0,3,14,0,0.0,0.0,52.0,0.0,306.7894819713431,True,5,384,0
5575,1,1,1,28,0,0.0,0.0,0.0,0.0,0.0,True,7,967,0
5576,1,0,1,30,0,628.0,0.0,544.0,0.0,126.0,False,5,385,0
5577,1,0,1,28,0,72.0,914.0,0.0,0.0,7.0,True,5,386,0
5578,1,1,2,32,0,0.0,0.0,0.0,0.0,0.0,True,7,969,0
5579,1,1,1,7,0,0.0,0.0,0.0,0.0,0.0,True,7,970,0
5580,1,1,3,34,0,0.0,0.0,0.0,0.0,0.0,True,7,970,0
5581,1,0,2,47,0,163.0,2.0,11.0,593.0,0.0,True,7,970,0
5582,3,0,1,19,0,300.0,5.0,642.0,0.0,0.0,False,5,387,0
5583,2,1,1,52,0,0.0,0.0,0.0,0.0,0.0,True,5,388,0
5584,3,0,1,19,0,758.0,425.0,0.0,0.0,0.0,False,4,180,0
5585,3,1,1,18,0,0.0,0.0,0.0,0.0,0.0,True,6,1132,0
5586,1,0,1,32,0,222.89785157787045,5.0,0.0,64.0,0.0,False,5,378,1
5587,1,0,3,21,0,423.0,0.0,172.0,0.0,306.7894819713431,False,6,1133,0
5588,3,0,3,22,0,0.0,0.0,0.0,0.0,0.0,True,6,1134,0
5589,3,0,1,13,0,157.0,0.0,1199.0,0.0,14.0,False,5,390,0
5590,3,0,1,25,0,2093.0,0.0,6.0,0.0,0.0,False,5,391,0
5591,3,0,1,33,0,836.0,0.0,155.0,31.0,0.0,False,5,392,0
5592,3,0,1,27,0,1379.0,0.0,414.0,0.0,805.0,False,6,1135,0
5593,1,0,1,21,0,12.0,0.0,0.0,1658.0,0.0,False,5,379,1
5594,2,1,3,17,0,0.0,0.0,0.0,0.0,0.0,True,2,203,1
5595,2,1,3,15,0,0.0,0.0,0.0,0.0,0.0,True,2,203,1
5596,2,0,3,58,1,2.0,3862.0,0.0,1482.0,73.0,False,2,203,1
5597,2,0,1,29,0,1.0,2809.0,97.0,61.0,1227.0,False,4,181,0
5598,2,1,1,34,0,0.0,0.0,0.0,0.0,0.0,True,4,181,0
5599,2,0,1,28,0,0.0,4780.0,1761.0,1.0,247.0,True,3,222,0
5600,2,0,1,29,0,3215.0,1211.0,4.0,7.0,417.0,True,3,222,0
5601,2,1,3,25,0,0.0,0.0,0.0,0.0,0.0,True,3,222,0
5602,3,0,3,23,0,112.0,1184.0,143.0,2.0,585.0,False,6,1228,1
5603,1,0,1,22,0,0.0,40.0,689.0,0.0,79.0,True,7,964,1
5604,1,1,3,38,0,222.89785157787045,0.0,0.0,0.0,0.0,True,7,965,1
5605,1,0,1,38,0,0.0,784.0,0.0,0.0,0.0,True,7,965,1
5606,1,0,1,0,0,0.0,0.0,0.0,0.0,0.0,False,7,965,1
5607,1,0,1,28,0,17.0,0.0,0.0,49.0,867.0,False,6,1229,1
5608,1,1,1,0,0,0.0,0.0,0.0,0.0,0.0,True,7,972,0
5609,1,0,3,37,0,0.0,698.0,0.0,308.4769036733407,6.0,False,6,1137,0
5610,1,0,1,2,0,0.0,0.0,0.0,0.0,0.0,True,7,972,0
5611,2,1,3,40,0,0.0,0.0,0.0,0.0,0.0,True,2,229,0
5612,3,0,1,47,0,448.0,0.0,891.0,0.0,235.0,False,6,1230,1
5613,1,0,1,34,0,0.0,11.0,610.0,591.0,769.0,True,6,1138,0
5614,3,0,1,43,0,1086.0,4.0,202.0,401.0,0.0,False,6,1139,0
5615,3,1,3,21,0,0.0,0.0,0.0,0.0,0.0,True,4,186,1
5616,2,1,3,43,0,0.0,0.0,0.0,0.0,0.0,True,5,380,1
5617,3,0,1,33,0,3090.0,0.0,808.0,0.0,0.0,False,4,182,0
5618,2,0,1,28,0,0.0,0.0,0.0,0.0,0.0,True,2,230,0
5619,2,0,3,57,0,200.0,9.0,0.0,308.4769036733407,24133.0,False,2,230,0
5620,2,0,1,28,0,0.0,0.0,0.0,0.0,0.0,True,2,230,0
5621,2,0,1,46,0,0.0,3259.0,761.0,4423.0,0.0,False,2,230,0
5622,2,0,3,19,0,0.0,451.96167494677076,0.0,2.0,9.0,True,3,223,0
5623,3,0,1,27,0,441.0,0.0,397.0,471.0,0.0,False,6,1140,0
5624,1,0,1,2,0,0.0,0.0,0.0,0.0,0.0,True,6,1140,0
5625,3,0,1,0,0,0.0,0.0,0.0,0.0,0.0,True,6,1140,0
5626,3,0,1,25,1,1442.0,0.0,0.0,0.0,13.0,False,6,1233,1
5627,3,1,1,47,0,0.0,0.0,0.0,0.0,0.0,True,6,1233,1
5628,3,0,2,38,0,1208.0,0.0,13.0,38.0,0.0,True,4,187,1
5629,3,0,1,24,0,555.0,0.0,618.0,0.0,0.0,False,5,381,1
5630,1,0,1,24,0,276.0,0.0,0.0,0.0,489.0,True,6,1234,1
5631,2,0,1,25,0,0.0,0.0,0.0,0.0,0.0,True,4,188,1
5632,1,0,1,29,0,0.0,5.0,6.0,0.0,306.7894819713431,True,7,973,0
5633,3,0,3,44,0,2956.0,0.0,10.0,12.0,692.0,False,6,1235,1
5634,1,0,1,20,0,0.0,0.0,174.90603284902085,703.0,0.0,False,6,1141,0
5635,1,1,1,23,0,0.0,0.0,0.0,0.0,0.0,True,7,974,0
5636,2,0,3,26,0,0.0,9641.0,51.0,224.0,2428.0,True,3,224,0
5637,1,1,2,20,0,0.0,0.0,0.0,0.0,0.0,True,7,975,0
5638,3,1,1,27,0,0.0,0.0,0.0,0.0,0.0,True,5,394,0
5639,1,0,3,23,0,94.0,132.0,0.0,967.0,5.0,False,6,1236,1
5640,1,1,2,33,0,0.0,0.0,0.0,0.0,0.0,True,7,967,1
5641,1,0,1,30,0,477.0,0.0,8.0,0.0,323.0,True,7,977,0
5642,1,0,1,32,0,0.0,104.0,2.0,0.0,801.0,True,7,968,1
5643,3,0,1,19,0,781.0,0.0,295.0,613.0,0.0,False,6,82,0
5644,3,0,1,41,0,1.0,0.0,808.0,0.0,0.0,False,4,189,1
5645,1,1,1,50,0,0.0,0.0,0.0,0.0,0.0,False,7,969,1
5646,1,0,1,36,0,9.0,247.0,0.0,482.0,16.0,False,7,970,1
5647,3,1,1,21,0,0.0,0.0,0.0,0.0,0.0,True,6,1143,0
5648,2,0,3,45,1,1017.0,3863.0,0.0,601.0,3999.0,False,4,190,1
5649,2,1,3,26,0,0.0,0.0,0.0,0.0,0.0,True,4,190,1
5650,1,1,1,44,0,0.0,0.0,174.90603284902085,0.0,0.0,True,7,971,1
5651,1,0,2,24,0,0.0,73.0,617.0,0.0,0.0,True,6,1238,1
5652,1,1,3,15,0,0.0,0.0,0.0,0.0,0.0,True,7,979,0
5653,1,0,1,58,0,0.0,0.0,0.0,1989.0,18.0,False,6,1239,1
5654,1,0,1,13,0,28.0,396.0,367.0,0.0,0.0,False,5,395,0
5655,2,1,1,19,0,0.0,0.0,0.0,0.0,0.0,True,2,231,0
5656,2,0,3,25,0,140.0,4451.0,0.0,0.0,2050.0,True,2,231,0
5657,1,0,1,24,0,718.0,0.0,265.0,302.0,384.0,False,5,383,1
5658,1,0,1,20,0,3.0,0.0,0.0,806.0,0.0,False,7,973,1
5659,3,1,1,34,0,0.0,0.0,0.0,0.0,0.0,True,6,1144,0
5660,3,1,1,13,0,0.0,0.0,0.0,0.0,0.0,True,6,1144,0
5661,1,0,1,28,0,0.0,839.0,0.0,36.0,5.0,True,6,1145,0
5662,1,1,3,39,0,0.0,0.0,0.0,0.0,0.0,False,7,974,1
5663,1,1,1,0,0,0.0,0.0,0.0,0.0,0.0,False,7,974,1
5664,1,0,1,10,0,0.0,0.0,0.0,0.0,0.0,False,7,974,1
5665,1,1,1,9,0,0.0,0.0,0.0,0.0,0.0,False,7,974,1
5666,1,0,3,34,0,0.0,968.0,273.0,308.4769036733407,283.0,False,6,1242,1
5667,1,0,1,11,0,0.0,0.0,0.0,0.0,0.0,False,7,974,1
5668,1,1,1,0,0,0.0,0.0,0.0,0.0,306.7894819713431,False,7,974,1
5669,1,0,1,24,0,0.0,0.0,0.0,14.0,631.0,False,6,1243,1
5670,1,1,2,16,0,0.0,451.96167494677076,0.0,0.0,0.0,True,7,975,1
5671,1,0,1,42,0,0.0,420.0,0.0,1.0,175.0,False,6,1245,1
5672,3,0,1,41,0,982.0,64.0,380.0,0.0,0.0,True,6,1246,1
5673,2,0,1,36,0,0.0,1828.0,9058.0,1.0,2.0,True,2,232,0
5674,2,0,3,27,0,0.0,1801.0,0.0,304.0,1393.0,False,1,57,1
5675,2,0,1,32,1,0.0,792.0,0.0,1.0,1335.0,False,1,57,1
5676,2,0,3,11,0,0.0,0.0,0.0,0.0,0.0,True,1,57,1
5677,2,0,1,26,1,0.0,3638.0,0.0,1043.0,0.0,True,6,82,0
5678,2,0,1,28,0,0.0,6921.0,0.0,29.0,45.0,True,1,57,1
5679,1,0,1,25,0,0.0,30.0,20.0,0.0,941.0,False,5,396,0
5680,1,0,1,5,0,0.0,0.0,0.0,0.0,0.0,True,7,981,0
5681,1,1,1,28,0,0.0,0.0,0.0,0.0,0.0,True,7,981,0
5682,1,0,1,13,0,852.0,147.0,7.0,0.0,1.0,True,7,981,0
5683,1,0,1,30,0,0.0,0.0,47.0,703.0,4.0,True,7,981,0
5684,1,1,1,15,0,0.0,0.0,174.90603284902085,0.0,0.0,True,7,981,0
5685,1,1,1,0,0,0.0,0.0,0.0,0.0,0.0,True,7,981,0
5686,1,0,1,49,0,0.0,451.96167494677076,0.0,0.0,0.0,True,7,981,0
5687,1,0,1,52,0,0.0,645.0,0.0,0.0,395.0,True,6,1146,0
5688,1,1,1,15,0,0.0,0.0,0.0,0.0,0.0,True,7,982,0
5689,1,0,1,40,0,521.0,4.0,53.0,70.0,141.0,False,5,397,0
5690,1,1,3,0,0,0.0,0.0,0.0,0.0,0.0,True,7,982,0
5691,3,0,1,32,0,158.0,0.0,139.0,752.0,0.0,False,5,384,1
5692,3,1,3,15,0,0.0,0.0,0.0,0.0,0.0,True,6,1247,1
5693,3,0,2,26,0,2042.0,0.0,2387.0,10.0,0.0,True,5,385,1
5694,3,1,2,31,0,0.0,0.0,0.0,0.0,0.0,False,5,385,1
5695,3,0,1,8,0,0.0,0.0,0.0,0.0,0.0,True,5,385,1
5696,1,0,1,18,0,0.0,0.0,0.0,1.0,827.0,True,5,386,1
5697,1,0,1,3,0,0.0,0.0,0.0,0.0,0.0,False,7,976,1
5698,2,0,1,44,0,0.0,1289.0,1224.0,514.0,1674.0,True,3,225,0
5699,1,0,1,15,0,0.0,677.0,0.0,179.0,3186.0,True,3,225,0
5700,2,0,1,27,0,0.0,1857.0,0.0,778.0,587.0,True,3,225,0
5701,3,0,1,22,0,2413.0,0.0,53.0,1.0,0.0,False,6,1147,0
5702,1,0,1,2,0,0.0,0.0,0.0,0.0,0.0,True,7,983,0
5703,1,0,1,32,0,3.0,0.0,0.0,0.0,757.0,False,6,1148,0
5704,1,0,1,16,0,805.0,4.0,0.0,0.0,0.0,True,7,984,0
5705,3,0,1,34,0,419.0,0.0,15.0,0.0,0.0,False,6,1248,1
5706,3,0,1,32,0,1946.0,0.0,653.0,0.0,0.0,False,6,1249,1
5707,1,0,1,28,0,0.0,292.0,1039.0,1.0,489.0,False,7,978,1
5708,2,0,1,27,0,0.0,21.0,0.0,8126.0,4.0,False,2,233,0
5709,1,0,2,35,0,508.0,0.0,0.0,57.0,243.0,True,7,985,0
5710,3,1,1,25,0,0.0,0.0,0.0,0.0,0.0,False,6,82,0
5711,1,0,1,24,0,178.0,0.0,235.0,0.0,396.0,True,7,986,0
5712,1,1,1,61,0,0.0,0.0,0.0,0.0,0.0,False,7,980,1
5713,3,1,1,28,0,0.0,0.0,0.0,0.0,0.0,True,6,1151,0
5714,2,0,2,29,1,3.0,1849.0,0.0,3104.0,1652.0,False,3,185,1
5715,2,1,1,41,0,0.0,0.0,0.0,0.0,0.0,True,3,185,1
5716,2,0,1,20,0,1883.0,0.0,174.90603284902085,8810.0,0.0,False,3,185,1
5717,3,0,3,18,0,2904.0,5.0,50.0,0.0,9.0,False,6,1253,1
5718,1,0,1,28,0,8.0,0.0,3949.0,0.0,9.0,True,7,982,1
5719,1,0,1,18,0,33.0,0.0,455.0,167.0,48.0,True,6,1153,0
5720,3,0,1,33,0,301.0,0.0,501.0,0.0,1013.0,False,6,1254,1
5721,3,0,1,35,0,0.0,0.0,0.0,0.0,0.0,False,5,388,1
5722,2,0,3,68,0,125.0,13437.0,0.0,22408.0,17.0,False,3,186,1
5723,1,0,1,19,0,3.0,785.0,0.0,0.0,0.0,True,5,398,0
5724,2,0,1,33,0,0.0,357.0,2366.0,1612.0,2137.0,False,3,226,0
5725,2,0,3,55,0,8142.0,8.0,0.0,1481.0,0.0,False,3,226,0
5726,2,0,1,15,0,0.0,0.0,0.0,0.0,0.0,True,3,226,0
5727,1,0,1,23,0,0.0,0.0,0.0,44.0,1721.0,False,7,984,1
5728,1,0,1,23,0,0.0,723.0,1.0,0.0,0.0,True,6,1154,0
5729,3,0,3,15,0,3811.0,0.0,109.0,236.0,0.0,False,4,185,0
5730,3,0,1,49,0,2209.0,42.0,109.0,23.0,0.0,False,4,186,0
5731,1,0,1,33,0,41.0,417.0,0.0,42.0,308.0,True,7,987,0
5732,3,1,3,26,0,0.0,0.0,0.0,0.0,0.0,True,6,1156,0
5733,2,1,1,26,0,0.0,0.0,0.0,0.0,0.0,True,2,206,1
5734,1,0,1,18,0,14.0,2.0,144.0,610.0,0.0,True,7,988,0
5735,1,1,1,17,0,0.0,451.96167494677076,0.0,0.0,0.0,True,7,985,1
5736,1,0,1,39,0,657.0,225.0,0.0,308.4769036733407,0.0,True,7,989,0
5737,1,0,1,8,0,0.0,0.0,0.0,0.0,0.0,False,7,987,1
5738,1,0,1,46,0,0.0,0.0,868.0,0.0,3.0,True,6,1257,1
5739,2,0,3,32,0,0.0,4176.0,0.0,183.0,6.0,True,1,72,0
5740,1,0,1,19,0,605.0,0.0,24.0,1.0,86.0,False,6,1160,0
5741,3,1,1,36,0,0.0,0.0,0.0,0.0,0.0,True,6,1259,1
5742,1,1,1,28,0,0.0,0.0,0.0,0.0,0.0,True,7,988,1
5743,1,0,1,39,0,0.0,29.0,291.0,13.0,527.0,False,6,1260,1
5744,1,0,1,16,0,0.0,0.0,641.0,33.0,29.0,True,6,1161,0
5745,1,1,2,7,0,0.0,0.0,0.0,0.0,0.0,True,7,991,0
5746,1,0,1,1,0,0.0,0.0,0.0,0.0,0.0,True,7,991,0
5747,2,1,3,30,0,0.0,0.0,0.0,0.0,0.0,True,3,227,0
5748,2,1,3,44,0,0.0,0.0,0.0,0.0,0.0,True,3,227,0
5749,2,1,3,28,0,0.0,0.0,0.0,0.0,0.0,True,3,227,0
5750,3,0,1,29,0,3564.0,0.0,802.0,0.0,0.0,False,4,192,1
5751,3,0,1,41,0,239.0,1.0,1048.0,0.0,0.0,True,6,1162,0
5752,3,0,1,13,0,1119.0,11.0,1326.0,0.0,0.0,True,6,1162,0
5753,3,0,1,18,0,4397.0,610.0,1437.0,4.0,0.0,False,6,1162,0
5754,1,0,3,27,0,0.0,0.0,0.0,2725.0,73.0,False,6,1163,0
5755,1,1,1,26,0,0.0,0.0,0.0,0.0,0.0,True,7,992,0
5756,1,0,3,24,0,13.0,0.0,2.0,673.0,3.0,False,6,1261,1
5757,1,0,2,26,0,104.0,0.0,0.0,280.0,216.0,False,6,1165,0
5758,1,1,2,27,0,0.0,0.0,0.0,0.0,0.0,True,7,990,1
5759,2,0,1,58,0,0.0,1012.0,0.0,1120.0,20.0,False,5,401,0
5760,2,1,3,54,0,0.0,0.0,0.0,0.0,0.0,True,3,228,0
5761,1,0,3,18,0,0.0,0.0,0.0,63.0,525.0,True,6,1263,1
5762,1,0,1,13,0,206.0,28.0,0.0,1.0,629.0,False,6,1166,0
5763,2,0,1,13,0,0.0,9.0,0.0,308.4769036733407,5648.0,False,3,187,1
5764,2,1,1,28,0,0.0,451.96167494677076,0.0,0.0,0.0,True,3,187,1
5765,1,0,3,57,0,0.0,0.0,0.0,0.0,642.0,True,5,389,1
5766,2,1,1,32,0,0.0,451.96167494677076,0.0,0.0,0.0,True,1,58,1
5767,2,0,1,32,0,0.0,0.0,0.0,4588.0,0.0,False,1,58,1
5768,2,1,3,21,0,0.0,0.0,0.0,0.0,0.0,True,6,82,0
5769,2,1,3,34,0,0.0,0.0,0.0,0.0,0.0,True,1,58,1
5770,2,0,1,33,0,0.0,2110.0,0.0,773.0,10.0,True,1,58,1
5771,3,1,1,36,0,0.0,0.0,0.0,0.0,0.0,True,6,1264,1
5772,3,0,1,50,0,513.0,0.0,0.0,764.0,21.0,False,5,390,1
5773,3,0,1,28,0,828.0,0.0,72.0,6.0,0.0,False,6,1167,0
5774,2,0,1,56,0,679.0,1126.0,0.0,33.0,3230.0,False,2,234,0
5775,3,0,3,42,0,1156.0,0.0,1.0,305.0,0.0,False,6,1266,1
5776,3,1,1,39,0,0.0,0.0,0.0,0.0,0.0,False,5,391,1
5777,1,0,2,13,0,0.0,1180.0,0.0,308.4769036733407,0.0,True,6,1169,0
5778,2,0,1,28,0,0.0,4585.0,0.0,2.0,35.0,True,3,229,0
5779,2,0,1,55,0,916.0,1056.0,0.0,1677.0,593.0,False,3,229,0
5780,1,0,3,36,0,0.0,0.0,700.0,0.0,0.0,True,6,1267,1
5781,3,1,1,28,0,0.0,0.0,0.0,0.0,0.0,True,6,1268,1
5782,1,0,2,37,0,0.0,0.0,834.0,0.0,8.0,True,7,991,1
5783,2,1,3,50,0,0.0,0.0,0.0,0.0,0.0,True,3,188,1
5784,2,0,1,27,0,551.0,1436.0,0.0,462.0,309.0,False,5,404,0
5785,1,1,1,23,0,0.0,0.0,0.0,0.0,0.0,False,7,992,1
5786,1,0,1,16,0,7.0,0.0,311.0,0.0,683.0,False,6,1270,1
5787,2,0,3,33,1,0.0,3095.0,0.0,197.0,40.0,True,3,189,1
5788,3,1,1,46,0,0.0,0.0,174.90603284902085,0.0,0.0,True,6,1170,0
5789,1,1,2,26,0,0.0,0.0,0.0,0.0,0.0,True,7,993,0
5790,1,0,1,24,0,270.0,0.0,534.0,0.0,0.0,False,6,1272,1
5791,1,0,1,26,0,0.0,0.0,0.0,213.0,1078.0,False,6,1172,0
5792,1,0,1,2,0,0.0,0.0,0.0,0.0,0.0,True,7,994,0
5793,1,0,1,33,0,457.0,0.0,0.0,0.0,445.0,False,6,1173,0
5794,1,1,1,32,0,0.0,0.0,0.0,0.0,0.0,True,7,994,0
5795,1,1,1,3,0,0.0,0.0,0.0,0.0,0.0,True,7,994,0
5796,1,1,1,2,0,0.0,0.0,0.0,0.0,0.0,True,7,994,0
5797,1,0,1,6,0,0.0,0.0,0.0,0.0,0.0,True,7,994,0
5798,3,0,1,28,0,236.0,699.0,332.0,31.0,0.0,True,5,406,0
5799,2,0,1,0,0,0.0,0.0,174.90603284902085,0.0,0.0,True,3,230,0
5800,2,1,1,4,0,0.0,0.0,0.0,0.0,0.0,True,3,230,0
5801,2,0,1,58,0,0.0,1073.0,174.90603284902085,803.0,988.0,True,3,230,0
5802,2,1,1,22,0,0.0,0.0,0.0,0.0,0.0,True,3,230,0
5803,2,1,3,51,0,0.0,0.0,0.0,0.0,0.0,True,3,230,0
5804,2,1,3,37,0,0.0,0.0,0.0,0.0,0.0,True,3,230,0
5805,1,0,2,17,0,0.0,20.0,0.0,14.0,884.0,False,6,1174,0
5806,1,0,1,21,0,28.0,0.0,0.0,662.0,0.0,False,6,82,0
5807,1,0,1,28,0,3.0,791.0,0.0,362.0,0.0,True,6,1175,0
5808,2,0,3,28,0,3478.0,10.0,0.0,105.0,2383.0,False,3,231,0
5809,2,0,1,31,0,0.0,0.0,0.0,0.0,0.0,False,2,207,1
5810,3,1,1,43,0,0.0,0.0,0.0,0.0,0.0,True,6,1176,0
5811,3,1,1,28,0,0.0,0.0,0.0,0.0,0.0,True,6,1176,0
5812,1,0,1,15,0,1682.0,103.0,0.0,0.0,3.0,True,7,995,0
5813,1,0,1,18,0,0.0,784.0,8.0,11.0,0.0,True,6,1177,0
5814,2,1,1,33,0,0.0,451.96167494677076,0.0,0.0,0.0,True,2,235,0
5815,2,0,1,31,0,0.0,53.0,0.0,2963.0,1017.0,False,2,235,0
5816,2,1,3,41,0,0.0,0.0,0.0,0.0,0.0,True,2,236,0
5817,1,0,1,22,0,1.0,0.0,10.0,625.0,0.0,False,6,1178,0
5818,1,0,1,40,0,0.0,1.0,0.0,888.0,80.0,False,6,1179,0
5819,3,0,1,49,0,460.0,86.0,92.0,659.0,0.0,False,5,407,0
5820,1,1,2,14,0,0.0,0.0,0.0,0.0,0.0,True,7,996,0
5821,1,0,3,22,0,0.0,0.0,1.0,575.0,0.0,False,6,1181,0
5822,1,0,1,22,0,0.0,32.0,33.0,429.0,1174.0,False,5,409,0
5823,1,0,1,25,0,980.0,0.0,3.0,0.0,0.0,False,5,394,1
5824,1,1,2,42,0,0.0,0.0,0.0,0.0,0.0,True,7,998,0
5825,1,1,2,16,0,0.0,0.0,0.0,0.0,0.0,True,7,999,0
5826,1,0,3,12,0,0.0,0.0,0.0,0.0,0.0,True,7,999,0
5827,1,0,1,18,0,382.0,10.0,291.0,90.0,9.0,True,7,1000,0
5828,1,0,1,33,0,0.0,2.0,174.90603284902085,0.0,807.0,False,7,998,1
5829,1,0,1,14,0,5.0,0.0,479.0,297.0,9.0,False,5,410,0
5830,1,1,1,36,0,0.0,0.0,0.0,0.0,0.0,True,7,1001,0
5831,2,1,1,23,0,0.0,0.0,174.90603284902085,0.0,0.0,True,2,208,1
5832,1,0,3,24,0,0.0,479.0,116.0,1.0,37.0,False,6,1274,1
5833,1,1,2,4,0,0.0,0.0,0.0,0.0,0.0,True,7,999,1
5834,1,1,1,28,0,0.0,0.0,0.0,0.0,0.0,False,7,999,1
5835,1,0,1,18,0,628.0,0.0,0.0,31.0,150.0,False,7,1000,1
5836,1,1,1,21,0,0.0,0.0,0.0,0.0,0.0,True,7,1000,1
5837,1,0,1,27,0,12.0,0.0,0.0,873.0,0.0,False,7,1000,1
5838,3,1,1,34,0,0.0,0.0,0.0,0.0,0.0,True,6,1275,1
5839,1,1,2,28,0,0.0,0.0,0.0,0.0,0.0,False,7,1001,1
5840,2,1,1,35,0,0.0,451.96167494677076,0.0,0.0,0.0,True,2,209,1
5841,1,1,2,16,0,0.0,0.0,0.0,0.0,0.0,True,7,1002,0
5842,2,0,1,36,0,0.0,2624.0,1657.0,2799.0,1.0,False,3,191,1
5843,1,1,1,30,0,0.0,451.96167494677076,0.0,0.0,0.0,False,7,1002,1
5844,1,1,2,4,0,0.0,0.0,0.0,0.0,0.0,True,7,1003,0
5845,3,0,1,19,1,61.0,783.0,110.0,0.0,0.0,True,5,396,1
5846,1,0,1,3,0,0.0,0.0,0.0,0.0,0.0,True,7,1004,1
5847,2,1,1,51,0,0.0,0.0,0.0,0.0,0.0,True,1,59,1
5848,2,1,1,28,0,0.0,0.0,0.0,0.0,0.0,True,1,59,1
5849,2,1,1,45,0,0.0,0.0,0.0,0.0,0.0,True,1,59,1
5850,2,1,1,18,0,0.0,0.0,0.0,0.0,0.0,True,1,59,1
5851,1,0,2,23,0,0.0,126.0,403.0,0.0,21.0,True,6,1183,0
5852,1,0,1,15,0,1042.0,0.0,36.0,0.0,0.0,False,6,1185,0
5853,3,1,1,34,0,0.0,0.0,174.90603284902085,0.0,0.0,True,5,412,0
5854,3,0,1,47,0,5.0,1027.0,0.0,24.0,0.0,True,4,188,0
5855,2,0,1,27,0,3.0,4654.0,0.0,657.0,214.0,True,2,238,0
5856,2,0,1,26,0,0.0,9.0,0.0,3.0,2047.0,False,2,238,0
5857,2,0,3,25,0,2026.0,4929.0,0.0,1179.0,10270.0,False,2,238,0
5858,2,0,3,34,1,0.0,1174.0,0.0,130.0,1141.0,False,1,60,1
5859,3,0,1,27,1,55.0,0.0,50.0,1849.0,1.0,False,4,189,0
5860,1,0,1,39,0,0.0,176.0,43.0,660.0,0.0,False,6,1187,0
5861,3,0,1,31,0,915.0,0.0,1313.0,370.0,0.0,False,6,1278,1
5862,3,0,1,4,0,222.89785157787045,0.0,0.0,0.0,0.0,True,6,1278,1
5863,3,0,1,19,0,0.0,0.0,0.0,0.0,0.0,False,5,397,1
5864,3,1,3,59,0,0.0,0.0,0.0,0.0,0.0,True,6,1279,1
5865,3,0,1,19,0,2006.0,0.0,174.90603284902085,0.0,0.0,True,4,193,1
5866,1,0,3,25,0,258.0,0.0,306.0,311.0,24.0,True,6,1280,1
5867,2,0,3,28,0,0.0,809.0,0.0,2043.0,72.0,True,2,239,0
5868,2,0,3,37,0,0.0,90.0,0.0,3282.0,11.0,False,2,239,0
5869,3,0,1,43,0,24.0,1.0,1167.0,0.0,0.0,True,6,1282,1
5870,1,0,3,18,0,425.0,779.0,0.0,0.0,74.0,False,6,1188,0
5871,1,0,1,36,0,1603.0,0.0,2.0,87.0,0.0,False,5,413,0
5872,1,0,1,14,0,71.0,0.0,0.0,0.0,306.7894819713431,False,6,1283,1
5873,1,0,2,42,0,0.0,168.0,0.0,113.0,461.0,False,6,1284,1
5874,1,0,2,29,0,25.0,0.0,2.0,0.0,657.0,False,6,1190,0
5875,3,0,1,23,0,1696.0,46.0,82.0,235.0,17.0,False,5,398,1
5876,1,0,1,16,0,0.0,0.0,60.0,0.0,1963.0,False,6,1191,0
5877,1,0,3,8,0,0.0,0.0,0.0,0.0,0.0,True,7,1006,0
5878,1,0,1,20,0,1.0,0.0,0.0,32.0,875.0,False,7,1007,1
5879,1,0,2,50,0,199.0,0.0,182.0,0.0,306.7894819713431,False,6,1192,0
5880,1,0,1,38,0,0.0,709.0,39.0,62.0,0.0,True,7,1007,0
5881,3,1,1,39,0,0.0,0.0,0.0,0.0,0.0,True,6,1286,1
5882,3,0,1,33,0,559.0,0.0,145.0,594.0,0.0,False,5,414,0
5883,2,1,3,30,0,0.0,0.0,0.0,0.0,0.0,True,2,241,0
5884,3,0,2,40,1,301.0,0.0,1310.0,4.0,306.7894819713431,True,6,1287,1
5885,1,0,1,22,0,395.0,0.0,0.0,300.0,125.0,False,6,1194,0
5886,3,1,1,52,0,0.0,0.0,0.0,0.0,0.0,True,6,1195,0
5887,3,1,1,26,0,0.0,0.0,0.0,0.0,0.0,True,6,1196,0
5888,1,0,1,19,0,2044.0,0.0,13.0,1.0,0.0,False,6,1197,0
5889,1,0,1,33,0,6.0,0.0,0.0,0.0,950.0,False,6,1198,0
5890,1,1,2,33,0,0.0,0.0,0.0,0.0,0.0,True,7,1010,0
5891,1,0,1,20,0,0.0,0.0,841.0,5.0,0.0,True,7,1011,0
5892,3,0,1,28,0,222.89785157787045,0.0,129.0,0.0,306.7894819713431,False,6,1199,0
5893,1,1,3,10,0,0.0,0.0,0.0,0.0,0.0,True,7,1012,0
5894,1,0,1,23,0,0.0,1.0,908.0,0.0,0.0,True,7,1008,1
5895,1,0,1,28,0,222.89785157787045,0.0,887.0,0.0,0.0,True,7,1013,0
5896,1,0,1,23,0,2189.0,0.0,0.0,0.0,0.0,True,6,1200,0
5897,3,0,1,54,0,630.0,298.0,418.0,312.0,0.0,False,6,1201,0
5898,3,0,1,57,0,368.0,0.0,636.0,1082.0,512.0,False,6,1289,1
5899,3,0,3,24,0,737.0,293.0,301.0,0.0,0.0,False,6,1289,1
5900,2,1,1,37,0,0.0,0.0,0.0,0.0,0.0,True,2,243,0
5901,2,1,1,59,0,0.0,0.0,0.0,0.0,0.0,True,2,243,0
5902,1,1,1,53,0,0.0,0.0,0.0,0.0,0.0,True,7,1009,1
5903,3,1,1,22,0,0.0,0.0,0.0,0.0,0.0,True,6,1293,1
5904,1,0,1,18,0,102.0,3.0,186.0,2287.0,0.0,False,4,195,1
5905,2,1,3,17,0,0.0,0.0,0.0,0.0,0.0,True,2,213,1
5906,1,0,3,25,0,0.0,1674.0,3.0,9.0,3554.0,False,2,213,1
5907,1,0,1,18,0,108.0,2.0,11.0,0.0,680.0,False,6,1294,1
5908,1,0,1,20,0,379.0,451.96167494677076,29.0,39.0,91.0,False,6,82,0
5909,1,0,1,24,0,0.0,2680.0,0.0,2.0,45.0,True,6,1296,1
5910,3,1,1,33,0,0.0,0.0,0.0,0.0,0.0,True,6,1202,0
5911,1,0,1,34,0,124.0,0.0,0.0,679.0,0.0,False,6,1297,1
5912,1,0,3,24,0,0.0,254.0,13.0,0.0,477.0,False,6,1297,1
5913,2,0,1,37,0,0.0,0.0,0.0,0.0,0.0,True,1,62,1
5914,3,0,1,23,0,690.0,0.0,0.0,292.0,1596.0,False,4,196,1
5915,3,0,1,32,0,2031.0,0.0,28.0,519.0,0.0,False,4,196,1
5916,3,1,1,13,0,0.0,0.0,0.0,0.0,0.0,True,6,1203,0
5917,1,1,3,23,0,0.0,0.0,0.0,0.0,0.0,True,7,1011,1
5918,1,1,1,23,0,0.0,0.0,0.0,308.4769036733407,0.0,True,7,1014,0
5919,2,0,1,27,0,135.0,3103.0,9.0,424.0,629.0,False,1,74,0
5920,1,1,1,47,0,0.0,0.0,0.0,0.0,0.0,True,7,1012,1
5921,1,0,1,38,0,20.0,0.0,751.0,0.0,2.0,True,7,1015,0
5922,3,0,1,28,0,158.0,0.0,0.0,465.0,0.0,False,6,1205,0
5923,1,0,1,21,0,0.0,296.0,2.0,0.0,1543.0,False,6,1206,0
5924,1,0,1,28,0,2.0,3.0,93.0,6.0,540.0,False,6,1206,0
5925,2,0,3,64,0,0.0,0.0,0.0,0.0,0.0,True,2,245,0
5926,2,0,1,43,0,2.0,5329.0,0.0,7.0,0.0,True,2,245,0
5927,1,0,1,21,0,0.0,0.0,28.0,508.0,272.0,True,7,1018,0
5928,1,0,1,36,0,78.0,9.0,0.0,0.0,841.0,True,7,1013,1
5929,1,0,2,22,0,0.0,0.0,0.0,48.0,653.0,True,7,1020,0
5930,1,0,1,24,0,0.0,1049.0,1.0,0.0,0.0,False,6,1301,1
5931,2,1,1,21,0,0.0,0.0,0.0,0.0,0.0,True,2,247,0
5932,1,0,1,57,0,0.0,1409.0,29.0,0.0,0.0,True,7,1014,1
5933,2,0,3,46,0,0.0,8943.0,0.0,0.0,159.0,True,3,192,1
5934,3,1,1,42,0,0.0,0.0,0.0,0.0,0.0,True,6,1303,1
5935,1,0,1,16,0,17.0,451.96167494677076,0.0,537.0,173.0,False,6,1304,1
5936,1,0,1,40,0,0.0,175.0,0.0,11.0,537.0,False,6,1305,1
5937,1,0,1,3,0,0.0,0.0,0.0,0.0,0.0,False,7,1015,1
5938,1,0,1,8,0,0.0,0.0,174.90603284902085,0.0,0.0,True,7,1015,1
5939,1,1,2,3,0,0.0,0.0,0.0,0.0,0.0,True,6,82,0
5940,1,0,3,35,0,1669.0,0.0,7.0,0.0,90.0,False,7,1015,1
5941,1,0,3,12,0,0.0,0.0,0.0,0.0,306.7894819713431,True,7,1015,1
5942,1,1,1,28,0,0.0,0.0,0.0,0.0,0.0,True,7,1015,1
5943,2,0,3,47,1,0.0,2225.0,1573.0,201.0,23.0,True,3,193,1
5944,2,1,3,19,0,0.0,0.0,0.0,0.0,0.0,True,2,248,0
5945,2,0,1,46,0,3616.0,564.0,0.0,15.0,3303.0,False,2,248,0
5946,1,0,1,28,0,0.0,152.0,215.0,30.0,510.0,False,7,1017,1
5947,1,0,1,5,0,0.0,0.0,0.0,0.0,0.0,True,7,1023,0
5948,1,0,1,7,0,0.0,0.0,0.0,0.0,0.0,True,7,1023,0
5949,1,1,1,3,0,0.0,0.0,0.0,0.0,0.0,True,7,1023,0
5950,1,0,1,1,0,0.0,0.0,0.0,0.0,0.0,True,7,1023,0
5951,1,0,3,7,0,0.0,0.0,0.0,0.0,306.7894819713431,True,7,1023,0
5952,2,0,1,60,0,0.0,190.0,3.0,1964.0,30.0,False,4,190,0
5953,1,0,1,34,0,6.0,878.0,0.0,10.0,2203.0,False,4,190,0
5954,2,0,1,28,0,0.0,451.96167494677076,0.0,6.0,9837.0,False,3,234,0
5955,1,0,3,64,0,0.0,316.0,2.0,673.0,0.0,False,5,401,1
5956,1,0,1,13,0,898.0,0.0,0.0,308.4769036733407,24.0,False,6,1208,0
5957,1,1,1,15,0,0.0,0.0,0.0,0.0,0.0,True,7,1018,1
5958,1,0,1,65,0,458.0,0.0,555.0,0.0,0.0,False,7,1019,1
5959,3,0,1,53,0,78.0,85.0,859.0,0.0,0.0,True,5,418,0
5960,2,1,3,58,0,0.0,0.0,0.0,0.0,0.0,True,3,194,1
5961,2,0,1,19,0,0.0,1234.0,0.0,1956.0,0.0,False,3,194,1
5962,2,1,3,28,0,0.0,0.0,0.0,0.0,0.0,True,3,194,1
5963,1,0,1,16,0,0.0,68.0,1541.0,0.0,0.0,True,5,419,0
5964,2,0,3,48,0,3.0,4089.0,0.0,4368.0,147.0,False,3,235,0
5965,2,0,1,33,0,2.0,4742.0,0.0,34.0,0.0,True,3,235,0
5966,1,0,1,31,0,19.0,509.0,0.0,0.0,177.0,False,5,420,0
5967,1,0,3,44,0,0.0,0.0,0.0,0.0,0.0,True,7,1025,0
5968,1,0,1,40,0,1.0,0.0,895.0,10.0,0.0,True,7,1025,0
5969,1,1,1,34,0,0.0,0.0,0.0,0.0,0.0,True,7,1026,0
5970,1,0,1,21,0,0.0,541.0,0.0,143.0,0.0,False,6,1209,0
5971,1,0,1,20,0,0.0,20.0,1.0,696.0,0.0,False,6,1307,1
5972,3,1,1,9,0,0.0,0.0,0.0,0.0,0.0,True,6,1308,1
5973,1,1,1,33,0,222.89785157787045,0.0,0.0,0.0,0.0,False,7,1020,1
5974,1,1,2,2,0,0.0,0.0,0.0,0.0,0.0,False,7,1020,1
5975,1,0,1,53,0,627.0,32.0,0.0,0.0,37.0,False,6,1309,1
5976,1,0,3,0,0,0.0,0.0,0.0,0.0,0.0,True,7,1020,1
5977,1,1,2,38,0,0.0,0.0,0.0,0.0,0.0,True,7,1027,0
5978,2,1,3,21,0,0.0,0.0,0.0,0.0,0.0,True,3,237,0
5979,1,1,1,31,0,0.0,0.0,0.0,0.0,0.0,True,7,1028,0
5980,1,1,2,7,0,0.0,0.0,0.0,0.0,0.0,True,7,1028,0
5981,1,0,3,12,0,0.0,0.0,0.0,0.0,0.0,True,7,1028,0
5982,1,1,2,0,0,0.0,0.0,0.0,0.0,0.0,True,7,1028,0
5983,1,0,1,17,0,5.0,0.0,1317.0,287.0,0.0,True,5,421,0
5984,1,0,1,55,0,0.0,242.0,0.0,479.0,3.0,False,6,1210,0
5985,1,0,3,2,0,0.0,0.0,0.0,0.0,0.0,True,7,1028,0
5986,1,0,1,32,0,18.0,0.0,0.0,1382.0,0.0,False,6,1312,1
5987,1,0,3,16,0,0.0,0.0,694.0,0.0,102.0,False,6,1313,1
5988,1,0,1,0,0,0.0,0.0,0.0,0.0,0.0,False,7,1022,1
5989,2,0,1,29,0,0.0,584.0,5468.0,7.0,661.0,True,3,195,1
5990,2,0,3,25,0,484.0,11441.0,0.0,4.0,5477.0,False,3,195,1
5991,3,0,3,39,0,1884.0,0.0,1435.0,5.0,469.0,False,4,191,0
5992,3,1,1,42,0,0.0,0.0,0.0,0.0,0.0,True,5,423,0
5993,1,0,3,0,0,0.0,0.0,0.0,0.0,0.0,True,7,1023,1
5994,1,1,1,14,0,0.0,0.0,0.0,0.0,0.0,True,7,1023,1
5995,3,0,1,29,0,2223.0,0.0,0.0,0.0,0.0,False,6,1212,0
5996,3,0,1,54,0,676.0,0.0,231.0,379.0,0.0,False,6,1212,0
5997,1,1,1,35,0,0.0,0.0,0.0,0.0,0.0,True,7,1030,0
5998,2,0,3,28,0,49.0,13342.0,174.90603284902085,1885.0,6985.0,False,3,238,0
5999,3,0,1,18,0,593.0,0.0,508.0,0.0,12.0,True,6,1314,1
6000,1,0,3,14,0,0.0,973.0,0.0,1.0,0.0,True,5,403,1
6001,2,1,1,53,0,0.0,0.0,0.0,0.0,0.0,True,4,199,1
6002,1,0,1,48,0,410.0,2108.0,0.0,0.0,0.0,True,6,1315,1
6003,1,0,3,21,0,0.0,641.0,0.0,0.0,0.0,True,6,1213,0
6004,1,0,1,44,0,0.0,0.0,0.0,729.0,397.0,True,6,1316,1
6005,1,0,1,25,0,106.0,0.0,0.0,0.0,925.0,False,6,1214,0
6006,2,0,1,0,0,0.0,0.0,0.0,0.0,0.0,True,1,75,0
6007,2,1,1,27,0,0.0,0.0,0.0,0.0,0.0,True,1,75,0
6008,2,1,1,40,0,0.0,0.0,0.0,0.0,0.0,True,1,75,0
6009,1,0,1,44,0,0.0,509.0,129.0,246.0,0.0,True,7,1031,0
6010,1,1,1,36,0,0.0,0.0,0.0,0.0,0.0,False,6,82,0
6011,1,1,3,3,0,0.0,0.0,0.0,0.0,0.0,True,7,1026,1
6012,1,1,1,9,0,0.0,0.0,0.0,308.4769036733407,0.0,False,7,1026,1
6013,1,1,1,1,0,0.0,0.0,174.90603284902085,0.0,0.0,False,7,1026,1
6014,1,0,1,17,0,0.0,451.96167494677076,977.0,0.0,5.0,True,5,405,1
6015,1,1,1,47,0,0.0,0.0,0.0,0.0,0.0,False,7,1026,1
6016,1,1,1,28,0,0.0,451.96167494677076,0.0,0.0,0.0,False,7,1026,1
6017,2,0,3,33,0,0.0,38.0,0.0,1.0,3167.0,False,1,64,1
6018,1,0,2,16,0,0.0,0.0,99.0,308.4769036733407,774.0,True,5,424,0
6019,3,0,1,30,1,1960.0,0.0,638.0,0.0,0.0,False,6,1215,0
6020,3,0,3,18,0,114.0,131.0,927.0,0.0,0.0,True,6,1215,0
6021,1,0,1,26,0,360.0,8.0,1.0,329.0,185.0,False,7,1033,0
6022,1,0,2,19,0,577.0,169.0,0.0,7.0,0.0,True,6,1318,1
6023,3,1,1,28,0,0.0,0.0,0.0,0.0,0.0,True,6,1216,0
6024,1,0,1,35,0,858.0,10.0,16.0,0.0,0.0,False,7,1027,1
6025,2,0,1,40,0,773.0,3729.0,43.0,10.0,0.0,True,2,216,1
6026,2,0,1,26,1,0.0,2199.0,0.0,328.0,329.0,False,2,216,1
6027,2,0,3,45,0,0.0,3200.0,0.0,415.0,161.0,True,2,216,1
6028,2,1,3,18,0,222.89785157787045,0.0,0.0,0.0,0.0,True,2,216,1
6029,1,0,3,54,0,801.0,5.0,0.0,0.0,0.0,True,6,1319,1
6030,1,0,1,13,0,1144.0,0.0,6.0,0.0,0.0,False,6,1320,1
6031,3,1,3,26,0,0.0,0.0,0.0,0.0,0.0,True,6,1217,0
6032,1,1,2,16,0,0.0,0.0,0.0,0.0,0.0,True,7,1034,0
6033,1,0,1,37,0,0.0,959.0,8.0,20.0,169.0,False,6,1322,1
6034,1,1,1,17,0,0.0,0.0,0.0,0.0,0.0,True,7,1028,1
6035,1,0,3,16,0,2.0,511.0,0.0,0.0,1578.0,False,6,1322,1
6036,1,0,1,18,0,358.0,336.0,0.0,0.0,0.0,False,6,1323,1
6037,3,0,2,21,0,435.0,0.0,422.0,16.0,0.0,False,6,82,0
6038,1,0,1,24,0,0.0,0.0,0.0,0.0,826.0,True,7,1029,1
6039,1,1,1,22,0,222.89785157787045,0.0,0.0,0.0,0.0,True,7,1036,0
6040,1,1,1,41,0,0.0,0.0,0.0,0.0,0.0,True,7,1037,0
6041,1,1,1,15,0,0.0,0.0,0.0,0.0,0.0,True,7,1037,0
6042,1,1,1,36,0,0.0,0.0,0.0,0.0,0.0,True,7,1037,0
6043,1,0,3,23,0,0.0,0.0,478.0,4560.0,0.0,False,7,1037,0
6044,1,0,1,31,0,0.0,243.0,0.0,308.4769036733407,0.0,False,5,427,0
6045,1,0,1,19,0,114.0,3.0,622.0,0.0,0.0,False,6,1223,0
6046,1,1,3,23,0,0.0,0.0,0.0,0.0,0.0,True,7,1030,1
6047,1,0,1,47,0,0.0,106.0,2915.0,0.0,1200.0,False,7,1031,1
6048,2,0,3,40,0,0.0,1677.0,0.0,109.0,320.0,True,1,76,0
6049,2,0,3,34,1,0.0,618.0,0.0,0.0,10888.0,False,1,76,0
6050,1,0,1,2,0,0.0,0.0,0.0,0.0,0.0,False,7,1032,1
6051,1,1,1,8,0,0.0,0.0,0.0,0.0,0.0,False,7,1032,1
6052,1,1,1,0,0,0.0,0.0,0.0,0.0,0.0,True,7,1032,1
6053,1,0,2,18,0,0.0,0.0,1720.0,1.0,0.0,True,7,1032,1
6054,1,0,1,11,0,0.0,0.0,0.0,0.0,0.0,False,7,1032,1
6055,1,0,1,18,0,0.0,20.0,790.0,308.4769036733407,0.0,True,7,1038,0
6056,1,0,2,19,0,54.0,0.0,0.0,42.0,986.0,False,6,1224,0
6057,1,0,1,2,0,0.0,0.0,0.0,0.0,0.0,True,6,82,0
6058,1,1,1,25,0,0.0,0.0,0.0,0.0,0.0,True,7,1039,0
6059,1,0,3,0,0,0.0,0.0,0.0,0.0,0.0,True,7,1039,0
6060,2,1,3,27,0,0.0,0.0,0.0,0.0,0.0,True,6,82,0
6061,2,1,3,34,0,0.0,0.0,0.0,0.0,0.0,True,2,249,0
6062,1,1,1,19,0,0.0,0.0,0.0,0.0,0.0,True,7,1033,1
6063,1,0,2,22,0,431.0,40.0,0.0,10.0,0.0,False,7,1034,1
6064,1,0,1,22,0,0.0,0.0,165.0,14.0,629.0,False,7,1035,1
6065,1,0,2,52,0,0.0,652.0,9.0,0.0,0.0,False,6,1328,1
6066,1,0,1,30,0,59.0,0.0,0.0,0.0,1611.0,False,5,407,1
6067,2,0,1,65,0,0.0,1420.0,174.90603284902085,85.0,827.0,False,1,77,0
6068,1,0,1,31,0,294.0,480.0,31.0,3.0,0.0,True,7,1040,0
6069,3,1,1,51,0,0.0,0.0,0.0,0.0,0.0,True,6,1225,0
6070,1,0,1,21,0,365.0,52.0,0.0,0.0,288.0,True,6,82,0
6071,1,0,1,27,0,93.0,0.0,0.0,0.0,772.0,False,6,1329,1
6072,1,0,1,31,0,222.89785157787045,0.0,873.0,0.0,0.0,True,5,428,0
6073,2,1,3,28,0,0.0,0.0,0.0,0.0,0.0,True,3,197,1
6074,2,0,1,29,0,0.0,577.0,0.0,5568.0,432.0,False,6,82,0
6075,3,0,1,23,0,1533.0,0.0,858.0,297.0,0.0,False,6,1330,1
6076,3,1,1,11,0,0.0,0.0,0.0,0.0,0.0,True,6,1330,1
6077,3,0,1,23,0,1233.0,0.0,527.0,0.0,0.0,False,6,1330,1
6078,3,0,1,34,0,801.0,0.0,246.0,1.0,0.0,False,5,408,1
6079,1,0,1,20,0,222.89785157787045,0.0,151.0,508.0,0.0,False,6,1331,1
6080,2,1,3,20,0,222.89785157787045,0.0,0.0,0.0,0.0,True,3,198,1
6081,2,1,1,16,0,0.0,0.0,0.0,0.0,0.0,True,3,198,1
6082,1,1,1,18,0,0.0,0.0,0.0,0.0,0.0,False,7,1037,1
6083,1,0,3,20,0,24.0,56.0,1.0,308.4769036733407,468.0,False,6,1334,1
6084,1,1,2,20,0,0.0,0.0,0.0,0.0,0.0,True,7,1038,1
6085,1,0,3,27,0,30.0,0.0,763.0,0.0,57.0,False,7,1038,1
6086,2,0,3,55,0,114.0,222.0,0.0,2575.0,2919.0,False,4,202,1
6087,3,0,3,53,0,83.0,0.0,1590.0,60.0,0.0,True,4,193,0
6088,3,1,1,37,0,0.0,0.0,0.0,0.0,0.0,True,4,193,0
6089,1,1,2,55,0,0.0,0.0,0.0,0.0,0.0,True,7,1039,1
6090,1,0,1,24,0,552.0,1.0,0.0,231.0,0.0,True,7,1043,0
6091,1,0,3,24,0,14.0,0.0,1.0,528.0,109.0,True,6,1228,0
6092,1,1,2,49,0,0.0,0.0,0.0,0.0,0.0,True,7,1044,0
6093,1,0,1,17,0,0.0,0.0,0.0,1806.0,0.0,False,7,1045,0
6094,1,0,1,39,0,0.0,0.0,710.0,56.0,1.0,True,7,1046,0
6095,1,1,3,5,0,0.0,0.0,0.0,0.0,0.0,True,7,1046,0
6096,1,0,1,10,0,0.0,0.0,0.0,0.0,0.0,True,7,1046,0
6097,1,1,1,1,0,0.0,0.0,0.0,0.0,0.0,True,7,1046,0
6098,1,0,1,16,0,45.0,0.0,622.0,0.0,564.0,False,6,1229,0
6099,1,0,1,51,0,0.0,10.0,388.0,1380.0,0.0,False,7,1046,0
6100,1,1,1,5,0,0.0,0.0,0.0,0.0,0.0,True,7,1046,0
6101,1,0,1,19,0,0.0,0.0,0.0,0.0,0.0,False,7,1041,1
6102,1,1,1,0,0,0.0,0.0,0.0,0.0,0.0,True,7,1041,1
6103,1,0,1,20,0,810.0,0.0,0.0,0.0,0.0,False,7,1047,0
6104,1,1,1,0,0,0.0,0.0,0.0,0.0,0.0,True,7,1047,0
6105,1,1,1,1,0,0.0,0.0,0.0,0.0,0.0,True,7,1047,0
6106,1,1,2,38,0,0.0,0.0,0.0,0.0,0.0,True,7,1043,1
6107,1,0,1,40,0,0.0,0.0,433.0,343.0,0.0,False,6,1230,0
6108,3,0,1,18,0,0.0,0.0,0.0,0.0,0.0,False,5,430,0
6109,3,0,1,36,0,636.0,0.0,168.0,1795.0,0.0,False,6,1231,0
6110,2,0,1,23,0,0.0,596.0,57.0,259.0,4666.0,False,3,200,1
6111,2,1,3,42,0,0.0,0.0,0.0,0.0,0.0,True,3,200,1
6112,3,0,1,37,0,610.0,451.96167494677076,410.0,148.0,14.0,False,6,82,0
6113,1,0,1,24,0,0.0,854.0,11.0,0.0,0.0,True,6,1336,1
6114,1,0,1,12,0,222.89785157787045,0.0,0.0,0.0,0.0,True,7,1044,1
6115,1,1,1,2,0,0.0,0.0,0.0,0.0,0.0,True,7,1044,1
6116,1,0,2,28,0,0.0,7.0,17.0,0.0,1724.0,False,7,1045,1
6117,1,1,1,44,0,0.0,0.0,0.0,0.0,306.7894819713431,True,7,1046,1
6118,2,0,1,26,0,0.0,3818.0,0.0,1877.0,136.0,False,4,203,1
6119,1,0,1,36,0,32.0,3.0,657.0,58.0,41.0,False,5,410,1
6120,1,0,3,28,0,222.89785157787045,728.0,0.0,0.0,82.0,True,6,1337,1
6121,3,0,1,14,0,0.0,0.0,0.0,0.0,0.0,False,5,431,0
6122,1,1,1,14,0,0.0,0.0,0.0,0.0,0.0,False,7,1047,1
6123,1,0,1,28,0,0.0,602.0,0.0,115.0,0.0,True,6,1232,0
6124,3,1,1,27,0,0.0,0.0,0.0,0.0,0.0,True,6,1233,0
6125,3,0,1,21,0,899.0,1.0,1686.0,13.0,0.0,True,6,1233,0
6126,1,0,1,24,0,1256.0,2.0,8.0,1530.0,0.0,False,6,1234,0
6127,1,0,2,18,0,22.0,0.0,20.0,596.0,5.0,False,6,1338,1
6128,3,1,1,24,0,0.0,0.0,0.0,0.0,0.0,True,6,1339,1
6129,3,1,1,8,0,0.0,0.0,0.0,0.0,0.0,True,6,1339,1
6130,3,1,1,36,0,0.0,0.0,0.0,0.0,0.0,False,5,411,1
6131,3,0,1,32,1,1179.0,0.0,4.0,0.0,0.0,False,4,204,1
6132,1,0,1,19,0,14.0,614.0,0.0,160.0,0.0,False,5,432,0
6133,1,0,1,12,0,0.0,0.0,0.0,0.0,0.0,True,7,1050,0
6134,2,1,1,21,0,0.0,0.0,0.0,0.0,0.0,True,2,250,0
6135,2,1,3,13,0,0.0,0.0,0.0,0.0,0.0,True,2,250,0
6136,3,1,1,20,0,0.0,0.0,0.0,0.0,0.0,True,6,1236,0
6137,3,1,1,35,0,0.0,0.0,0.0,0.0,306.7894819713431,True,6,1340,1
6138,2,0,3,23,0,0.0,44.0,0.0,3452.0,83.0,False,4,196,0
6139,2,0,3,17,0,0.0,311.0,6.0,4236.0,557.0,False,4,196,0
6140,3,0,1,29,0,1290.0,0.0,6.0,1.0,0.0,False,5,412,1
6141,1,0,1,27,0,352.0,14.0,1.0,407.0,15.0,False,5,433,0
6142,1,0,1,22,0,89.0,0.0,795.0,0.0,3.0,True,7,1052,0
6143,3,0,3,26,0,414.0,239.0,681.0,352.0,0.0,False,6,1237,0
6144,3,1,1,1,0,0.0,0.0,0.0,0.0,0.0,True,6,1237,0
6145,3,1,1,7,0,0.0,0.0,0.0,0.0,0.0,True,6,1237,0
6146,1,0,3,78,0,0.0,213.0,202.0,288.0,0.0,True,6,1238,0
6147,1,0,1,24,0,0.0,0.0,53.0,652.0,0.0,True,7,1053,0
6148,1,0,1,26,0,0.0,0.0,0.0,22.0,1030.0,False,6,1343,1
6149,2,0,1,50,0,0.0,1663.0,336.0,1855.0,4.0,False,1,79,0
6150,1,1,1,16,0,0.0,0.0,0.0,0.0,0.0,False,7,1049,1
6151,2,1,3,57,0,0.0,0.0,0.0,0.0,0.0,True,3,201,1
6152,2,0,3,29,0,0.0,889.0,0.0,4921.0,290.0,False,3,201,1
6153,2,0,3,27,0,0.0,6924.0,849.0,149.0,1166.0,True,3,201,1
6154,1,0,1,42,0,0.0,1972.0,0.0,108.0,5.0,True,3,201,1
6155,1,1,2,28,0,0.0,0.0,0.0,0.0,0.0,True,7,1055,0
6156,1,1,2,18,0,0.0,0.0,0.0,0.0,0.0,True,7,1050,1
6157,3,0,1,38,0,1192.0,5.0,1864.0,4287.0,0.0,False,6,1344,1
6158,1,0,1,32,0,1.0,0.0,0.0,1.0,785.0,False,5,413,1
6159,1,0,1,21,0,0.0,31.0,2076.0,77.0,0.0,True,6,1240,0
6160,1,0,1,6,0,0.0,0.0,0.0,0.0,0.0,True,7,1058,0
6161,1,0,1,27,0,0.0,1.0,20.0,0.0,1363.0,False,6,1347,1
6162,1,0,2,32,0,397.0,0.0,7.0,182.0,5.0,False,6,1242,0
6163,1,0,2,23,0,601.0,0.0,113.0,0.0,39.0,True,6,1243,0
6164,2,0,1,29,0,0.0,6.0,0.0,0.0,5531.0,False,4,205,1
6165,1,0,1,22,0,151.0,6.0,26.0,0.0,533.0,False,6,1348,1
6166,1,1,1,31,0,0.0,0.0,0.0,0.0,0.0,False,7,1055,1
6167,1,1,3,0,0,0.0,0.0,0.0,0.0,0.0,True,7,1055,1
6168,2,0,1,2,0,0.0,0.0,0.0,0.0,0.0,True,1,80,0
6169,1,1,1,28,0,0.0,0.0,0.0,0.0,0.0,True,1,80,0
6170,2,0,1,28,0,0.0,3527.0,1.0,2929.0,2236.0,False,1,80,0
6171,3,0,1,20,0,57.0,0.0,1185.0,0.0,0.0,False,6,1244,0
6172,2,0,3,28,1,19.0,22.0,2974.0,3603.0,158.0,False,2,251,0
6173,2,0,1,42,0,0.0,6244.0,0.0,10912.0,4.0,False,2,251,0
6174,1,0,2,32,0,388.0,0.0,0.0,439.0,0.0,False,6,1350,1
6175,1,0,1,19,0,0.0,4.0,0.0,1785.0,3.0,False,7,1060,0
6176,1,0,3,20,0,0.0,0.0,715.0,2.0,0.0,True,6,1245,0
6177,1,1,2,20,0,0.0,0.0,0.0,0.0,0.0,True,6,1246,0
6178,1,0,1,21,0,0.0,20.0,1540.0,80.0,512.0,False,6,1248,0
6179,1,1,2,32,0,0.0,0.0,0.0,0.0,0.0,True,7,1061,0
6180,1,1,1,16,0,0.0,0.0,0.0,0.0,0.0,True,7,1061,0
6181,1,1,1,21,0,0.0,0.0,0.0,0.0,0.0,True,7,1056,1
6182,1,0,3,12,0,0.0,0.0,0.0,0.0,0.0,False,7,1056,1
6183,1,1,2,21,0,0.0,0.0,0.0,0.0,0.0,True,7,1063,0
6184,3,0,1,31,0,127.0,76.0,976.0,118.0,0.0,False,5,436,0
6185,1,1,3,18,0,0.0,0.0,0.0,0.0,306.7894819713431,True,7,1064,0
6186,3,0,1,35,0,771.0,0.0,183.0,0.0,0.0,False,5,415,1
6187,2,0,1,44,0,0.0,819.0,835.0,266.0,4056.0,False,3,242,0
6188,1,0,1,13,0,0.0,671.0,0.0,8.0,0.0,True,7,1059,1
6189,1,0,1,21,0,0.0,717.0,0.0,0.0,0.0,False,6,1356,1
6190,2,0,1,37,0,0.0,4616.0,339.0,2008.0,175.0,True,3,243,0
6191,1,0,1,28,0,0.0,1362.0,0.0,1267.0,0.0,True,6,1250,0
6192,1,0,1,34,0,228.0,0.0,150.0,15.0,1.0,False,7,1060,1
6193,3,0,3,21,0,861.0,0.0,310.0,0.0,0.0,False,6,1358,1
6194,1,0,1,38,0,395.0,1035.0,0.0,0.0,4.0,True,7,1065,0
6195,3,0,1,31,0,1979.0,0.0,2.0,112.0,0.0,False,6,1251,0
6196,3,0,1,61,0,1143.0,0.0,580.0,0.0,0.0,False,4,198,0
6197,1,0,1,20,0,0.0,564.0,25.0,158.0,62.0,False,7,1061,1
6198,1,0,2,39,0,0.0,0.0,0.0,0.0,744.0,False,6,1360,1
6199,3,1,1,29,0,0.0,0.0,0.0,0.0,0.0,True,6,1362,1
6200,3,1,3,68,0,0.0,0.0,0.0,0.0,0.0,True,6,1362,1
6201,2,0,3,38,0,0.0,201.0,0.0,1308.0,4085.0,False,5,417,1
6202,1,0,1,31,0,3.0,0.0,0.0,747.0,43.0,True,6,1363,1
6203,1,0,1,41,0,699.0,0.0,0.0,2.0,31.0,True,6,1253,0
6204,2,0,1,29,0,19.0,4900.0,6.0,6324.0,2056.0,False,2,253,0
6205,1,0,1,25,0,0.0,0.0,0.0,0.0,0.0,True,2,253,0
6206,1,0,1,27,0,0.0,0.0,23.0,30.0,815.0,False,6,1364,1
6207,1,0,1,21,0,0.0,0.0,845.0,4.0,470.0,True,6,1254,0
6208,1,0,1,30,0,0.0,123.0,0.0,1.0,784.0,False,7,1067,0
6209,3,0,1,40,0,2081.0,1.0,0.0,0.0,25.0,False,5,437,0
6210,3,0,1,59,0,126.0,0.0,127.0,11.0,1393.0,False,6,1255,0
6211,1,1,1,35,0,0.0,0.0,0.0,0.0,0.0,False,7,1063,1
6212,1,0,1,41,0,18.0,451.96167494677076,35.0,0.0,845.0,False,6,1365,1
6213,1,0,3,36,0,695.0,451.96167494677076,0.0,0.0,0.0,False,6,1366,1
6214,1,1,3,58,0,0.0,451.96167494677076,0.0,0.0,0.0,True,7,1064,1
6215,1,0,1,27,0,0.0,0.0,0.0,908.0,0.0,False,7,1068,0
6216,1,0,1,24,0,0.0,4.0,336.0,304.0,0.0,False,6,1256,0
6217,1,0,1,50,0,0.0,896.0,1.0,0.0,5.0,True,6,1257,0
6218,2,0,1,22,0,0.0,335.0,0.0,818.0,3014.0,False,1,65,1
6219,3,1,1,26,0,0.0,0.0,0.0,0.0,0.0,False,5,438,0
6220,3,1,1,16,0,0.0,0.0,0.0,0.0,0.0,True,6,1259,0
6221,1,0,1,56,0,0.0,605.0,0.0,179.0,0.0,False,7,1066,1
6222,2,0,3,25,0,0.0,1538.0,97.0,530.0,35.0,False,1,66,1
6223,2,0,1,13,0,0.0,100.0,12253.0,6.0,80.0,True,2,254,0
6224,2,0,3,53,0,0.0,2606.0,0.0,1170.0,0.0,True,2,254,0
6225,1,1,1,21,0,0.0,0.0,0.0,0.0,0.0,True,7,1071,0
6226,1,0,1,18,0,289.0,1809.0,3.0,2.0,2.0,True,6,1260,0
6227,1,0,1,38,0,115.0,125.0,0.0,202.0,0.0,True,7,1073,0
6228,1,1,1,20,0,0.0,0.0,0.0,0.0,0.0,True,7,1073,0
6229,2,1,1,24,0,0.0,0.0,0.0,0.0,0.0,False,2,217,1
6230,2,0,1,56,0,0.0,13561.0,0.0,2.0,4088.0,True,2,217,1
6231,1,0,1,47,0,285.0,600.0,3.0,0.0,640.0,False,6,1261,0
6232,3,1,1,21,0,0.0,0.0,0.0,0.0,0.0,True,6,1262,0
6233,1,0,2,28,0,0.0,67.0,661.0,0.0,0.0,True,6,1370,1
6234,1,0,1,26,0,0.0,666.0,0.0,0.0,58.0,False,6,1370,1
6235,1,1,3,34,0,0.0,0.0,0.0,0.0,0.0,True,7,1067,1
6236,1,0,1,35,0,102.0,780.0,6.0,0.0,0.0,True,7,1074,0
6237,3,1,1,35,0,0.0,0.0,0.0,0.0,0.0,True,6,1263,0
6238,2,1,1,49,0,0.0,451.96167494677076,0.0,0.0,0.0,True,3,245,0
6239,1,0,1,24,0,2.0,0.0,0.0,52.0,638.0,False,6,1372,1
6240,1,0,1,62,0,94.0,267.0,2341.0,94.0,0.0,True,6,1265,0
6241,3,0,1,25,0,68.0,0.0,3700.0,0.0,0.0,True,4,208,1
6242,2,1,3,42,0,0.0,0.0,0.0,0.0,0.0,True,3,205,1
6243,1,0,2,25,0,166.0,0.0,520.0,0.0,0.0,False,6,1266,0
6244,1,0,1,21,0,588.0,0.0,17.0,0.0,1548.0,False,6,1374,1
6245,3,1,1,17,0,0.0,0.0,0.0,0.0,0.0,False,5,420,1
6246,1,0,3,41,0,635.0,0.0,7.0,0.0,0.0,True,5,421,1
6247,1,1,1,50,0,0.0,0.0,0.0,0.0,0.0,False,7,1069,1
6248,1,0,2,20,0,0.0,90.0,561.0,2.0,0.0,True,6,1375,1
6249,1,1,1,15,0,0.0,0.0,0.0,0.0,0.0,True,7,1078,0
6250,3,1,1,29,0,0.0,0.0,0.0,0.0,0.0,True,6,1268,0
6251,1,0,1,20,0,2532.0,1.0,0.0,59.0,10.0,True,6,1377,1
6252,2,0,1,35,0,345.0,4514.0,0.0,0.0,421.0,True,3,246,0
6253,1,0,2,22,0,0.0,115.0,273.0,308.4769036733407,218.0,True,7,1079,0
6254,1,0,3,43,0,0.0,0.0,642.0,0.0,8.0,True,6,1378,1
6255,1,0,3,54,0,752.0,0.0,44.0,14.0,0.0,False,7,1070,1
6256,1,1,1,15,0,0.0,0.0,0.0,0.0,306.7894819713431,True,7,1070,1
6257,1,1,3,38,0,222.89785157787045,0.0,0.0,0.0,0.0,True,2,218,1
6258,1,0,1,44,0,1175.0,0.0,13.0,642.0,498.0,False,7,1071,1
6259,1,1,2,34,0,0.0,0.0,0.0,0.0,0.0,True,7,1072,1
6260,1,0,3,15,0,3.0,854.0,23.0,0.0,0.0,False,6,1379,1
6261,1,1,1,24,0,0.0,0.0,0.0,0.0,0.0,False,7,1073,1
6262,1,0,1,29,0,0.0,0.0,272.0,394.0,50.0,False,6,1381,1
6263,1,0,1,19,0,0.0,1044.0,0.0,2.0,4.0,True,6,1270,0
6264,2,0,1,27,0,0.0,1891.0,0.0,2167.0,0.0,False,3,208,1
6265,2,0,1,26,0,0.0,0.0,0.0,0.0,0.0,True,2,255,0
6266,2,1,3,46,0,0.0,0.0,0.0,0.0,0.0,True,2,219,1
6267,1,1,1,64,0,0.0,0.0,0.0,0.0,0.0,True,6,82,0
6268,2,0,1,17,0,0.0,1339.0,26.0,244.0,15.0,False,3,209,1
6269,2,0,3,45,0,0.0,313.0,1791.0,414.0,1675.0,False,3,209,1
6270,3,0,1,27,0,1228.0,0.0,0.0,0.0,0.0,False,6,1271,0
6271,1,1,1,29,0,0.0,0.0,0.0,0.0,0.0,False,7,1074,1
6272,1,1,2,18,0,0.0,0.0,0.0,0.0,0.0,True,7,1075,1
6273,2,1,1,26,0,0.0,0.0,0.0,0.0,0.0,True,3,247,0
6274,2,1,3,39,0,0.0,0.0,0.0,0.0,0.0,True,3,247,0
6275,1,1,1,59,0,0.0,0.0,0.0,0.0,0.0,True,7,1081,0
6276,1,0,1,20,0,0.0,6.0,24.0,0.0,672.0,False,6,1272,0
6277,1,1,3,17,0,0.0,0.0,0.0,0.0,0.0,True,7,1083,0
6278,1,1,1,47,0,0.0,0.0,0.0,0.0,0.0,True,7,1084,0
6279,1,0,2,29,0,2.0,3.0,1501.0,26.0,0.0,True,6,1273,0
6280,1,0,1,16,0,222.89785157787045,0.0,265.0,0.0,0.0,False,6,1274,0
6281,1,0,1,48,0,12.0,0.0,0.0,0.0,796.0,False,7,1077,1
6282,1,0,2,39,0,0.0,69.0,29.0,424.0,18.0,False,6,82,0
6283,1,1,3,28,0,0.0,0.0,0.0,0.0,0.0,True,7,1086,0
6284,1,1,3,12,0,0.0,0.0,0.0,0.0,0.0,True,7,1086,0
6285,1,1,1,24,0,0.0,0.0,174.90603284902085,0.0,0.0,True,7,1086,0
6286,3,1,1,30,0,0.0,0.0,0.0,0.0,0.0,True,5,422,1
6287,2,1,1,34,0,0.0,0.0,0.0,0.0,306.7894819713431,True,2,221,1
6288,3,0,1,37,0,0.0,0.0,0.0,0.0,0.0,True,6,1383,1
6289,1,0,1,47,0,590.0,0.0,47.0,3.0,53.0,False,6,1384,1
6290,1,0,1,0,0,0.0,0.0,0.0,0.0,0.0,False,7,1087,0
6291,1,0,1,23,0,0.0,0.0,0.0,0.0,0.0,True,7,1087,0
6292,1,1,3,0,0,0.0,0.0,0.0,0.0,0.0,True,7,1087,0
6293,1,0,1,20,0,402.0,25.0,9.0,373.0,0.0,False,7,1079,1
6294,1,0,1,35,0,90.0,0.0,655.0,43.0,16.0,False,6,1385,1
6295,1,0,1,18,0,0.0,0.0,827.0,0.0,0.0,True,7,1088,0
6296,2,1,3,17,0,0.0,0.0,0.0,0.0,0.0,True,2,222,1
6297,2,0,1,18,0,4.0,1337.0,0.0,0.0,182.0,False,2,222,1
6298,2,0,1,53,0,0.0,0.0,0.0,0.0,0.0,True,2,222,1
6299,2,0,3,35,0,0.0,2504.0,0.0,0.0,5496.0,False,2,222,1
6300,2,1,1,48,0,0.0,0.0,0.0,0.0,0.0,True,3,248,0
6301,1,0,1,68,0,0.0,0.0,649.0,0.0,239.0,True,7,1089,0
6302,1,0,1,27,0,17.0,65.0,74.0,1548.0,18.0,False,7,1089,0
6303,1,0,3,28,0,32.0,0.0,304.0,291.0,2.0,True,5,423,1
6304,1,0,1,37,0,864.0,35.0,0.0,0.0,0.0,False,6,1278,0
6305,3,1,1,35,0,0.0,0.0,174.90603284902085,0.0,0.0,True,6,1279,0
6306,3,0,1,31,0,1002.0,0.0,174.90603284902085,0.0,0.0,True,6,1279,0
6307,3,0,3,14,0,1880.0,0.0,15.0,0.0,0.0,False,5,440,0
6308,3,0,1,1,0,0.0,0.0,0.0,0.0,0.0,True,6,1387,1
6309,3,0,3,4,0,0.0,0.0,0.0,0.0,0.0,True,6,1387,1
6310,3,0,2,30,0,77.0,71.0,1147.0,0.0,0.0,False,5,424,1
6311,3,1,1,11,0,0.0,0.0,0.0,0.0,0.0,True,6,1387,1
6312,1,0,1,45,0,1595.0,0.0,0.0,0.0,13.0,False,5,425,1
6313,2,0,1,29,0,0.0,841.0,0.0,1733.0,11.0,False,5,426,1
6314,2,1,1,32,0,222.89785157787045,0.0,0.0,0.0,0.0,True,5,426,1
6315,2,0,3,15,0,0.0,0.0,0.0,0.0,0.0,True,5,426,1
6316,2,1,1,25,0,0.0,0.0,0.0,0.0,0.0,True,5,426,1
6317,2,0,1,25,0,0.0,4.0,0.0,1525.0,475.0,False,5,426,1
6318,1,0,1,60,0,707.0,24.0,0.0,0.0,170.0,False,6,1388,1
6319,1,0,2,24,0,61.0,0.0,0.0,0.0,1495.0,False,5,427,1
6320,2,1,1,35,0,0.0,0.0,0.0,0.0,0.0,True,4,200,0
6321,1,0,1,36,0,222.89785157787045,361.0,512.0,34.0,0.0,True,7,1082,1
6322,1,0,3,22,0,0.0,833.0,381.0,0.0,12.0,True,6,1280,0
6323,1,1,2,32,0,0.0,0.0,0.0,0.0,0.0,True,7,1083,1
6324,2,0,1,57,0,0.0,218.0,0.0,8522.0,0.0,False,3,210,1
6325,2,0,1,30,0,0.0,451.96167494677076,335.0,143.0,764.0,True,3,210,1
6326,2,0,1,46,0,0.0,370.0,0.0,2395.0,1638.0,False,3,210,1
6327,1,0,1,28,0,62.0,202.0,542.0,0.0,306.7894819713431,True,6,1390,1
6328,2,1,3,26,0,0.0,0.0,0.0,0.0,0.0,True,2,256,0
6329,1,0,1,55,0,0.0,0.0,719.0,274.0,0.0,False,5,428,1
6330,1,1,1,66,0,0.0,0.0,174.90603284902085,0.0,0.0,True,7,1084,1
6331,1,0,1,20,0,0.0,1.0,34.0,0.0,774.0,False,7,1085,1
6332,1,0,2,31,0,239.0,321.0,0.0,0.0,124.0,False,6,1393,1
6333,3,0,1,13,0,0.0,0.0,0.0,0.0,0.0,False,5,429,1
6334,1,1,1,50,0,0.0,0.0,0.0,0.0,0.0,True,7,1087,1
6335,2,1,1,21,0,0.0,0.0,0.0,0.0,0.0,True,2,224,1
6336,2,1,1,25,0,0.0,0.0,0.0,0.0,0.0,True,2,224,1
6337,1,1,1,46,0,0.0,0.0,0.0,0.0,0.0,True,7,1091,0
6338,2,0,1,0,0,0.0,0.0,0.0,0.0,0.0,True,1,67,1
6339,2,0,1,2,0,0.0,0.0,0.0,0.0,306.7894819713431,True,1,67,1
6340,2,0,1,36,0,994.0,526.0,0.0,7.0,1279.0,False,1,67,1
6341,2,1,3,19,0,0.0,0.0,0.0,0.0,0.0,True,1,67,1
6342,2,1,3,35,0,0.0,0.0,0.0,0.0,0.0,True,1,67,1
6343,2,1,3,41,1,0.0,0.0,0.0,0.0,306.7894819713431,True,1,67,1
6344,1,1,1,22,0,0.0,0.0,0.0,0.0,306.7894819713431,True,7,1092,0
6345,3,0,1,25,1,222.89785157787045,280.0,714.0,0.0,0.0,False,4,210,1
6346,1,0,3,24,0,700.0,0.0,0.0,0.0,0.0,False,6,1395,1
6347,1,0,1,37,0,18.0,238.0,0.0,528.0,0.0,False,7,1088,1
6348,1,1,1,5,0,0.0,0.0,0.0,0.0,0.0,False,7,1088,1
6349,1,1,1,28,0,0.0,0.0,0.0,0.0,0.0,True,7,1088,1
6350,3,1,1,41,0,0.0,0.0,0.0,0.0,0.0,True,6,1396,1
6351,2,0,1,44,0,0.0,0.0,0.0,0.0,0.0,True,1,81,0
6352,1,0,1,23,0,0.0,0.0,0.0,0.0,0.0,True,7,1095,0
6353,2,1,3,28,0,0.0,0.0,0.0,0.0,0.0,True,5,445,0
6354,2,0,3,27,0,0.0,33.0,9.0,1847.0,2035.0,False,5,445,0
6355,2,1,3,40,0,0.0,0.0,0.0,0.0,0.0,True,5,445,0
6356,2,1,3,27,0,0.0,0.0,0.0,0.0,0.0,True,3,213,1
6357,2,1,3,17,0,0.0,0.0,0.0,0.0,0.0,True,3,213,1
6358,2,0,1,32,0,0.0,390.0,60.0,5015.0,211.0,False,3,214,1
6359,1,0,1,29,0,68.0,74.0,713.0,37.0,15.0,True,7,1089,1
6360,1,0,1,29,0,0.0,316.0,0.0,308.4769036733407,338.0,True,7,1090,1
6361,2,0,1,41,0,0.0,371.0,0.0,1701.0,21.0,False,1,82,0
6362,2,1,3,48,0,0.0,0.0,0.0,0.0,0.0,True,1,82,0
6363,2,0,1,27,0,2664.0,15.0,0.0,109.0,2.0,False,1,82,0
6364,1,0,1,14,0,0.0,6.0,791.0,49.0,0.0,True,7,1096,0
6365,1,0,1,32,0,3135.0,2.0,0.0,0.0,0.0,False,6,1397,1
6366,2,0,3,47,0,0.0,2699.0,0.0,671.0,8.0,True,3,249,0
6367,2,1,3,14,0,0.0,0.0,0.0,0.0,0.0,True,3,249,0
6368,2,1,3,37,1,0.0,0.0,0.0,0.0,0.0,True,3,249,0
6369,2,1,3,33,0,0.0,0.0,0.0,0.0,0.0,True,3,249,0
6370,3,0,1,33,0,1373.0,0.0,23.0,920.0,6.0,True,4,203,0
6371,1,0,1,44,0,0.0,714.0,174.0,0.0,0.0,True,7,1097,0
6372,1,0,1,37,0,0.0,1190.0,4.0,455.0,71.0,True,7,1098,0
6373,1,0,2,18,0,103.0,0.0,181.0,1611.0,22.0,False,6,1286,0
6374,1,0,1,33,0,1288.0,2.0,0.0,0.0,1.0,True,6,1287,0
6375,3,0,1,21,0,1244.0,0.0,1119.0,0.0,3.0,False,6,1399,1
6376,3,0,1,38,0,1717.0,16.0,39.0,0.0,48.0,False,6,1399,1
6377,3,0,3,16,0,1337.0,0.0,2614.0,0.0,0.0,False,4,212,1
6378,3,1,1,58,0,0.0,451.96167494677076,0.0,0.0,0.0,False,5,431,1
6379,3,0,1,41,0,1203.0,756.0,140.0,0.0,0.0,False,5,431,1
6380,1,0,2,28,0,545.0,0.0,501.0,0.0,0.0,False,6,1400,1
6381,1,1,1,28,0,0.0,0.0,0.0,0.0,0.0,True,7,1092,1
6382,2,1,1,31,0,222.89785157787045,0.0,0.0,0.0,0.0,True,3,215,1
6383,3,1,1,27,0,0.0,0.0,0.0,308.4769036733407,0.0,True,6,1289,0
6384,3,0,1,7,0,0.0,0.0,0.0,0.0,306.7894819713431,True,6,1289,0
6385,3,0,1,25,0,1610.0,29.0,6.0,0.0,0.0,False,6,1289,0
6386,3,0,1,34,0,470.0,0.0,174.90603284902085,45.0,539.0,False,4,205,0
6387,1,0,1,21,0,0.0,13.0,813.0,0.0,0.0,True,7,1093,1
6388,1,0,1,29,0,0.0,95.0,424.0,1.0,364.0,False,7,1094,1
6389,3,1,1,23,0,0.0,0.0,0.0,0.0,0.0,True,6,1290,0
6390,3,1,1,31,0,0.0,0.0,0.0,0.0,0.0,False,5,446,0
6391,2,1,1,50,0,0.0,0.0,0.0,0.0,0.0,True,2,226,1
6392,2,0,1,25,0,0.0,0.0,0.0,0.0,0.0,False,2,226,1
6393,2,0,1,25,1,0.0,4209.0,0.0,2.0,896.0,True,3,250,0
6394,1,0,1,23,0,0.0,0.0,12.0,726.0,19.0,False,6,1402,1
6395,1,0,2,46,0,0.0,0.0,743.0,4.0,6.0,True,7,1095,1
6396,1,0,1,0,0,0.0,0.0,0.0,0.0,0.0,True,7,1095,1
6397,3,0,1,53,0,1964.0,0.0,635.0,0.0,0.0,False,6,1292,0
6398,1,0,3,25,0,76.0,600.0,0.0,0.0,25.0,False,6,1403,1
6399,3,0,2,30,0,51.0,0.0,1373.0,0.0,5.0,True,6,1404,1
6400,3,1,1,18,0,0.0,0.0,0.0,0.0,0.0,True,6,1405,1
6401,3,0,1,20,0,0.0,0.0,0.0,0.0,0.0,False,5,432,1
6402,1,0,3,54,0,0.0,704.0,0.0,0.0,0.0,False,6,1293,0
6403,1,0,1,20,0,0.0,97.0,725.0,26.0,104.0,True,7,1097,1
6404,3,0,1,32,0,2937.0,60.0,696.0,0.0,0.0,False,6,1294,0
6405,3,0,1,31,0,76.0,0.0,2398.0,102.0,23.0,True,6,1294,0
6406,3,1,1,55,0,0.0,0.0,0.0,0.0,0.0,True,6,1295,0
6407,1,0,2,16,0,399.0,0.0,3.0,0.0,137.0,False,7,1098,1
6408,1,1,1,0,0,0.0,0.0,0.0,0.0,0.0,True,7,1098,1
6409,1,1,1,3,0,0.0,0.0,0.0,0.0,0.0,True,7,1098,1
6410,1,0,1,33,0,47.0,0.0,0.0,308.4769036733407,3047.0,False,6,1407,1
6411,1,1,1,45,0,0.0,0.0,174.90603284902085,0.0,0.0,True,7,1100,1
6412,1,1,1,6,0,0.0,0.0,0.0,0.0,0.0,False,7,1100,1
6413,1,0,1,33,0,0.0,0.0,704.0,0.0,0.0,False,6,1408,1
6414,1,1,3,14,0,0.0,0.0,0.0,0.0,0.0,True,7,1101,0
6415,1,0,3,24,0,1.0,0.0,0.0,691.0,0.0,False,6,1409,1
6416,1,0,1,47,0,0.0,758.0,0.0,0.0,1417.0,False,6,1299,0
6417,2,0,1,37,0,0.0,7920.0,270.0,1.0,322.0,True,2,258,0
6418,2,1,3,14,0,222.89785157787045,0.0,0.0,0.0,0.0,True,2,258,0
6419,2,1,1,44,0,0.0,0.0,0.0,0.0,0.0,True,2,258,0
6420,2,0,1,11,0,0.0,0.0,0.0,0.0,0.0,True,2,258,0
6421,2,1,3,15,0,0.0,0.0,0.0,0.0,0.0,True,3,251,0
6422,2,0,1,39,0,2167.0,30.0,1472.0,308.4769036733407,0.0,True,3,251,0
6423,1,0,2,15,0,222.89785157787045,0.0,533.0,72.0,0.0,False,6,1300,0
6424,1,0,3,60,0,0.0,0.0,0.0,8.0,698.0,False,7,1102,0
6425,1,0,1,49,0,0.0,366.0,0.0,0.0,401.0,True,7,1102,0
6426,1,0,2,23,0,8.0,173.0,0.0,1052.0,0.0,False,6,1410,1
6427,1,0,1,9,0,0.0,0.0,0.0,0.0,0.0,True,6,1411,1
6428,1,0,1,0,0,0.0,0.0,0.0,0.0,0.0,False,6,1411,1
6429,1,0,1,17,0,108.0,4.0,1898.0,13.0,0.0,False,6,1411,1
6430,1,1,2,42,0,0.0,0.0,0.0,0.0,0.0,True,6,1411,1
6431,1,1,1,16,0,0.0,0.0,174.90603284902085,0.0,306.7894819713431,True,6,1411,1
6432,1,0,3,0,0,0.0,0.0,0.0,0.0,0.0,True,6,1411,1
6433,1,0,1,26,0,113.0,38.0,0.0,0.0,630.0,False,6,1411,1
6434,1,0,1,56,0,2.0,736.0,0.0,71.0,0.0,False,7,1103,1
6435,3,0,3,26,0,866.0,0.0,0.0,0.0,0.0,True,4,213,1
6436,3,0,1,41,0,145.0,0.0,2383.0,30.0,40.0,True,6,1412,1
6437,3,0,1,27,0,20.0,0.0,1000.0,36.0,0.0,True,4,206,0
6438,1,0,1,31,0,470.0,0.0,0.0,182.0,52.0,False,7,1104,1
6439,1,0,1,40,0,3.0,0.0,61.0,0.0,742.0,True,6,1414,1
6440,2,1,3,40,0,0.0,0.0,0.0,0.0,0.0,True,3,252,0
6441,1,1,1,15,0,0.0,0.0,0.0,0.0,0.0,True,7,1105,1
6442,2,0,1,50,1,0.0,7293.0,136.0,97.0,440.0,True,2,259,0
6443,2,0,3,42,0,1751.0,516.0,0.0,12.0,672.0,False,1,68,1
6444,2,0,1,50,0,52.0,996.0,0.0,700.0,1.0,False,5,449,0
6445,1,0,1,39,0,14.0,583.0,310.0,0.0,0.0,True,7,1104,0
6446,1,0,1,27,0,0.0,451.96167494677076,192.0,38.0,599.0,False,6,1416,1
6447,3,1,1,20,0,0.0,0.0,0.0,0.0,0.0,True,5,450,0
6448,3,0,1,30,0,768.0,11.0,2010.0,0.0,0.0,True,5,450,0
6449,3,1,1,16,0,222.89785157787045,0.0,0.0,0.0,0.0,True,6,82,0
6450,1,1,1,36,0,0.0,0.0,0.0,0.0,0.0,True,5,450,0
6451,3,1,3,68,0,0.0,0.0,0.0,0.0,0.0,True,5,450,0
6452,1,0,3,22,0,38.0,19.0,348.0,217.0,115.0,False,6,1417,1
6453,3,0,3,36,0,1339.0,6.0,7810.0,0.0,0.0,True,5,451,0
6454,1,1,3,3,0,0.0,0.0,0.0,0.0,0.0,False,7,1108,1
6455,1,0,1,28,0,944.0,0.0,0.0,0.0,75.0,False,7,1108,1
6456,1,1,2,32,0,0.0,0.0,0.0,0.0,0.0,True,7,1108,1
6457,1,0,1,10,0,0.0,0.0,0.0,0.0,0.0,True,7,1108,1
6458,1,1,3,0,0,0.0,0.0,0.0,0.0,0.0,False,7,1108,1
6459,1,1,1,9,0,0.0,0.0,0.0,0.0,0.0,True,7,1108,1
6460,1,0,1,37,0,21.0,54.0,5.0,178.0,431.0,False,6,1304,0
6461,1,0,1,31,0,32.0,2667.0,0.0,0.0,9.0,True,6,1418,1
6462,1,0,1,31,0,222.89785157787045,0.0,0.0,1490.0,0.0,False,6,1419,1
6463,1,0,1,43,0,142.0,1208.0,0.0,0.0,204.0,False,6,1420,1
6464,1,0,1,15,0,0.0,532.0,29.0,0.0,163.0,False,6,1305,0
6465,1,0,1,58,0,222.89785157787045,0.0,0.0,444.0,0.0,True,7,1108,0
6466,3,1,1,30,0,0.0,0.0,0.0,0.0,0.0,True,6,1306,0
6467,3,0,1,24,0,3481.0,0.0,1236.0,2.0,256.0,False,6,1306,0
6468,1,0,1,49,0,0.0,69.0,92.0,1600.0,15.0,False,7,1109,0
6469,2,0,3,73,0,181.0,1.0,840.0,2618.0,1949.0,False,1,84,0
6470,2,1,1,14,0,0.0,0.0,0.0,0.0,0.0,True,1,84,0
6471,2,1,1,50,0,0.0,0.0,0.0,0.0,0.0,True,1,84,0
6472,2,0,1,12,0,0.0,0.0,0.0,0.0,0.0,True,1,84,0
6473,1,1,1,2,0,0.0,0.0,0.0,0.0,0.0,True,7,1109,1
6474,1,0,1,49,0,355.0,449.0,8.0,0.0,0.0,False,7,1109,1
6475,1,1,1,32,0,0.0,0.0,0.0,0.0,0.0,False,7,1109,1
6476,1,1,1,28,0,0.0,0.0,0.0,0.0,0.0,False,7,1111,1
6477,3,1,1,33,0,0.0,0.0,0.0,0.0,0.0,True,6,1421,1
6478,1,0,1,23,0,7.0,0.0,0.0,716.0,800.0,True,5,452,0
6479,1,1,1,23,0,0.0,0.0,0.0,0.0,306.7894819713431,True,7,1111,0
6480,3,1,1,43,0,0.0,0.0,0.0,0.0,0.0,True,5,435,1
6481,1,0,1,36,0,1912.0,0.0,0.0,2.0,0.0,False,6,1307,0
6482,3,1,1,26,0,0.0,0.0,0.0,0.0,0.0,True,6,1422,1
6483,3,1,3,29,0,222.89785157787045,0.0,0.0,0.0,0.0,True,5,454,0
6484,2,1,1,21,0,0.0,451.96167494677076,0.0,0.0,0.0,True,2,260,0
6485,2,1,3,30,0,0.0,0.0,0.0,0.0,0.0,True,2,260,0
6486,3,0,3,23,0,71.0,0.0,1376.0,0.0,890.0,False,5,455,0
6487,2,1,1,13,0,0.0,0.0,0.0,0.0,0.0,True,4,214,1
6488,1,0,1,22,0,735.0,138.0,174.90603284902085,0.0,0.0,False,6,1424,1
6489,1,1,2,25,0,0.0,0.0,0.0,0.0,0.0,False,7,1113,1
6490,1,0,1,52,0,2.0,46.0,800.0,0.0,773.0,False,5,436,1
6491,1,0,1,22,0,0.0,752.0,18.0,0.0,18.0,True,5,456,0
6492,2,0,3,31,0,0.0,1604.0,4058.0,4094.0,124.0,False,3,218,1
6493,3,0,1,23,0,3211.0,4.0,243.0,0.0,0.0,False,5,437,1
6494,1,0,2,35,0,22.0,0.0,1179.0,0.0,33.0,False,6,1310,0
6495,2,1,1,26,0,0.0,0.0,0.0,0.0,0.0,True,2,229,1
6496,2,1,1,14,0,0.0,0.0,0.0,0.0,0.0,True,2,229,1
6497,2,0,3,39,0,0.0,60.0,0.0,310.0,4674.0,False,2,229,1
6498,2,0,1,8,0,0.0,0.0,0.0,0.0,0.0,True,2,229,1
6499,1,1,2,29,0,0.0,0.0,0.0,0.0,0.0,True,7,1113,0
6500,1,1,2,15,0,0.0,0.0,0.0,0.0,0.0,True,7,1114,0
6501,1,1,1,48,0,0.0,0.0,0.0,0.0,0.0,True,7,1115,0
6502,1,0,1,9,0,0.0,0.0,0.0,0.0,0.0,False,7,1115,0
6503,1,0,1,25,0,0.0,10.0,909.0,0.0,17.0,False,6,1311,0
6504,2,1,1,13,0,0.0,0.0,0.0,0.0,0.0,True,1,71,1
6505,2,1,3,25,0,0.0,0.0,0.0,0.0,0.0,True,1,71,1
6506,2,0,1,27,0,69.0,2878.0,0.0,4232.0,3798.0,False,4,208,0
6507,2,1,1,32,0,0.0,0.0,0.0,0.0,0.0,True,4,208,0
6508,2,0,3,20,0,0.0,17958.0,99.0,14.0,57.0,True,3,253,0
6509,2,0,3,40,0,6103.0,7570.0,860.0,13117.0,192.0,False,3,253,0
6510,1,0,1,18,0,0.0,18.0,73.0,2134.0,25.0,False,6,1427,1
6511,1,0,1,21,0,0.0,0.0,901.0,3.0,0.0,False,6,1428,1
6512,1,0,1,38,0,190.0,1.0,616.0,0.0,306.7894819713431,True,7,1116,0
6513,2,0,3,62,0,362.0,1049.0,46.0,104.0,829.0,True,1,72,1
6514,1,1,1,23,0,0.0,0.0,0.0,0.0,0.0,True,7,1119,0
6515,3,0,1,48,1,2191.0,0.0,172.0,1.0,0.0,False,6,1315,0
6516,3,1,1,27,0,0.0,0.0,0.0,0.0,0.0,False,5,457,0
6517,3,1,3,32,0,0.0,0.0,0.0,0.0,0.0,True,6,1430,1
6518,3,0,1,53,0,0.0,0.0,0.0,0.0,0.0,False,5,438,1
6519,1,0,1,26,0,0.0,0.0,1.0,0.0,398.0,True,7,1120,0
6520,3,1,1,46,0,222.89785157787045,0.0,0.0,0.0,0.0,True,6,1316,0
6521,1,0,1,32,0,0.0,326.0,31.0,5.0,545.0,False,7,1122,0
6522,1,0,1,40,0,862.0,0.0,0.0,0.0,59.0,False,6,1317,0
6523,3,0,1,27,0,725.0,0.0,1660.0,0.0,0.0,True,4,215,1
6524,1,0,1,28,0,0.0,669.0,0.0,1.0,2.0,True,6,1318,0
6525,2,1,1,29,0,0.0,0.0,0.0,0.0,0.0,True,2,261,0
6526,3,1,1,37,0,0.0,0.0,0.0,0.0,0.0,True,6,1319,0
6527,3,0,1,0,0,0.0,0.0,0.0,0.0,0.0,True,6,1319,0
6528,3,0,1,12,0,0.0,0.0,0.0,0.0,0.0,True,6,1319,0
6529,2,0,1,25,0,0.0,4612.0,0.0,2585.0,1919.0,False,3,220,1
6530,3,0,1,28,0,473.0,0.0,575.0,0.0,0.0,False,5,459,0
6531,3,0,1,3,0,0.0,0.0,0.0,0.0,0.0,True,6,1320,0
6532,3,0,1,9,0,0.0,0.0,0.0,0.0,0.0,True,6,1320,0
6533,2,0,3,27,0,146.0,3786.0,490.0,0.0,18.0,True,6,82,0
6534,2,0,1,59,0,0.0,0.0,0.0,0.0,0.0,True,1,73,1
6535,2,0,1,24,0,0.0,0.0,0.0,0.0,0.0,False,1,73,1
6536,1,1,1,16,0,0.0,0.0,0.0,0.0,0.0,True,7,1123,0
6537,3,0,1,16,0,501.0,974.0,1164.0,0.0,0.0,False,6,1321,0
6538,2,1,1,46,0,0.0,0.0,0.0,0.0,0.0,True,4,217,1
6539,1,0,2,25,0,0.0,1428.0,0.0,1483.0,0.0,False,6,1431,1
6540,1,0,1,39,0,130.0,741.0,0.0,0.0,0.0,False,6,1322,0
6541,1,0,1,15,0,0.0,0.0,0.0,938.0,44.0,False,5,460,0
6542,1,0,3,16,0,43.0,3.0,750.0,0.0,0.0,True,6,1322,0
6543,3,0,1,35,0,1719.0,4389.0,1015.0,0.0,14.0,True,6,1432,1
6544,3,0,3,43,0,528.0,13.0,1583.0,11.0,0.0,False,5,440,1
6545,3,1,1,7,0,0.0,0.0,0.0,0.0,0.0,True,6,1432,1
6546,1,1,1,29,0,0.0,0.0,0.0,0.0,0.0,True,7,1117,1
6547,2,0,1,60,0,0.0,960.0,46.0,854.0,17074.0,False,3,254,0
6548,1,0,1,49,0,173.0,0.0,18.0,580.0,1.0,False,7,1124,0
6549,3,0,1,50,0,118.0,0.0,1041.0,0.0,0.0,True,6,1323,0
6550,2,0,1,40,0,0.0,120.0,0.0,2814.0,318.0,False,3,221,1
6551,3,1,1,49,0,0.0,0.0,0.0,0.0,0.0,True,6,1324,0
6552,3,0,1,18,0,1988.0,0.0,95.0,0.0,0.0,False,5,461,0
6553,3,1,1,29,0,0.0,0.0,0.0,0.0,0.0,True,6,1325,0
6554,3,0,1,56,1,995.0,0.0,177.0,0.0,739.0,False,6,1433,1
6555,1,1,2,29,0,0.0,0.0,0.0,0.0,0.0,True,7,1126,0
6556,1,0,1,29,0,0.0,10.0,0.0,5.0,975.0,False,5,462,0
6557,2,0,1,22,0,0.0,1914.0,2090.0,100.0,0.0,True,3,255,0
6558,2,1,3,24,0,0.0,0.0,0.0,308.4769036733407,0.0,True,3,255,0
6559,2,0,1,23,0,69.0,6101.0,0.0,0.0,214.0,True,3,255,0
6560,2,0,1,28,1,0.0,14076.0,0.0,928.0,372.0,True,3,255,0
6561,2,1,3,19,0,0.0,0.0,0.0,0.0,0.0,True,3,255,0
6562,2,0,1,32,0,0.0,89.0,0.0,8330.0,1.0,False,3,255,0
6563,1,0,1,37,0,0.0,0.0,0.0,0.0,0.0,True,7,1127,0
6564,1,0,1,26,0,0.0,0.0,677.0,1.0,108.0,False,7,1120,1
6565,1,0,1,43,0,1944.0,17.0,657.0,0.0,0.0,True,6,1435,1
6566,1,0,1,25,0,439.0,0.0,0.0,557.0,0.0,False,5,463,0
6567,1,0,1,11,0,0.0,0.0,0.0,0.0,0.0,False,7,1128,0
6568,1,0,1,4,0,0.0,0.0,0.0,0.0,0.0,True,7,1122,1
6569,1,1,1,32,0,0.0,0.0,0.0,0.0,0.0,True,7,1122,1
6570,1,0,1,15,0,9.0,776.0,4.0,0.0,2.0,True,5,441,1
6571,1,1,1,17,0,0.0,0.0,0.0,0.0,0.0,True,7,1129,0
6572,2,1,3,37,0,0.0,0.0,0.0,0.0,0.0,True,3,222,1
6573,1,0,1,20,0,559.0,0.0,83.0,112.0,0.0,True,7,1130,0
6574,3,0,1,47,0,160.0,0.0,1232.0,36.0,0.0,True,6,1436,1
6575,3,0,3,16,0,1228.0,0.0,450.0,446.0,306.7894819713431,False,5,443,1
6576,1,1,1,8,0,0.0,0.0,0.0,0.0,0.0,True,7,1131,0
6577,1,0,1,22,0,245.0,0.0,0.0,661.0,1.0,False,7,1124,1
6578,3,0,1,39,0,9.0,0.0,687.0,0.0,0.0,True,6,1326,0
6579,2,1,3,57,0,0.0,0.0,0.0,0.0,0.0,True,2,262,0
6580,2,1,1,29,0,0.0,0.0,0.0,0.0,0.0,True,3,223,1
6581,2,1,3,28,0,0.0,0.0,0.0,0.0,0.0,True,2,263,0
6582,1,0,1,70,0,28.0,0.0,0.0,672.0,104.0,False,6,1439,1
6583,2,1,1,13,0,0.0,0.0,0.0,0.0,0.0,True,2,264,0
6584,2,0,1,49,0,0.0,1757.0,0.0,797.0,567.0,True,2,264,0
6585,1,0,3,25,0,0.0,12.0,851.0,19.0,103.0,False,5,464,0
6586,2,1,3,19,0,0.0,0.0,0.0,0.0,0.0,True,2,265,0
6587,2,1,3,15,0,0.0,0.0,0.0,0.0,0.0,True,2,265,0
6588,2,0,1,37,0,26.0,2898.0,9.0,0.0,40.0,True,4,219,1
6589,2,1,1,28,0,0.0,0.0,0.0,0.0,0.0,True,4,219,1
6590,3,0,1,28,0,1998.0,0.0,13.0,87.0,0.0,False,5,445,1
6591,1,0,1,22,0,969.0,47.0,23.0,134.0,0.0,False,5,445,1
6592,2,0,1,26,0,135.0,2080.0,7.0,34.0,84.0,True,2,266,0
6593,1,0,2,25,0,60.0,0.0,0.0,0.0,777.0,False,7,1135,0
6594,1,0,1,19,0,0.0,0.0,0.0,804.0,5.0,False,7,1136,0
6595,3,0,1,20,0,3839.0,57.0,1967.0,4.0,2.0,False,6,1328,0
6596,1,0,3,35,0,0.0,71.0,631.0,0.0,0.0,False,6,1444,1
6597,1,0,1,37,0,951.0,0.0,0.0,80.0,0.0,False,6,1446,1
6598,2,0,3,37,0,0.0,9965.0,0.0,5697.0,676.0,False,3,256,0
6599,1,0,1,13,0,0.0,114.0,682.0,0.0,7.0,False,6,1447,1
6600,1,0,2,20,0,0.0,451.96167494677076,0.0,0.0,1318.0,False,6,1447,1
6601,3,0,1,65,0,3358.0,1.0,12.0,0.0,0.0,False,6,82,0
6602,3,0,1,29,0,456.0,230.0,363.0,0.0,0.0,False,5,465,0
6603,2,0,1,0,0,0.0,0.0,0.0,0.0,306.7894819713431,True,3,225,1
6604,2,0,1,4,0,0.0,0.0,0.0,0.0,0.0,True,3,225,1
6605,2,1,1,19,0,0.0,0.0,0.0,0.0,0.0,True,3,225,1
6606,2,1,3,17,0,0.0,0.0,0.0,0.0,0.0,True,3,225,1
6607,2,0,3,28,0,0.0,4173.0,0.0,33.0,420.0,True,3,225,1
6608,2,0,3,28,0,0.0,160.0,0.0,1538.0,1426.0,False,3,225,1
6609,1,0,1,21,0,0.0,0.0,0.0,43.0,667.0,False,7,1126,1
6610,1,0,2,45,0,1.0,15.0,44.0,0.0,1541.0,False,5,466,0
6611,1,0,1,21,0,27.0,451.96167494677076,782.0,0.0,0.0,True,7,1127,1
6612,1,1,2,20,0,0.0,0.0,0.0,0.0,0.0,True,7,1137,0
6613,1,0,1,38,0,0.0,806.0,3.0,0.0,0.0,True,7,1137,0
6614,1,0,3,24,0,0.0,893.0,0.0,4.0,8.0,True,5,446,1
6615,1,0,1,22,0,712.0,6.0,70.0,0.0,0.0,False,5,447,1
6616,1,0,1,44,0,3.0,0.0,33.0,769.0,0.0,True,6,1331,0
6617,1,0,2,41,0,0.0,0.0,0.0,0.0,628.0,False,6,1332,0
6618,1,1,1,21,0,0.0,0.0,0.0,0.0,0.0,True,7,1128,1
6619,3,0,1,26,0,1967.0,0.0,116.0,308.4769036733407,0.0,False,6,1450,1
6620,3,1,1,54,0,0.0,0.0,0.0,0.0,0.0,True,6,1450,1
6621,3,0,1,19,0,1962.0,0.0,1.0,641.0,0.0,False,6,1450,1
6622,1,0,1,32,0,0.0,243.0,0.0,0.0,776.0,False,7,1138,0
6623,1,1,1,28,0,0.0,0.0,0.0,0.0,0.0,True,7,1139,0
6624,2,0,1,26,0,554.0,1307.0,32.0,93.0,1553.0,False,3,226,1
6625,2,0,1,28,0,0.0,4340.0,0.0,186.0,0.0,True,3,226,1
6626,1,0,2,21,0,1.0,22.0,0.0,649.0,2.0,False,6,82,0
6627,2,0,3,38,0,0.0,692.0,0.0,3587.0,0.0,False,2,233,1
6628,2,1,1,43,0,0.0,0.0,0.0,0.0,306.7894819713431,True,2,233,1
6629,1,0,1,12,0,0.0,0.0,0.0,0.0,0.0,False,7,1131,1
6630,1,1,1,25,0,0.0,0.0,0.0,0.0,0.0,False,7,1131,1
6631,1,1,1,27,0,0.0,0.0,0.0,0.0,0.0,True,7,1131,1
6632,2,1,1,22,0,0.0,0.0,0.0,0.0,0.0,True,2,267,0
6633,2,0,1,20,0,0.0,275.0,1690.0,580.0,5499.0,False,2,267,0
6634,1,0,3,24,0,0.0,58.0,618.0,0.0,41.0,False,6,1334,0
6635,1,0,3,34,0,0.0,442.0,175.0,79.0,3.0,False,6,1452,1
6636,3,0,1,42,0,1058.0,0.0,0.0,0.0,0.0,False,4,220,1
6637,3,0,1,24,0,2261.0,0.0,95.0,10.0,0.0,False,6,1453,1
6638,1,0,1,28,0,0.0,0.0,285.0,136.0,337.0,False,6,1454,1
6639,3,0,1,29,0,907.0,0.0,0.0,142.0,0.0,False,5,449,1
6640,2,1,1,31,0,0.0,0.0,0.0,0.0,0.0,True,4,213,0
6641,1,0,1,29,0,888.0,0.0,1.0,0.0,0.0,False,7,1141,0
6642,1,0,3,14,0,222.89785157787045,1.0,400.0,297.0,0.0,False,6,1337,0
6643,1,0,3,16,0,0.0,17.0,1211.0,0.0,25.0,True,6,1338,0
6644,1,1,2,16,0,0.0,0.0,0.0,0.0,0.0,True,7,1142,0
6645,2,0,1,27,0,0.0,2897.0,659.0,485.0,11.0,True,5,450,1
6646,2,0,1,28,0,0.0,996.0,0.0,726.0,813.0,False,5,450,1
6647,1,0,1,23,0,779.0,7.0,9.0,9.0,0.0,False,6,1339,0
6648,1,0,1,16,0,418.0,195.0,100.0,88.0,90.0,False,7,1143,0
6649,1,0,1,30,0,0.0,6.0,0.0,0.0,1435.0,True,6,1340,0
6650,1,0,1,24,0,468.0,0.0,163.0,0.0,0.0,False,6,1455,1
6651,1,1,1,36,0,0.0,0.0,0.0,0.0,0.0,True,7,1144,0
6652,2,0,3,25,0,0.0,3512.0,20.0,24.0,1459.0,True,3,257,0
6653,2,1,1,29,0,0.0,0.0,0.0,0.0,0.0,True,3,227,1
6654,1,1,2,21,0,0.0,0.0,0.0,0.0,0.0,False,7,1132,1
6655,1,1,1,26,0,0.0,0.0,0.0,0.0,0.0,True,7,1133,1
6656,3,0,1,30,0,0.0,0.0,0.0,0.0,0.0,False,5,467,0
6657,1,0,1,31,0,0.0,0.0,717.0,0.0,0.0,False,6,1457,1
6658,1,0,1,20,0,0.0,750.0,957.0,0.0,722.0,False,6,1457,1
6659,1,1,1,28,0,0.0,0.0,0.0,0.0,0.0,True,7,1145,0
6660,1,1,3,33,0,0.0,0.0,0.0,0.0,0.0,True,7,1146,0
6661,2,0,1,35,0,0.0,5552.0,6.0,8.0,226.0,True,4,215,0
6662,2,0,1,46,0,0.0,664.0,0.0,2.0,2177.0,False,4,215,0
6663,1,1,1,63,0,0.0,0.0,0.0,0.0,0.0,True,7,1147,0
6664,2,0,3,37,0,0.0,1678.0,0.0,36.0,3128.0,False,1,86,0
6665,1,0,1,23,0,26.0,266.0,404.0,0.0,0.0,True,5,451,1
6666,1,0,3,5,0,0.0,0.0,0.0,0.0,0.0,True,7,1148,0
6667,1,1,1,16,0,0.0,451.96167494677076,0.0,0.0,0.0,True,7,1148,0
6668,1,0,1,20,0,0.0,0.0,2330.0,120.0,0.0,True,6,1458,1
6669,1,1,2,49,0,0.0,0.0,0.0,0.0,0.0,False,6,1458,1
6670,1,0,1,3,0,0.0,0.0,0.0,0.0,0.0,True,7,1135,1
6671,1,0,1,41,0,0.0,176.0,414.0,133.0,0.0,False,6,1459,1
6672,3,0,1,28,0,1216.0,0.0,30.0,43.0,0.0,False,6,1341,0
6673,1,1,1,14,0,0.0,0.0,0.0,0.0,0.0,True,7,1136,1
6674,3,0,1,26,0,782.0,0.0,0.0,2503.0,1.0,False,4,216,0
6675,1,1,1,51,0,0.0,0.0,0.0,0.0,0.0,False,7,1137,1
6676,1,0,2,36,0,56.0,451.96167494677076,81.0,0.0,468.0,False,6,1461,1
6677,1,1,1,16,0,0.0,0.0,0.0,0.0,0.0,True,7,1150,0
6678,3,1,1,18,0,0.0,0.0,0.0,0.0,0.0,True,6,1343,0
6679,1,1,2,48,0,0.0,0.0,174.90603284902085,0.0,0.0,False,7,1138,1
6680,3,0,1,24,0,235.0,0.0,1642.0,1042.0,229.0,False,4,221,1
6681,3,0,3,19,0,1043.0,0.0,138.0,0.0,0.0,False,4,222,1
6682,1,1,3,21,0,0.0,0.0,0.0,0.0,0.0,True,7,1152,0
6683,1,0,1,24,0,332.0,9.0,356.0,0.0,0.0,False,6,1462,1
6684,1,1,1,21,0,0.0,0.0,0.0,0.0,0.0,True,7,1153,0
6685,1,0,1,13,0,0.0,999.0,0.0,0.0,4.0,True,6,1344,0
6686,3,0,1,39,0,42.0,0.0,352.0,1.0,369.0,False,4,223,1
6687,2,0,3,27,0,0.0,0.0,0.0,0.0,0.0,True,5,469,0
6688,1,0,2,23,0,64.0,4.0,0.0,1125.0,306.7894819713431,False,6,1463,1
6689,2,0,3,43,0,0.0,2093.0,0.0,3409.0,30.0,False,4,217,0
6690,3,0,1,19,0,3332.0,878.0,926.0,781.0,0.0,False,6,1346,0
6691,3,1,3,30,0,0.0,0.0,174.90603284902085,0.0,0.0,True,6,1347,0
6692,1,1,1,52,0,0.0,0.0,0.0,0.0,0.0,True,7,1154,0
6693,1,0,1,35,0,2224.0,451.96167494677076,105.0,1.0,0.0,False,7,1155,0
6694,1,0,1,16,0,4.0,1666.0,0.0,35.0,40.0,True,7,1156,0
6695,1,0,1,21,0,0.0,13.0,0.0,720.0,170.0,False,6,1464,1
6696,1,0,2,45,0,0.0,0.0,0.0,0.0,595.0,False,6,1350,0
6697,1,0,1,22,0,0.0,125.0,0.0,663.0,0.0,False,5,472,0
6698,1,1,3,28,0,0.0,0.0,0.0,0.0,0.0,False,7,1159,0
6699,1,0,1,0,0,0.0,0.0,0.0,0.0,0.0,True,7,1159,0
6700,1,0,2,63,0,526.0,2.0,0.0,0.0,0.0,False,7,1160,0
6701,1,0,2,56,0,1.0,2.0,0.0,102.0,306.7894819713431,False,6,1351,0
6702,1,1,1,40,0,0.0,0.0,0.0,0.0,306.7894819713431,True,7,1161,0
6703,1,1,1,1,0,0.0,0.0,0.0,0.0,0.0,True,7,1162,0
6704,1,0,1,24,0,0.0,451.96167494677076,3.0,797.0,5.0,False,6,1352,0
6705,1,0,1,36,0,21.0,0.0,844.0,0.0,0.0,False,6,1353,0
6706,1,0,1,13,0,244.0,0.0,100.0,423.0,14.0,False,7,1163,0
6707,1,0,3,13,0,0.0,722.0,0.0,37.0,8.0,False,6,1354,0
6708,1,1,3,37,0,0.0,0.0,0.0,0.0,0.0,True,7,1140,1
6709,1,0,1,44,0,143.0,47.0,0.0,717.0,87.0,False,5,473,0
6710,2,1,1,32,0,0.0,0.0,0.0,0.0,0.0,True,3,259,0
6711,2,0,3,57,0,0.0,0.0,0.0,0.0,0.0,True,3,259,0
6712,1,0,3,26,0,0.0,158.0,0.0,0.0,912.0,False,6,1355,0
6713,3,0,1,62,0,453.0,1.0,1911.0,0.0,0.0,False,6,1466,1
6714,3,1,3,2,0,0.0,0.0,0.0,0.0,0.0,True,6,1466,1
6715,3,1,1,1,0,0.0,0.0,0.0,0.0,0.0,True,6,1466,1
6716,1,0,1,24,0,590.0,0.0,1.0,168.0,16.0,False,6,1467,1
6717,1,1,1,1,0,0.0,0.0,0.0,0.0,0.0,True,7,1141,1
6718,1,0,1,63,0,0.0,742.0,0.0,125.0,3.0,False,6,1468,1
6719,2,0,1,20,0,1040.0,2487.0,0.0,174.0,182.0,True,4,218,0
6720,1,0,1,15,0,0.0,610.0,267.0,308.4769036733407,0.0,False,6,1469,1
6721,1,1,1,32,0,0.0,0.0,0.0,0.0,0.0,True,7,1142,1
6722,1,0,1,24,0,61.0,397.0,185.0,1.0,0.0,True,6,1470,1
6723,1,1,1,32,0,0.0,0.0,0.0,0.0,0.0,False,7,1143,1
6724,2,0,1,36,0,10.0,2478.0,2080.0,19.0,328.0,True,5,454,1
6725,1,1,2,13,0,0.0,0.0,0.0,0.0,0.0,True,7,1144,1
6726,2,1,1,29,0,0.0,0.0,0.0,0.0,0.0,True,3,260,0
6727,2,0,1,27,0,0.0,14.0,0.0,0.0,2325.0,False,3,260,0
6728,2,1,1,30,0,0.0,0.0,0.0,0.0,0.0,True,3,260,0
6729,2,0,3,27,0,0.0,44.0,4761.0,5.0,41.0,True,1,75,1
6730,2,0,1,14,0,0.0,3124.0,40.0,219.0,189.0,False,1,75,1
6731,2,0,1,32,1,527.0,1863.0,0.0,417.0,2905.0,False,1,75,1
6732,2,0,3,33,1,0.0,16.0,12.0,2349.0,12.0,False,1,75,1
6733,1,0,1,35,0,3.0,0.0,651.0,0.0,78.0,True,6,1356,0
6734,1,0,3,21,0,301.0,451.96167494677076,19.0,0.0,0.0,False,6,1471,1
6735,1,0,1,57,0,906.0,22.0,0.0,8293.0,391.0,False,3,228,1
6736,2,0,1,42,0,159.0,4387.0,2.0,3.0,485.0,True,3,228,1
6737,1,0,3,20,0,0.0,6.0,552.0,20.0,0.0,True,6,1473,1
6738,3,1,1,18,0,0.0,0.0,0.0,0.0,0.0,True,6,1357,0
6739,2,0,3,49,0,0.0,7683.0,0.0,13016.0,0.0,False,2,268,0
6740,1,0,2,23,0,0.0,3.0,0.0,0.0,546.0,False,6,1358,0
6741,3,0,1,24,0,1058.0,0.0,0.0,280.0,0.0,False,6,1359,0
6742,1,0,1,24,0,0.0,0.0,0.0,0.0,757.0,False,6,1361,0
6743,1,0,3,23,0,9.0,1.0,0.0,492.0,109.0,True,6,1361,0
6744,1,0,1,24,0,0.0,489.0,21.0,0.0,184.0,False,6,1362,0
6745,1,1,2,26,0,0.0,0.0,0.0,0.0,0.0,False,7,1146,1
6746,2,1,3,28,0,0.0,0.0,0.0,0.0,0.0,True,2,236,1
6747,1,0,2,17,0,0.0,1381.0,2.0,0.0,0.0,False,6,1475,1
6748,1,0,1,20,0,415.0,479.0,0.0,1019.0,239.0,False,6,1476,1
6749,1,0,1,22,0,0.0,0.0,0.0,0.0,1201.0,False,6,1363,0
6750,2,1,3,23,0,0.0,0.0,0.0,0.0,0.0,True,2,269,0
6751,2,1,3,22,0,0.0,0.0,0.0,0.0,0.0,True,2,269,0
6752,1,0,1,29,0,3.0,0.0,664.0,683.0,34.0,False,6,1366,0
6753,2,0,1,28,0,0.0,4155.0,0.0,1368.0,42.0,False,2,237,1
6754,2,1,1,31,0,0.0,0.0,174.90603284902085,0.0,0.0,True,2,237,1
6755,2,0,3,37,0,1.0,4462.0,1.0,9206.0,3.0,False,2,238,1
6756,2,0,3,44,0,0.0,4322.0,3.0,153.0,52.0,True,2,238,1
6757,2,0,3,34,0,0.0,2612.0,1.0,131.0,2714.0,False,2,238,1
6758,1,0,3,23,0,602.0,0.0,0.0,0.0,24.0,False,7,1165,0
6759,1,0,1,18,0,457.0,0.0,11.0,335.0,0.0,False,6,1368,0
6760,1,1,2,18,0,0.0,0.0,0.0,0.0,0.0,True,7,1148,1
6761,1,0,1,23,0,222.89785157787045,134.0,482.0,308.4769036733407,27.0,False,6,1479,1
6762,1,0,1,18,0,0.0,10.0,0.0,0.0,738.0,False,6,1371,0
6763,3,0,1,22,0,0.0,0.0,1128.0,0.0,45.0,False,5,474,0
6764,3,0,1,10,0,0.0,0.0,0.0,0.0,0.0,True,5,474,0
6765,3,1,1,28,0,0.0,0.0,0.0,0.0,0.0,False,5,474,0
6766,3,0,1,31,0,907.0,0.0,437.0,2.0,0.0,False,6,1372,0
6767,1,1,1,48,0,0.0,0.0,0.0,0.0,0.0,False,7,1150,1
6768,2,0,3,51,1,0.0,287.0,0.0,1442.0,66.0,True,1,87,0
6769,3,1,2,25,0,0.0,0.0,0.0,0.0,0.0,True,6,1482,1
6770,3,0,1,32,0,288.0,0.0,592.0,670.0,40.0,False,5,459,1
6771,1,0,1,8,0,0.0,0.0,0.0,0.0,0.0,True,7,1167,0
6772,1,1,2,49,0,0.0,0.0,0.0,0.0,0.0,True,7,1167,0
6773,1,0,2,28,0,0.0,0.0,0.0,669.0,16.0,False,6,1375,0
6774,3,0,1,3,0,0.0,0.0,0.0,0.0,0.0,True,5,475,0
6775,3,0,1,28,0,0.0,0.0,0.0,0.0,0.0,True,5,475,0
6776,3,1,1,31,0,0.0,0.0,0.0,0.0,0.0,True,5,475,0
6777,3,0,1,11,0,0.0,0.0,0.0,0.0,0.0,True,5,475,0
6778,3,1,1,27,0,0.0,0.0,0.0,0.0,0.0,True,6,82,0
6779,3,0,1,33,0,1631.0,0.0,754.0,0.0,0.0,False,4,219,0
6780,2,1,2,32,0,0.0,0.0,0.0,0.0,0.0,True,3,263,0
6781,1,1,1,20,0,0.0,0.0,0.0,0.0,0.0,True,7,1152,1
6782,2,0,1,33,0,0.0,3624.0,0.0,1537.0,498.0,False,5,476,0
6783,1,0,1,65,0,43.0,21.0,22.0,50.0,731.0,False,6,1485,1
6784,3,1,1,18,0,0.0,0.0,0.0,0.0,0.0,True,6,1377,0
6785,3,0,1,19,0,862.0,0.0,5.0,2032.0,0.0,False,6,1378,0
6786,2,0,3,33,0,0.0,3676.0,0.0,1743.0,1.0,True,2,270,0
6787,1,0,1,28,0,0.0,11.0,793.0,0.0,84.0,True,7,1168,0
6788,1,1,2,31,0,0.0,0.0,0.0,0.0,0.0,False,7,1154,1
6789,1,1,1,37,0,0.0,0.0,0.0,0.0,0.0,True,7,1155,1
6790,1,1,2,19,0,0.0,0.0,0.0,0.0,0.0,True,7,1156,1
6791,1,0,1,18,0,0.0,0.0,773.0,0.0,4.0,False,6,1486,1
6792,2,1,3,47,0,0.0,0.0,0.0,0.0,0.0,True,3,232,1
6793,2,0,1,26,0,0.0,6050.0,0.0,662.0,920.0,False,3,232,1
6794,2,0,1,25,0,0.0,3590.0,0.0,27.0,0.0,True,3,232,1
6795,1,0,1,38,0,102.0,12.0,14.0,669.0,0.0,False,6,1380,0
6796,1,0,1,53,0,3.0,2251.0,0.0,95.0,12.0,True,5,460,1
6797,1,0,1,38,0,0.0,338.0,0.0,453.0,0.0,False,5,478,0
6798,3,1,1,28,0,0.0,0.0,174.90603284902085,0.0,0.0,True,6,1488,1
6799,1,0,1,46,0,438.0,283.0,944.0,0.0,355.0,False,6,82,0
6800,1,0,1,18,0,3.0,688.0,0.0,0.0,23.0,True,7,1170,0
6801,2,1,1,14,0,0.0,0.0,0.0,0.0,0.0,True,5,461,1
6802,2,0,1,32,0,0.0,1369.0,29.0,662.0,22.0,False,5,461,1
6803,2,0,1,44,0,0.0,0.0,16.0,72.0,4304.0,False,5,461,1
6804,1,1,2,28,0,0.0,0.0,0.0,0.0,0.0,True,7,1158,1
6805,2,0,1,2,0,0.0,0.0,0.0,0.0,0.0,True,3,233,1
6806,2,0,1,28,0,0.0,2896.0,46.0,5248.0,8169.0,False,3,233,1
6807,2,1,1,27,1,0.0,0.0,0.0,0.0,0.0,True,3,233,1
6808,2,1,1,29,0,0.0,0.0,0.0,0.0,0.0,True,3,234,1
6809,1,1,3,14,0,0.0,0.0,0.0,308.4769036733407,0.0,True,7,1171,0
6810,1,0,1,14,0,0.0,0.0,766.0,0.0,0.0,False,6,1490,1
6811,1,1,1,17,0,0.0,0.0,0.0,0.0,0.0,True,7,1172,0
6812,1,0,1,35,0,150.0,0.0,96.0,638.0,0.0,True,6,1381,0
6813,1,0,1,36,0,0.0,129.0,0.0,177.0,444.0,False,6,1382,0
6814,3,0,1,51,0,106.0,1942.0,115.0,308.4769036733407,0.0,False,6,1383,0
6815,1,0,1,54,0,1.0,0.0,109.0,308.4769036733407,1.0,False,7,1174,0
6816,2,0,1,37,0,300.0,3434.0,0.0,1.0,171.0,True,3,264,0
6817,1,0,1,37,0,541.0,38.0,713.0,316.0,0.0,False,5,462,1
6818,1,0,1,24,0,1.0,194.0,0.0,0.0,632.0,True,5,463,1
6819,3,0,1,28,0,1030.0,0.0,158.0,0.0,28.0,False,6,1386,0
6820,1,0,1,38,0,622.0,1319.0,42.0,1.0,444.0,False,6,1387,0
6821,1,1,1,28,0,0.0,0.0,0.0,0.0,0.0,True,7,1160,1
6822,1,0,1,0,0,0.0,0.0,0.0,0.0,0.0,True,7,1161,1
6823,1,0,1,16,0,23.0,479.0,0.0,0.0,373.0,False,6,1492,1
6824,1,0,1,25,0,0.0,0.0,879.0,0.0,0.0,False,6,1493,1
6825,1,0,3,22,0,30.0,0.0,690.0,41.0,0.0,True,6,1389,0
6826,3,1,1,24,0,0.0,0.0,0.0,0.0,0.0,True,6,1494,1
6827,1,0,2,37,0,501.0,0.0,179.0,1.0,0.0,True,5,464,1
6828,3,0,1,21,0,21.0,0.0,874.0,226.0,0.0,True,6,1495,1
6829,2,0,1,53,0,0.0,0.0,0.0,0.0,0.0,True,2,271,0
6830,2,0,1,0,0,0.0,0.0,0.0,0.0,0.0,True,3,235,1
6831,2,1,1,2,0,0.0,0.0,0.0,0.0,0.0,False,3,235,1
6832,2,1,1,64,0,0.0,0.0,0.0,0.0,0.0,True,3,235,1
6833,2,0,1,24,0,0.0,2921.0,5.0,795.0,3155.0,False,6,82,0
6834,2,1,1,40,0,0.0,0.0,0.0,0.0,0.0,True,3,235,1
6835,2,0,1,32,0,0.0,163.0,0.0,6953.0,50.0,False,3,235,1
6836,2,0,3,54,1,0.0,316.0,1.0,2038.0,388.0,False,2,239,1
6837,1,1,1,30,0,0.0,0.0,0.0,0.0,0.0,True,7,1175,0
6838,2,0,3,37,0,0.0,1379.0,130.0,1488.0,75.0,False,1,77,1
6839,3,0,1,20,0,3191.0,0.0,211.0,21.0,117.0,False,5,481,0
6840,3,0,1,22,0,741.0,0.0,1028.0,0.0,0.0,False,6,1497,1
6841,1,0,2,57,0,0.0,1.0,0.0,664.0,19.0,False,6,1391,0
6842,1,1,1,34,0,0.0,0.0,0.0,0.0,0.0,True,7,1177,0
6843,2,0,1,51,0,0.0,980.0,273.0,2775.0,419.0,False,2,240,1
6844,3,1,1,47,0,0.0,0.0,0.0,0.0,0.0,False,5,465,1
6845,1,0,1,22,0,593.0,34.0,0.0,0.0,0.0,False,7,1163,1
6846,2,0,1,36,0,0.0,1606.0,511.0,89.0,2220.0,False,2,241,1
6847,1,1,1,16,0,0.0,0.0,0.0,0.0,0.0,True,6,82,0
6848,3,0,1,60,0,180.0,0.0,414.0,1181.0,0.0,False,6,1499,1
6849,3,0,1,39,0,197.0,0.0,2401.0,0.0,0.0,True,6,1392,0
6850,3,0,1,18,0,49.0,0.0,2885.0,1.0,0.0,True,6,1392,0
6851,2,1,3,30,0,0.0,0.0,0.0,0.0,0.0,True,2,273,0
6852,3,0,1,45,0,1781.0,0.0,17.0,0.0,23.0,False,6,1395,0
6853,1,0,1,30,0,0.0,0.0,0.0,0.0,1150.0,False,6,1396,0
6854,1,0,1,21,0,1046.0,1.0,0.0,1.0,0.0,False,5,482,0
6855,3,0,1,0,0,0.0,0.0,0.0,0.0,0.0,True,6,1397,0
6856,3,0,3,51,0,40.0,716.0,1907.0,0.0,0.0,True,6,1501,1
6857,3,0,1,22,0,100.0,0.0,1050.0,0.0,23.0,False,5,466,1
6858,2,0,1,26,0,0.0,896.0,0.0,690.0,1.0,True,4,225,1
6859,1,0,1,10,0,0.0,0.0,0.0,0.0,0.0,False,7,1166,1
6860,1,0,1,21,0,42.0,606.0,1.0,38.0,100.0,False,5,484,0
6861,1,1,3,14,0,0.0,0.0,0.0,0.0,0.0,True,7,1167,1
6862,1,0,1,28,0,0.0,1.0,12.0,0.0,779.0,False,5,467,1
6863,1,0,1,43,0,473.0,1390.0,0.0,0.0,0.0,True,6,1502,1
6864,1,0,2,22,0,28.0,194.0,2.0,0.0,370.0,True,6,1503,1
6865,1,0,1,22,0,401.0,0.0,196.0,0.0,126.0,False,6,1398,0
6866,1,1,2,23,0,0.0,0.0,0.0,0.0,0.0,True,7,1168,1
6867,2,1,1,25,0,0.0,0.0,0.0,0.0,0.0,True,3,265,0
6868,2,0,1,35,0,0.0,0.0,0.0,0.0,0.0,True,3,265,0
6869,1,0,1,30,0,0.0,0.0,0.0,27.0,764.0,False,5,468,1
6870,1,1,1,37,0,0.0,0.0,0.0,0.0,0.0,True,7,1170,1
6871,1,0,3,21,0,61.0,201.0,222.0,161.0,60.0,False,7,1171,1
6872,1,0,3,36,0,207.0,0.0,450.0,94.0,0.0,True,7,1183,0
6873,1,0,1,13,0,305.0,582.0,12.0,19.0,0.0,False,6,1506,1
6874,1,0,3,22,0,0.0,642.0,0.0,52.0,0.0,False,6,1507,1
6875,1,1,1,36,0,0.0,0.0,174.90603284902085,0.0,0.0,True,7,1184,0
6876,1,0,1,17,0,222.89785157787045,188.0,795.0,0.0,0.0,True,5,485,0
6877,2,1,3,38,0,0.0,0.0,0.0,0.0,0.0,True,3,236,1
6878,3,0,1,34,0,5959.0,0.0,3.0,0.0,0.0,False,6,1508,1
6879,3,0,1,20,0,0.0,0.0,0.0,0.0,0.0,True,6,1509,1
6880,1,0,1,17,0,222.89785157787045,647.0,49.0,74.0,0.0,False,7,1174,1
6881,1,1,2,36,0,0.0,0.0,0.0,0.0,0.0,True,7,1185,0
6882,2,0,3,52,0,360.0,1314.0,8.0,641.0,66.0,True,1,78,1
6883,2,1,3,32,0,0.0,0.0,0.0,0.0,0.0,True,4,227,1
6884,2,1,3,35,0,0.0,0.0,0.0,0.0,0.0,True,4,227,1
6885,2,1,3,28,0,0.0,0.0,0.0,0.0,0.0,True,4,227,1
6886,2,0,1,36,0,83.0,1186.0,0.0,2160.0,736.0,False,4,227,1
6887,2,0,1,36,0,31.0,3585.0,31.0,1400.0,0.0,False,4,227,1
6888,3,0,3,21,0,222.89785157787045,0.0,0.0,1.0,378.0,False,4,220,0
6889,3,0,1,33,0,627.0,0.0,171.0,254.0,130.0,False,4,228,1
6890,1,0,1,40,0,678.0,0.0,229.0,0.0,0.0,False,7,1188,0
6891,1,0,1,24,0,185.0,0.0,478.0,29.0,0.0,True,6,1510,1
6892,1,0,1,35,0,0.0,0.0,885.0,0.0,0.0,True,7,1189,0
6893,3,1,1,29,0,0.0,0.0,0.0,0.0,0.0,True,6,1511,1
6894,3,0,1,33,0,728.0,0.0,285.0,0.0,0.0,False,5,486,0
6895,1,0,1,51,0,3.0,33.0,12.0,38.0,896.0,False,5,487,0
6896,3,1,1,10,0,0.0,0.0,0.0,0.0,0.0,True,6,1512,1
6897,1,1,1,41,0,0.0,0.0,0.0,0.0,0.0,True,7,1190,0
6898,1,0,3,26,0,1.0,0.0,0.0,0.0,718.0,True,5,471,1
6899,1,0,1,39,0,19.0,102.0,0.0,678.0,0.0,False,6,1405,0
6900,3,0,1,14,0,738.0,5.0,297.0,0.0,0.0,False,6,1513,1
6901,3,0,1,28,0,1059.0,0.0,6.0,117.0,0.0,False,4,229,1
6902,1,0,1,18,0,0.0,949.0,0.0,0.0,0.0,False,6,1514,1
6903,3,0,1,41,0,2754.0,398.0,21.0,0.0,0.0,False,4,231,1
6904,2,0,1,33,0,0.0,0.0,0.0,308.4769036733407,0.0,True,3,237,1
6905,1,0,1,26,0,814.0,0.0,29.0,16.0,181.0,False,6,1517,1
6906,3,1,1,31,0,0.0,451.96167494677076,0.0,0.0,0.0,True,6,1518,1
6907,1,0,1,63,0,0.0,0.0,424.0,0.0,2027.0,False,6,1408,0
6908,1,0,1,30,0,0.0,0.0,547.0,308.4769036733407,423.0,False,6,1409,0
6909,2,0,1,27,0,15.0,2886.0,0.0,249.0,71.0,True,3,238,1
6910,1,0,1,47,0,2916.0,0.0,14.0,63.0,0.0,False,6,1519,1
6911,3,0,1,37,0,1413.0,0.0,584.0,3.0,0.0,True,6,1520,1
6912,1,0,1,14,0,399.0,22.0,458.0,506.0,187.0,False,6,1410,0
6913,1,0,1,27,0,0.0,63.0,8.0,129.0,2960.0,False,3,268,0
6914,3,0,1,61,0,1711.0,0.0,0.0,0.0,8.0,False,4,232,1
6915,1,0,1,39,0,2.0,0.0,0.0,2.0,787.0,False,5,488,0
6916,1,0,1,22,0,0.0,0.0,787.0,1.0,306.7894819713431,False,5,490,0
6917,1,0,1,30,0,2.0,0.0,5.0,1.0,962.0,False,6,1411,0
6918,1,0,1,26,0,0.0,0.0,902.0,0.0,0.0,False,6,1411,0
6919,2,0,1,25,0,0.0,115.0,0.0,1823.0,4041.0,False,1,89,0
6920,3,0,1,42,0,1318.0,0.0,1386.0,308.4769036733407,306.7894819713431,False,4,233,1
6921,2,0,1,33,0,0.0,2107.0,0.0,15586.0,473.0,False,5,474,1
6922,2,0,1,60,0,0.0,307.0,0.0,484.0,1967.0,False,5,475,1
6923,1,1,3,16,0,0.0,0.0,0.0,0.0,0.0,True,7,1191,0
6924,1,0,1,50,0,0.0,185.0,0.0,1.0,558.0,True,7,1178,1
6925,1,0,1,22,0,0.0,0.0,1.0,95.0,605.0,False,6,1412,0
6926,1,0,2,15,0,0.0,0.0,9.0,0.0,952.0,False,6,1413,0
6927,3,0,1,27,0,0.0,0.0,0.0,0.0,306.7894819713431,False,5,476,1
6928,1,0,3,58,0,0.0,435.0,2.0,0.0,239.0,False,7,1179,1
6929,1,1,1,48,0,0.0,451.96167494677076,0.0,0.0,0.0,True,7,1192,0
6930,2,1,3,36,0,0.0,0.0,0.0,308.4769036733407,0.0,True,4,221,0
6931,2,0,1,60,0,0.0,3435.0,0.0,5458.0,10.0,False,3,269,0
6932,2,1,1,46,0,0.0,0.0,0.0,0.0,0.0,True,3,269,0
6933,2,0,1,58,0,0.0,1386.0,2.0,128.0,2577.0,True,6,82,0
6934,1,1,1,40,0,0.0,0.0,0.0,0.0,0.0,False,7,1181,1
6935,1,1,1,3,0,0.0,0.0,0.0,308.4769036733407,0.0,True,7,1181,1
6936,1,0,3,23,0,3.0,0.0,2.0,61.0,634.0,False,6,1522,1
6937,1,0,2,21,0,0.0,434.0,0.0,75.0,135.0,True,5,492,0
6938,1,1,3,29,0,0.0,0.0,0.0,0.0,0.0,True,7,1194,0
6939,2,1,3,23,0,0.0,0.0,0.0,0.0,0.0,True,3,239,1
6940,2,1,3,41,0,0.0,0.0,0.0,0.0,0.0,True,3,239,1
6941,1,0,1,20,0,0.0,802.0,0.0,16.0,0.0,False,7,1183,1
6942,1,0,1,24,0,821.0,0.0,0.0,68.0,0.0,False,7,1184,1
6943,3,0,1,21,0,2611.0,0.0,103.0,4.0,0.0,False,4,234,1
6944,3,0,1,55,0,1236.0,0.0,52.0,0.0,0.0,False,6,1523,1
6945,1,0,1,21,0,0.0,70.0,2.0,0.0,486.0,False,6,1525,1
6946,1,1,3,42,0,0.0,0.0,0.0,0.0,0.0,True,7,1185,1
6947,1,0,1,40,0,2.0,147.0,0.0,1695.0,1147.0,False,6,1526,1
6948,3,1,1,30,0,0.0,451.96167494677076,0.0,0.0,0.0,True,6,1527,1
6949,2,1,1,26,0,0.0,0.0,0.0,0.0,0.0,True,5,477,1
6950,1,1,2,43,0,0.0,0.0,0.0,0.0,0.0,False,7,1186,1
6951,1,0,1,20,0,9.0,0.0,1540.0,0.0,0.0,False,6,1416,0
6952,1,0,2,19,0,40.0,0.0,77.0,572.0,0.0,False,6,1417,0
6953,2,0,1,40,0,0.0,3508.0,761.0,12.0,32.0,True,3,240,1
6954,1,1,2,17,0,0.0,0.0,0.0,0.0,0.0,True,7,1198,0
6955,1,0,1,62,0,240.0,0.0,0.0,586.0,10.0,False,7,1190,1
6956,1,1,1,32,0,0.0,0.0,0.0,308.4769036733407,0.0,False,7,1191,1
6957,1,1,1,37,0,0.0,0.0,0.0,0.0,0.0,False,7,1192,1
6958,1,0,1,40,0,0.0,0.0,0.0,7.0,782.0,False,5,478,1
6959,1,0,3,25,0,0.0,653.0,21.0,0.0,0.0,False,7,1193,1
6960,2,1,3,17,0,0.0,0.0,0.0,0.0,0.0,True,2,277,0
6961,2,1,1,46,0,0.0,0.0,0.0,0.0,0.0,True,2,277,0
6962,2,0,1,38,0,4.0,5974.0,0.0,3682.0,197.0,False,2,277,0
6963,2,0,3,43,1,0.0,486.0,0.0,0.0,2470.0,False,2,277,0
6964,2,0,3,28,0,6.0,3392.0,3944.0,987.0,0.0,True,3,271,0
6965,2,1,1,31,1,0.0,0.0,0.0,0.0,0.0,True,3,271,0
6966,2,1,2,35,0,0.0,0.0,0.0,0.0,0.0,True,3,271,0
6967,1,0,1,19,0,105.0,271.0,1.0,377.0,17.0,True,6,1531,1
6968,1,0,1,24,0,0.0,0.0,217.0,0.0,544.0,False,6,1418,0
6969,3,0,3,20,0,0.0,0.0,174.90603284902085,0.0,0.0,False,5,479,1
6970,2,0,1,16,0,0.0,1417.0,3.0,27.0,186.0,True,3,272,0
6971,2,1,3,45,0,0.0,0.0,0.0,0.0,0.0,True,3,272,0
6972,1,0,1,19,0,294.0,79.0,536.0,0.0,0.0,False,7,1194,1
6973,1,0,1,23,0,0.0,1089.0,311.0,0.0,0.0,True,6,1419,0
6974,1,0,1,19,0,0.0,78.0,801.0,0.0,7.0,False,7,1195,1
6975,3,0,1,32,0,193.0,451.96167494677076,1116.0,0.0,0.0,False,6,1420,0
6976,1,0,1,41,0,85.0,804.0,0.0,0.0,0.0,True,7,1201,0
6977,1,0,1,30,0,1110.0,0.0,439.0,5.0,0.0,False,6,1533,1
6978,2,0,3,41,0,0.0,10049.0,214.0,5287.0,1845.0,False,2,278,0
6979,3,0,1,7,0,0.0,0.0,0.0,0.0,0.0,True,6,1534,1
6980,1,0,1,39,0,1.0,875.0,0.0,6.0,0.0,True,7,1197,1
6981,1,0,1,47,0,0.0,61.0,805.0,0.0,6.0,True,6,1535,1
6982,1,0,1,21,0,550.0,0.0,61.0,4.0,5.0,False,7,1204,0
6983,1,1,1,29,0,0.0,0.0,0.0,0.0,306.7894819713431,True,7,1200,1
6984,1,0,1,19,0,879.0,0.0,0.0,10.0,0.0,False,7,1200,1
6985,3,0,1,50,0,0.0,0.0,0.0,0.0,0.0,True,6,1423,0
6986,2,0,1,28,0,0.0,132.0,4.0,1915.0,0.0,False,1,79,1
6987,3,0,1,38,0,1126.0,0.0,23.0,34.0,0.0,False,6,82,0
6988,1,0,2,24,0,549.0,3.0,201.0,0.0,0.0,False,7,1205,0
6989,2,0,3,31,0,222.89785157787045,2954.0,0.0,170.0,756.0,False,1,90,0
6990,2,1,1,38,0,0.0,0.0,0.0,0.0,0.0,True,5,481,1
6991,2,1,3,26,0,0.0,0.0,0.0,0.0,0.0,True,2,244,1
6992,1,0,1,28,0,0.0,0.0,0.0,0.0,0.0,False,7,1202,1
6993,2,1,3,45,0,0.0,0.0,0.0,0.0,0.0,True,2,279,0
6994,2,1,1,47,0,0.0,0.0,0.0,0.0,0.0,True,2,279,0
6995,2,1,1,60,0,0.0,0.0,0.0,0.0,0.0,True,2,279,0
6996,1,0,3,42,0,0.0,279.0,30.0,409.0,0.0,True,5,483,1
6997,1,0,1,43,0,20.0,0.0,726.0,308.4769036733407,0.0,False,5,495,0
6998,1,1,2,17,0,0.0,0.0,0.0,0.0,0.0,False,6,82,0
6999,1,1,1,17,0,0.0,0.0,174.90603284902085,0.0,0.0,False,7,1203,1
7000,1,1,1,20,0,0.0,0.0,0.0,0.0,0.0,False,7,1208,0
7001,1,0,1,18,0,960.0,672.0,0.0,0.0,168.0,False,7,1204,1
7002,3,0,1,24,0,222.89785157787045,0.0,299.0,814.0,0.0,False,6,1539,1
7003,1,0,3,25,0,244.0,0.0,40.0,294.0,124.0,False,6,1540,1
7004,1,0,2,20,0,120.0,321.0,0.0,932.0,175.0,False,6,1541,1
7005,1,0,1,23,0,509.0,0.0,193.0,0.0,2.0,False,7,1205,1
7006,2,1,1,48,0,0.0,0.0,0.0,0.0,0.0,True,2,281,0
7007,2,0,3,26,0,286.0,3387.0,575.0,213.0,548.0,True,2,281,0
7008,2,1,3,36,0,0.0,0.0,0.0,308.4769036733407,0.0,True,2,281,0
7009,2,1,3,27,0,0.0,0.0,0.0,0.0,0.0,True,3,275,0
7010,2,0,3,41,0,0.0,1616.0,0.0,758.0,400.0,True,1,80,1
7011,1,1,1,21,0,0.0,0.0,0.0,0.0,0.0,True,7,1210,0
7012,3,0,1,71,0,1243.0,0.0,5.0,16.0,34.0,False,5,496,0
7013,1,1,1,64,0,0.0,0.0,0.0,0.0,0.0,False,7,1211,0
7014,2,0,1,33,0,0.0,397.0,0.0,1249.0,845.0,False,2,282,0
7015,1,0,3,24,0,786.0,0.0,0.0,309.0,0.0,True,6,1543,1
7016,2,1,1,35,0,0.0,0.0,0.0,0.0,0.0,True,4,223,0
7017,1,1,2,13,0,0.0,0.0,0.0,0.0,0.0,True,7,1206,1
7018,1,1,1,11,0,0.0,0.0,0.0,0.0,0.0,True,7,1207,1
7019,3,1,1,28,0,0.0,0.0,0.0,0.0,306.7894819713431,True,6,1426,0
7020,3,1,1,43,0,0.0,0.0,0.0,0.0,0.0,True,6,1545,1
7021,3,1,1,36,0,0.0,0.0,0.0,0.0,0.0,True,6,1545,1
7022,1,0,2,22,0,27.0,0.0,0.0,663.0,0.0,False,6,1546,1
7023,2,0,1,56,0,0.0,5711.0,0.0,0.0,50.0,True,3,276,0
7024,3,1,1,34,0,0.0,0.0,0.0,0.0,0.0,True,6,1429,0
7025,1,0,1,46,0,0.0,0.0,1.0,0.0,1778.0,False,7,1215,0
7026,3,0,2,43,0,244.0,0.0,358.0,160.0,800.0,True,5,485,1
7027,1,0,3,25,0,0.0,1435.0,0.0,0.0,0.0,True,7,1209,1
7028,2,0,1,26,0,36.0,2285.0,0.0,2287.0,159.0,False,6,82,0
7029,1,0,3,14,0,0.0,184.0,16.0,1234.0,0.0,False,7,1210,1
7030,1,0,1,63,0,174.0,282.0,321.0,8.0,0.0,True,7,1216,0
7031,3,0,1,29,0,558.0,0.0,386.0,355.0,0.0,False,5,486,1
7032,3,1,2,45,0,0.0,0.0,0.0,0.0,0.0,True,5,486,1
7033,1,1,1,15,0,0.0,0.0,0.0,308.4769036733407,0.0,True,7,1217,0
7034,3,0,1,19,0,193.0,0.0,2956.0,0.0,0.0,True,4,224,0
7035,1,0,1,53,0,2.0,794.0,425.0,0.0,397.0,False,5,487,1
7036,3,0,1,45,0,2.0,36.0,1110.0,9.0,0.0,False,6,1431,0
7037,2,0,3,41,0,0.0,2383.0,0.0,2.0,97.0,True,3,278,0
7038,3,0,1,68,1,523.0,0.0,859.0,201.0,782.0,False,6,1550,1
7039,3,1,1,5,0,0.0,0.0,0.0,0.0,0.0,True,6,1550,1
7040,3,0,1,27,1,30.0,0.0,910.0,0.0,0.0,True,6,1550,1
7041,1,0,3,20,0,30.0,132.0,1121.0,0.0,0.0,True,6,1551,1
7042,1,0,1,54,1,1770.0,7.0,228.0,0.0,0.0,False,6,1432,0
7043,1,0,1,18,0,0.0,0.0,0.0,484.0,320.0,False,6,1433,0
7044,2,0,3,45,0,66.0,5974.0,0.0,0.0,625.0,True,3,241,1
7045,2,1,1,26,0,222.89785157787045,0.0,0.0,0.0,0.0,True,2,283,0
7046,2,0,1,37,0,1577.0,11396.0,0.0,1014.0,560.0,True,2,283,0
7047,1,0,1,30,0,0.0,2.0,0.0,690.0,86.0,False,6,1552,1
7048,3,0,1,51,1,511.0,0.0,291.0,4212.0,0.0,False,6,1553,1
7049,3,1,1,3,0,0.0,0.0,0.0,0.0,0.0,True,6,1553,1
7050,3,1,1,3,0,0.0,0.0,0.0,0.0,0.0,True,6,1553,1
7051,1,0,1,19,0,2110.0,0.0,0.0,0.0,1.0,False,6,1554,1
7052,1,0,1,19,0,0.0,789.0,0.0,0.0,0.0,False,5,499,0
7053,1,0,1,6,0,0.0,0.0,0.0,0.0,0.0,True,5,499,0
7054,1,0,3,4,0,0.0,0.0,0.0,0.0,0.0,True,5,499,0
7055,2,0,1,23,0,3580.0,564.0,103.0,308.4769036733407,90.0,False,2,284,0
7056,1,0,1,37,0,1442.0,4.0,0.0,3.0,0.0,False,6,1434,0
7057,3,0,3,18,0,1092.0,0.0,208.0,150.0,0.0,False,6,1435,0
7058,1,0,2,29,0,5.0,598.0,174.90603284902085,0.0,0.0,False,6,1436,0
7059,1,0,1,25,0,0.0,779.0,0.0,2.0,6.0,False,5,488,1
7060,1,0,1,52,0,0.0,0.0,47.0,2059.0,0.0,False,6,1555,1
7061,3,1,1,24,0,0.0,0.0,0.0,0.0,306.7894819713431,False,6,1437,0
7062,3,0,1,0,0,0.0,0.0,174.90603284902085,0.0,0.0,True,6,1437,0
7063,1,0,2,25,0,15.0,3.0,0.0,635.0,0.0,False,6,1557,1
7064,2,1,1,26,0,0.0,0.0,0.0,0.0,0.0,True,2,246,1
7065,2,0,2,32,1,2502.0,700.0,1104.0,13902.0,484.0,False,2,246,1
7066,1,0,1,58,0,1366.0,257.0,0.0,0.0,311.0,False,6,1559,1
7067,1,0,1,44,0,657.0,0.0,103.0,0.0,394.0,False,6,1560,1
7068,1,0,1,41,0,0.0,0.0,0.0,0.0,908.0,False,7,1214,1
7069,1,0,1,24,0,0.0,0.0,643.0,167.0,0.0,True,7,1219,0
7070,1,1,1,41,0,0.0,0.0,0.0,0.0,0.0,True,7,1215,1
7071,1,1,2,23,0,0.0,0.0,0.0,0.0,0.0,True,7,1215,1
7072,2,0,1,27,0,390.0,1377.0,0.0,2809.0,4914.0,False,3,279,0
7073,2,1,3,61,0,0.0,0.0,0.0,0.0,0.0,True,3,279,0
7074,1,0,1,18,0,0.0,732.0,2.0,13.0,47.0,True,6,1561,1
7075,1,1,1,18,0,0.0,0.0,0.0,0.0,0.0,True,7,1221,0
7076,2,1,1,28,0,0.0,0.0,0.0,0.0,0.0,True,2,286,0
7077,2,1,3,15,0,0.0,0.0,0.0,0.0,0.0,True,2,286,0
7078,1,0,3,12,0,0.0,0.0,0.0,0.0,0.0,True,7,1223,0
7079,1,0,2,40,0,420.0,0.0,345.0,1.0,0.0,False,6,1439,0
7080,1,0,1,19,0,122.0,2.0,0.0,480.0,565.0,True,6,1562,1
7081,3,1,1,18,0,0.0,0.0,0.0,0.0,0.0,True,6,1440,0
7082,2,0,1,48,1,313.0,2864.0,0.0,0.0,12424.0,False,1,81,1
7083,2,0,3,37,0,18.0,2669.0,0.0,1229.0,306.7894819713431,False,1,81,1
7084,1,0,1,35,0,4.0,53.0,0.0,0.0,844.0,False,6,1442,0
7085,1,0,1,29,0,0.0,0.0,702.0,0.0,56.0,False,6,1564,1
7086,1,0,1,54,0,118.0,0.0,0.0,669.0,0.0,False,5,501,0
7087,1,1,1,28,0,0.0,0.0,0.0,0.0,0.0,False,7,1225,0
7088,1,0,1,22,0,0.0,19.0,1468.0,2.0,119.0,True,5,489,1
7089,1,1,2,18,0,0.0,0.0,0.0,0.0,0.0,True,7,1216,1
7090,1,0,1,26,0,0.0,652.0,97.0,43.0,0.0,True,5,490,1
7091,1,0,2,19,0,10.0,24.0,0.0,0.0,565.0,False,6,1444,0
7092,1,0,1,22,0,0.0,0.0,441.0,0.0,423.0,False,6,1569,1
7093,2,0,1,17,0,0.0,0.0,0.0,0.0,0.0,True,3,244,1
7094,1,0,1,18,0,388.0,182.0,0.0,66.0,140.0,False,6,1445,0
7095,3,1,3,39,0,0.0,0.0,0.0,0.0,0.0,True,6,1570,1
7096,2,0,1,37,0,2.0,7272.0,0.0,50.0,1282.0,True,2,247,1
7097,2,1,3,17,0,0.0,0.0,174.90603284902085,0.0,0.0,True,2,247,1
7098,2,0,3,25,0,0.0,772.0,0.0,125.0,5913.0,False,2,247,1
7099,2,0,1,9,0,0.0,0.0,0.0,0.0,0.0,True,2,247,1
7100,1,1,3,15,0,0.0,0.0,0.0,0.0,0.0,False,7,1227,0
7101,1,0,1,19,0,380.0,0.0,416.0,0.0,8.0,False,6,1571,1
7102,3,0,1,18,0,3591.0,0.0,158.0,0.0,120.0,False,5,493,1
7103,3,0,1,50,1,828.0,0.0,572.0,1367.0,0.0,False,4,237,1
7104,1,1,1,14,0,0.0,0.0,0.0,0.0,0.0,False,7,1228,0
7105,1,1,2,19,0,0.0,0.0,0.0,0.0,0.0,False,7,1217,1
7106,2,1,3,33,0,0.0,0.0,0.0,0.0,0.0,True,2,287,0
7107,2,0,1,23,0,30.0,2237.0,1.0,49.0,52.0,True,4,239,1
7108,2,0,1,39,0,2.0,530.0,0.0,308.4769036733407,1360.0,False,4,239,1
7109,1,0,2,14,0,80.0,130.0,0.0,1323.0,0.0,False,5,502,0
7110,1,0,3,14,0,653.0,0.0,4.0,0.0,0.0,False,6,1572,1
7111,1,0,2,45,0,1.0,7.0,56.0,613.0,0.0,True,7,1229,0
7112,1,1,1,22,0,0.0,0.0,0.0,0.0,0.0,True,7,1230,0
7113,3,0,1,36,0,32.0,355.0,1826.0,9.0,0.0,True,6,1574,1
7114,2,0,1,19,0,0.0,0.0,0.0,0.0,0.0,True,2,288,0
7115,2,1,1,59,0,0.0,0.0,0.0,0.0,0.0,True,2,288,0
7116,1,0,1,31,0,0.0,1000.0,0.0,19.0,1776.0,False,2,288,0
7117,2,1,3,31,0,0.0,0.0,0.0,0.0,0.0,True,3,281,0
7118,2,0,1,39,0,8209.0,18.0,432.0,3560.0,54.0,False,3,281,0
7119,2,0,1,28,0,0.0,2674.0,1309.0,18.0,11.0,True,3,281,0
7120,2,1,1,19,0,0.0,0.0,0.0,0.0,0.0,True,3,281,0
7121,2,0,1,29,0,220.0,1130.0,0.0,7.0,951.0,True,3,245,1
7122,1,1,3,0,0,0.0,0.0,0.0,0.0,0.0,True,7,1219,1
7123,1,0,3,15,0,0.0,714.0,0.0,0.0,0.0,True,7,1219,1
7124,1,0,1,18,0,0.0,0.0,0.0,1586.0,0.0,False,6,1450,0
7125,2,1,3,49,0,0.0,0.0,0.0,0.0,0.0,True,3,282,0
7126,1,0,1,36,0,0.0,7.0,661.0,0.0,93.0,True,6,1451,0
7127,2,1,3,40,0,0.0,0.0,0.0,0.0,0.0,True,3,283,0
7128,2,1,1,56,0,0.0,0.0,0.0,0.0,0.0,True,3,283,0
7129,1,1,2,67,0,0.0,0.0,0.0,0.0,0.0,True,7,1231,0
7130,1,0,1,44,0,0.0,204.0,135.0,225.0,223.0,False,5,495,1
7131,1,0,1,17,0,214.0,552.0,0.0,241.0,0.0,False,7,1232,0
7132,3,1,1,27,0,0.0,0.0,0.0,0.0,0.0,True,6,1579,1
7133,3,0,1,23,0,463.0,0.0,658.0,0.0,0.0,False,6,1579,1
7134,3,0,3,28,0,2484.0,136.0,42.0,0.0,0.0,False,6,1452,0
7135,3,1,1,54,0,0.0,0.0,0.0,0.0,0.0,True,6,1453,0
7136,3,1,1,26,0,0.0,0.0,0.0,0.0,0.0,True,6,1454,0
7137,2,0,3,40,1,0.0,21.0,0.0,1503.0,1392.0,False,1,83,1
7138,2,1,1,39,0,0.0,0.0,0.0,0.0,0.0,True,1,83,1
7139,2,1,3,40,0,0.0,0.0,0.0,0.0,0.0,True,3,246,1
7140,1,0,2,20,0,11.0,725.0,0.0,0.0,0.0,True,6,1457,0
7141,1,0,1,18,0,761.0,21.0,27.0,0.0,0.0,True,7,1235,0
7142,3,0,1,17,0,3651.0,0.0,2228.0,38.0,0.0,False,6,1583,1
7143,2,1,3,35,0,0.0,0.0,0.0,0.0,0.0,True,2,250,1
7144,1,0,1,31,0,0.0,0.0,185.0,584.0,0.0,False,7,1237,0
7145,1,0,1,40,0,0.0,0.0,84.0,798.0,0.0,False,7,1223,1
7146,2,1,2,50,0,0.0,0.0,0.0,0.0,0.0,True,3,284,0
7147,1,0,1,21,0,0.0,0.0,114.0,2.0,683.0,False,6,1458,0
7148,1,0,1,29,0,767.0,16.0,9.0,0.0,0.0,False,5,496,1
7149,2,0,3,63,0,0.0,5036.0,4.0,519.0,0.0,True,1,92,0
7150,3,0,1,19,0,37.0,0.0,1288.0,0.0,0.0,True,6,1584,1
7151,3,0,1,36,0,1103.0,3.0,0.0,0.0,659.0,False,4,240,1
7152,1,0,3,48,0,0.0,172.0,115.0,1.0,645.0,False,6,1585,1
7153,2,0,1,33,0,81.0,1125.0,481.0,505.0,1261.0,False,5,497,1
7154,3,0,1,28,0,2703.0,0.0,4.0,1.0,0.0,False,4,226,0
7155,1,0,1,39,0,0.0,0.0,0.0,847.0,1.0,False,7,1224,1
7156,1,1,1,27,0,0.0,0.0,0.0,0.0,0.0,True,7,1239,0
7157,2,1,3,58,0,0.0,0.0,0.0,0.0,0.0,True,2,289,0
7158,2,1,3,44,0,0.0,0.0,0.0,308.4769036733407,0.0,True,2,290,0
7159,1,1,1,23,0,0.0,0.0,0.0,0.0,0.0,True,7,1226,1
7160,1,0,3,21,0,618.0,33.0,1.0,2.0,0.0,True,6,1586,1
7161,2,0,3,53,0,8.0,1489.0,0.0,2723.0,7401.0,False,3,247,1
7162,2,1,1,14,0,0.0,0.0,0.0,0.0,0.0,True,3,247,1
7163,1,1,2,17,0,0.0,0.0,0.0,0.0,0.0,True,7,1227,1
7164,2,0,3,25,0,0.0,16016.0,1025.0,189.0,1037.0,True,3,285,0
7165,2,0,3,44,1,3010.0,26.0,0.0,62.0,904.0,False,3,285,0
7166,2,0,3,24,0,145.0,4224.0,0.0,5.0,61.0,True,3,285,0
7167,1,0,1,24,0,0.0,7.0,127.0,639.0,37.0,False,7,1240,0
7168,1,1,1,24,0,0.0,0.0,0.0,0.0,0.0,True,7,1241,0
7169,1,1,1,0,0,0.0,0.0,0.0,0.0,0.0,True,7,1242,0
7170,1,1,3,7,0,0.0,0.0,0.0,0.0,0.0,False,7,1242,0
7171,1,1,2,3,0,0.0,0.0,0.0,0.0,0.0,True,7,1242,0
7172,1,0,1,18,0,711.0,12.0,0.0,83.0,0.0,True,6,1461,0
7173,1,1,1,4,0,0.0,0.0,0.0,0.0,0.0,False,7,1242,0
7174,2,1,3,40,0,0.0,0.0,0.0,0.0,0.0,True,2,292,0
7175,1,1,1,16,0,0.0,0.0,0.0,0.0,0.0,False,7,1244,0
7176,2,1,3,25,0,0.0,0.0,0.0,0.0,0.0,True,2,294,0
7177,1,1,1,10,0,0.0,0.0,0.0,0.0,0.0,True,7,1245,0
7178,1,1,1,40,0,0.0,0.0,0.0,0.0,0.0,True,7,1229,1
7179,3,1,1,19,0,0.0,0.0,0.0,0.0,0.0,True,6,1591,1
7180,2,1,3,15,0,0.0,0.0,0.0,0.0,0.0,True,2,251,1
7181,1,0,1,24,0,222.89785157787045,636.0,136.0,37.0,0.0,False,7,1230,1
7182,3,1,1,21,0,0.0,0.0,0.0,0.0,0.0,True,6,1465,0
7183,1,0,1,29,0,0.0,7.0,31.0,700.0,0.0,False,6,1466,0
7184,3,0,1,37,1,2771.0,0.0,6.0,1.0,10.0,False,4,227,0
7185,1,1,2,49,0,0.0,0.0,0.0,0.0,0.0,False,7,1247,0
7186,1,0,1,42,0,1132.0,0.0,0.0,77.0,608.0,False,7,1231,1
7187,1,1,1,54,0,0.0,451.96167494677076,0.0,0.0,0.0,True,7,1231,1
7188,1,1,1,33,0,0.0,0.0,0.0,0.0,0.0,False,7,1232,1
7189,2,0,1,27,0,0.0,6.0,0.0,7786.0,0.0,False,3,250,1
7190,1,1,1,53,0,0.0,0.0,0.0,0.0,0.0,False,7,1248,0
7191,1,0,1,28,0,0.0,817.0,58.0,0.0,25.0,True,6,1467,0
7192,2,0,1,24,0,812.0,5450.0,0.0,1.0,262.0,True,3,286,0
7193,1,0,2,20,0,0.0,0.0,8.0,1.0,1175.0,False,6,1596,1
7194,1,0,1,0,0,0.0,0.0,0.0,0.0,0.0,False,7,1233,1
7195,1,0,1,24,0,0.0,96.0,0.0,597.0,0.0,False,6,1597,1
7196,1,0,1,28,0,0.0,0.0,0.0,0.0,0.0,True,7,1234,1
7197,3,1,1,42,0,0.0,0.0,0.0,0.0,0.0,True,6,1598,1
7198,2,0,3,32,1,0.0,48.0,0.0,3204.0,112.0,False,3,287,0
7199,2,0,1,36,0,0.0,2979.0,0.0,68.0,347.0,True,2,252,1
7200,2,0,1,40,0,0.0,0.0,0.0,0.0,0.0,True,2,252,1
7201,1,0,1,30,0,574.0,0.0,174.90603284902085,25.0,2.0,False,6,1599,1
7202,3,0,1,34,0,751.0,0.0,185.0,0.0,77.0,False,5,499,1
7203,3,0,1,37,0,1000.0,0.0,80.0,40.0,0.0,False,6,1601,1
7204,2,0,1,41,0,0.0,0.0,0.0,0.0,0.0,True,2,295,0
7205,2,1,3,25,0,0.0,0.0,0.0,0.0,0.0,True,2,295,0
7206,3,0,1,39,0,332.0,0.0,728.0,2.0,86.0,True,6,1602,1
7207,1,0,3,0,0,0.0,0.0,0.0,0.0,0.0,True,7,1235,1
7208,3,0,1,54,0,1144.0,140.0,2.0,2.0,0.0,False,6,1603,1
7209,1,1,1,16,0,0.0,0.0,0.0,0.0,0.0,False,7,1236,1
7210,1,0,1,0,0,0.0,0.0,0.0,0.0,0.0,True,7,1251,0
7211,1,1,1,13,0,0.0,0.0,174.90603284902085,0.0,0.0,True,7,1251,0
7212,3,0,1,46,0,5888.0,451.96167494677076,13.0,12.0,0.0,False,6,1470,0
7213,1,0,1,23,0,40.0,4.0,9.0,318.0,1413.0,False,7,1237,1
7214,1,0,1,18,0,110.0,103.0,471.0,11.0,1.0,False,6,1471,0
7215,1,0,2,27,0,2647.0,0.0,0.0,42.0,32.0,False,6,1604,1
7216,1,1,2,24,0,0.0,451.96167494677076,0.0,0.0,0.0,False,7,1238,1
7217,2,0,1,27,0,118.0,1769.0,4127.0,118.0,619.0,True,2,253,1
7218,1,0,1,24,0,0.0,82.0,0.0,1624.0,77.0,False,4,241,1
7219,2,0,1,25,1,1.0,4298.0,0.0,0.0,2.0,True,1,93,0
7220,2,1,1,30,0,0.0,0.0,0.0,0.0,0.0,True,2,296,0
7221,1,0,1,19,0,0.0,28.0,62.0,24.0,1686.0,False,7,1239,1
7222,1,0,3,18,0,1.0,5.0,305.0,347.0,0.0,False,6,1605,1
7223,2,1,3,49,0,0.0,0.0,0.0,0.0,0.0,True,5,500,1
7224,1,0,1,64,0,0.0,0.0,0.0,563.0,344.0,False,7,1240,1
7225,3,1,1,26,0,0.0,0.0,0.0,0.0,0.0,True,5,506,0
7226,1,0,3,53,0,0.0,0.0,754.0,46.0,0.0,False,6,1606,1
7227,3,0,1,27,0,83.0,0.0,2621.0,5.0,0.0,True,4,242,1
7228,2,1,1,27,0,0.0,0.0,0.0,0.0,0.0,True,2,254,1
7229,3,0,1,25,0,338.0,319.0,32.0,15.0,0.0,False,6,1472,0
7230,1,0,3,33,0,0.0,0.0,0.0,436.0,224.0,True,5,507,0
7231,2,0,1,27,0,0.0,9.0,0.0,40.0,7621.0,False,3,289,0
7232,2,1,3,20,0,0.0,0.0,0.0,0.0,0.0,True,3,251,1
7233,2,1,3,39,0,0.0,0.0,0.0,0.0,0.0,True,2,255,1
7234,3,0,1,27,0,1730.0,0.0,379.0,5.0,0.0,False,5,502,1
7235,3,1,1,19,0,0.0,0.0,0.0,0.0,0.0,True,6,1476,0
7236,1,0,1,22,0,60.0,48.0,0.0,0.0,500.0,False,6,1609,1
7237,1,0,1,3,0,0.0,0.0,0.0,0.0,0.0,False,7,1252,0
7238,1,0,1,24,0,9.0,769.0,9.0,0.0,0.0,False,5,508,0
7239,3,1,1,41,0,0.0,0.0,0.0,0.0,0.0,True,6,1477,0
7240,3,1,1,18,0,0.0,0.0,0.0,0.0,0.0,True,6,1477,0
7241,1,0,1,63,0,0.0,243.0,0.0,777.0,0.0,False,7,1244,1
7242,2,0,1,19,0,0.0,4534.0,0.0,617.0,1156.0,False,2,298,0
7243,2,1,1,39,0,0.0,0.0,0.0,0.0,0.0,True,2,298,0
7244,2,1,3,28,0,0.0,0.0,0.0,0.0,0.0,True,6,82,0
7245,3,0,1,41,0,688.0,31.0,1880.0,0.0,306.7894819713431,False,6,1611,1
7246,2,0,1,44,0,18.0,1451.0,0.0,279.0,64.0,False,1,94,0
7247,2,0,1,39,1,0.0,395.0,0.0,1012.0,1080.0,False,1,94,0
7248,3,1,3,29,0,0.0,0.0,0.0,0.0,0.0,True,4,244,1
7249,3,0,1,37,0,416.0,56.0,1912.0,0.0,0.0,False,4,244,1
7250,2,1,3,41,0,0.0,0.0,0.0,0.0,0.0,True,3,252,1
7251,1,0,2,18,0,0.0,0.0,0.0,746.0,1.0,False,6,1480,0
7252,1,1,3,28,0,0.0,0.0,0.0,0.0,0.0,False,7,1245,1
7253,2,0,3,55,0,1.0,2670.0,34.0,542.0,1339.0,True,2,299,0
7254,1,1,1,21,0,0.0,0.0,0.0,0.0,0.0,True,5,503,1
7255,2,1,1,28,0,0.0,0.0,0.0,0.0,0.0,True,2,300,0
7256,2,0,1,43,0,0.0,8948.0,0.0,153.0,872.0,True,2,300,0
7257,1,0,2,32,0,0.0,494.0,0.0,0.0,213.0,False,7,1253,0
7258,1,0,1,23,0,1.0,0.0,0.0,237.0,553.0,True,6,1612,1
7259,1,1,3,5,0,0.0,0.0,0.0,0.0,0.0,True,7,1246,1
7260,1,0,3,14,0,325.0,0.0,19.0,506.0,2.0,False,7,1254,0
7261,1,0,1,24,0,1405.0,0.0,14.0,2.0,163.0,False,6,1613,1
7262,1,1,2,22,0,0.0,0.0,0.0,0.0,0.0,True,7,1257,0
7263,1,0,1,14,0,0.0,268.0,239.0,127.0,0.0,True,6,1484,0
7264,1,0,1,20,0,98.0,499.0,0.0,142.0,52.0,False,5,504,1
7265,1,0,1,17,0,527.0,124.0,37.0,290.0,30.0,False,7,1258,0
7266,1,0,3,20,0,748.0,0.0,0.0,0.0,487.0,False,6,1485,0
7267,1,0,1,22,0,0.0,451.96167494677076,692.0,18.0,0.0,True,7,1259,0
7268,1,1,1,15,0,0.0,0.0,0.0,0.0,0.0,True,7,1248,1
7269,3,0,3,67,0,1146.0,16.0,39.0,0.0,518.0,True,4,245,1
7270,2,0,3,28,0,7.0,489.0,0.0,4.0,6027.0,False,3,253,1
7271,2,0,1,57,0,0.0,412.0,0.0,5491.0,234.0,False,4,246,1
7272,1,1,2,21,0,0.0,0.0,0.0,0.0,0.0,True,7,1249,1
7273,3,0,1,34,0,1199.0,33.0,346.0,0.0,0.0,False,6,1486,0
7274,3,1,1,17,0,0.0,0.0,0.0,0.0,0.0,False,5,510,0
7275,1,0,3,33,0,0.0,53.0,615.0,9.0,0.0,True,6,1614,1
7276,2,0,3,33,0,0.0,73.0,31.0,8493.0,9065.0,False,3,291,0
7277,2,0,1,28,0,0.0,180.0,0.0,778.0,4973.0,False,3,291,0
7278,3,1,1,18,0,0.0,0.0,0.0,0.0,0.0,True,6,1487,0
7279,3,1,1,28,0,0.0,0.0,0.0,0.0,0.0,True,6,1615,1
7280,1,0,1,13,0,406.0,0.0,52.0,0.0,387.0,False,7,1261,0
7281,1,0,1,38,0,0.0,0.0,0.0,45.0,3372.0,False,6,1616,1
7282,2,0,3,39,0,258.0,1541.0,0.0,308.4769036733407,621.0,False,2,301,0
7283,2,1,1,18,0,0.0,0.0,0.0,0.0,0.0,True,6,82,0
7284,1,0,2,43,0,0.0,0.0,110.0,538.0,0.0,False,6,1488,0
7285,1,0,1,32,0,222.89785157787045,368.0,0.0,304.0,741.0,False,6,1489,0
7286,1,1,1,29,0,0.0,0.0,0.0,0.0,0.0,False,6,1490,0
7287,3,0,3,45,0,810.0,0.0,132.0,198.0,0.0,False,6,1490,0
7288,3,1,1,25,0,0.0,0.0,0.0,0.0,0.0,True,6,1490,0
7289,1,0,3,64,0,19.0,261.0,208.0,0.0,214.0,False,6,1491,0
7290,1,0,1,18,0,0.0,0.0,0.0,0.0,2141.0,False,6,1617,1
7291,1,0,1,44,0,358.0,303.0,0.0,0.0,131.0,False,5,506,1
7292,1,1,1,15,0,0.0,0.0,174.90603284902085,0.0,0.0,True,7,1251,1
7293,1,0,3,21,0,1720.0,2337.0,0.0,1.0,335.0,False,6,82,0
7294,3,0,1,33,0,166.0,634.0,419.0,201.0,1178.0,False,6,1620,1
7295,1,0,3,3,0,0.0,0.0,0.0,0.0,0.0,False,7,1253,1
7296,1,1,3,19,0,0.0,0.0,0.0,0.0,0.0,True,7,1253,1
7297,1,0,1,37,0,0.0,0.0,0.0,0.0,0.0,False,7,1254,1
7298,1,0,3,24,0,0.0,688.0,0.0,0.0,1.0,False,6,1621,1
7299,1,0,1,26,0,0.0,79.0,53.0,308.4769036733407,0.0,False,7,1256,1
7300,3,1,1,26,0,0.0,0.0,174.90603284902085,0.0,0.0,True,6,1493,0
7301,3,1,1,26,0,0.0,0.0,0.0,0.0,306.7894819713431,True,6,1493,0
7302,1,0,1,22,0,769.0,0.0,0.0,1.0,729.0,False,6,1494,0
7303,3,0,1,26,0,1333.0,0.0,50.0,0.0,0.0,False,6,1495,0
7304,1,0,1,27,0,0.0,55.0,0.0,740.0,85.0,False,6,1622,1
7305,1,0,2,27,0,0.0,605.0,0.0,0.0,0.0,True,6,1496,0
7306,1,0,2,37,0,0.0,925.0,0.0,0.0,0.0,True,6,1497,0
7307,1,1,1,22,0,0.0,0.0,0.0,0.0,0.0,False,7,1257,1
7308,1,0,3,24,0,0.0,0.0,809.0,0.0,0.0,True,7,1258,1
7309,1,0,1,23,0,535.0,3.0,17.0,0.0,214.0,False,7,1264,0
7310,1,0,2,18,0,0.0,76.0,0.0,993.0,6.0,False,6,1624,1
7311,1,1,1,28,0,0.0,0.0,0.0,0.0,0.0,False,7,1266,0
7312,1,1,1,4,0,0.0,0.0,0.0,0.0,0.0,True,7,1267,0
7313,1,1,2,23,0,0.0,0.0,0.0,0.0,0.0,True,7,1268,0
7314,1,1,2,2,0,0.0,0.0,0.0,0.0,0.0,True,7,1268,0
7315,1,0,1,46,0,0.0,451.96167494677076,0.0,17.0,655.0,False,7,1268,0
7316,1,0,1,0,0,0.0,0.0,0.0,0.0,0.0,False,7,1268,0
7317,3,0,1,16,0,1095.0,0.0,54.0,0.0,0.0,False,6,1626,1
7318,3,0,1,19,0,1823.0,36.0,81.0,0.0,0.0,False,4,228,0
7319,2,0,3,34,0,0.0,3424.0,6.0,2445.0,1128.0,False,2,305,0
7320,2,0,1,34,0,11.0,3299.0,0.0,1013.0,15.0,True,2,305,0
7321,1,0,1,24,0,482.0,967.0,349.0,19.0,0.0,False,7,1269,0
7322,1,1,2,28,0,0.0,0.0,0.0,0.0,0.0,False,7,1270,0
7323,2,1,3,44,0,0.0,0.0,0.0,0.0,0.0,True,2,306,0
7324,2,1,1,35,0,0.0,0.0,0.0,0.0,0.0,True,2,306,0
7325,1,0,1,20,0,0.0,0.0,0.0,0.0,0.0,False,7,1259,1
7326,1,0,2,18,0,328.0,0.0,0.0,24.0,309.0,False,6,1500,0
7327,1,0,2,43,0,6.0,25.0,0.0,5250.0,0.0,False,7,1260,1
7328,1,0,2,48,0,0.0,0.0,501.0,242.0,0.0,False,6,1627,1
7329,3,0,1,46,0,52.0,0.0,1185.0,61.0,0.0,True,5,513,0
7330,3,1,1,75,0,0.0,0.0,0.0,0.0,0.0,True,6,82,0
7331,2,1,3,24,0,0.0,0.0,0.0,0.0,0.0,True,2,307,0
7332,1,0,1,34,0,0.0,9.0,617.0,0.0,281.0,False,7,1261,1
7333,3,0,1,29,0,1052.0,0.0,635.0,0.0,0.0,False,6,82,0
7334,3,1,1,46,0,0.0,0.0,0.0,0.0,0.0,True,6,1501,0
7335,1,0,1,22,0,558.0,63.0,0.0,0.0,0.0,False,7,1271,0
7336,3,1,1,42,0,0.0,0.0,0.0,0.0,0.0,False,5,514,0
7337,3,1,1,46,0,0.0,0.0,0.0,0.0,0.0,True,6,1629,1
7338,1,0,1,15,0,0.0,6.0,0.0,981.0,0.0,False,5,508,1
7339,1,0,1,42,0,1227.0,773.0,14.0,0.0,0.0,False,6,1502,0
7340,3,0,1,31,0,166.0,0.0,297.0,835.0,0.0,False,5,515,0
7341,3,1,1,9,0,0.0,0.0,0.0,0.0,0.0,True,6,1502,0
7342,1,0,1,34,0,0.0,0.0,0.0,156.0,620.0,False,6,1503,0
7343,1,0,1,21,0,9.0,0.0,0.0,25.0,811.0,False,7,1264,1
7344,1,0,3,16,0,0.0,11.0,0.0,863.0,0.0,False,6,1630,1
7345,1,0,1,40,0,634.0,60.0,134.0,0.0,0.0,False,6,1630,1
7346,1,0,1,23,0,550.0,0.0,738.0,0.0,0.0,True,6,1504,0
7347,1,1,1,6,0,0.0,0.0,0.0,0.0,0.0,False,7,1265,1
7348,1,0,1,17,0,99.0,516.0,1967.0,0.0,6.0,True,6,1505,0
7349,1,0,3,37,0,19.0,443.0,1769.0,0.0,3.0,True,6,1506,0
7350,2,1,2,30,0,0.0,0.0,0.0,0.0,0.0,True,3,293,0
7351,2,1,1,32,0,0.0,0.0,0.0,0.0,0.0,True,3,293,0
7352,2,1,3,41,0,0.0,0.0,0.0,0.0,0.0,True,3,293,0
7353,2,0,3,43,0,0.0,16856.0,0.0,4344.0,977.0,False,3,255,1
7354,1,0,3,17,0,6256.0,0.0,0.0,1.0,21.0,False,5,517,0
7355,2,1,1,37,0,0.0,0.0,0.0,0.0,0.0,True,2,257,1
7356,1,1,1,18,0,0.0,0.0,0.0,0.0,0.0,True,6,82,0
7357,1,0,1,1,0,0.0,0.0,0.0,0.0,0.0,False,7,1267,1
7358,1,0,1,38,0,0.0,0.0,0.0,1714.0,0.0,False,7,1267,1
7359,1,0,1,25,0,131.0,124.0,408.0,196.0,9.0,False,6,1633,1
7360,1,0,1,6,0,0.0,0.0,0.0,0.0,0.0,False,7,1267,1
7361,1,1,1,1,0,0.0,0.0,0.0,0.0,0.0,True,7,1267,1
7362,1,0,2,7,0,0.0,0.0,0.0,0.0,0.0,True,7,1267,1
7363,1,0,1,24,0,569.0,156.0,0.0,12.0,0.0,False,6,1634,1
7364,1,0,1,19,0,0.0,721.0,0.0,25.0,1.0,True,6,1634,1
7365,2,1,3,26,0,0.0,0.0,0.0,0.0,0.0,True,2,309,0
7366,1,0,1,49,0,0.0,1738.0,0.0,19.0,0.0,False,7,1268,1
7367,1,0,1,18,0,0.0,0.0,32.0,0.0,673.0,False,7,1269,1
7368,1,0,1,25,0,0.0,478.0,71.0,11.0,162.0,False,7,1270,1
7369,1,0,1,46,0,248.0,451.96167494677076,0.0,4.0,0.0,False,6,1507,0
7370,1,1,1,33,0,0.0,0.0,0.0,0.0,0.0,False,7,1271,1
7371,1,0,1,10,0,0.0,0.0,0.0,0.0,0.0,True,7,1271,1
7372,1,1,1,38,0,0.0,0.0,0.0,0.0,0.0,True,7,1272,1
7373,3,0,1,23,0,1610.0,2.0,465.0,0.0,0.0,False,5,512,1
7374,1,1,1,26,0,0.0,0.0,0.0,0.0,0.0,True,7,1273,1
7375,1,0,1,16,0,0.0,11.0,0.0,8.0,827.0,False,7,1274,1
7376,1,0,1,29,0,37.0,0.0,644.0,0.0,177.0,True,5,518,0
7377,2,1,2,35,0,0.0,0.0,0.0,0.0,0.0,True,3,256,1
7378,1,0,1,58,0,0.0,268.0,0.0,109.0,594.0,False,6,1508,0
7379,1,1,3,17,0,0.0,0.0,0.0,0.0,0.0,True,7,1273,0
7380,1,1,1,16,0,0.0,0.0,0.0,0.0,0.0,True,6,82,0
7381,1,1,3,2,0,0.0,0.0,0.0,0.0,0.0,True,7,1274,0
7382,1,0,1,13,0,34.0,1.0,0.0,824.0,29.0,False,6,82,0
7383,3,0,1,18,0,196.0,0.0,744.0,0.0,0.0,True,6,1636,1
7384,1,0,3,29,0,46.0,68.0,589.0,88.0,0.0,True,5,519,0
7385,1,0,3,21,0,102.0,9.0,21.0,464.0,104.0,False,6,1509,0
7386,2,1,3,43,0,0.0,0.0,0.0,0.0,0.0,True,3,295,0
7387,1,1,1,69,0,0.0,0.0,0.0,0.0,0.0,False,7,1275,0
7388,1,0,1,40,0,0.0,0.0,14.0,785.0,10.0,False,7,1275,0
7389,1,1,1,1,0,0.0,0.0,0.0,0.0,0.0,True,7,1275,0
7390,3,1,1,36,0,0.0,0.0,0.0,0.0,0.0,True,6,1512,0
7391,1,0,1,60,0,0.0,0.0,0.0,0.0,0.0,False,7,1276,1
7392,1,1,2,17,0,0.0,0.0,0.0,0.0,0.0,True,7,1276,1
7393,1,1,1,49,0,0.0,0.0,0.0,0.0,0.0,False,7,1276,1
7394,1,0,1,23,0,1.0,700.0,0.0,7.0,136.0,False,7,1276,1
7395,1,0,1,39,0,472.0,0.0,0.0,173.0,0.0,False,6,1638,1
7396,1,1,1,53,0,0.0,0.0,0.0,0.0,0.0,True,6,82,0
7397,1,0,1,26,0,485.0,8.0,3958.0,0.0,0.0,True,7,1277,1
7398,2,0,1,31,0,0.0,87.0,0.0,2263.0,224.0,False,3,296,0
7399,2,1,1,48,0,0.0,0.0,0.0,308.4769036733407,0.0,True,3,296,0
7400,2,0,3,26,0,1432.0,1283.0,0.0,178.0,5034.0,False,3,296,0
7401,3,1,1,25,0,0.0,0.0,0.0,0.0,0.0,True,6,1513,0
7402,2,1,3,25,0,0.0,0.0,0.0,0.0,0.0,True,2,310,0
7403,1,0,1,30,0,4.0,637.0,0.0,0.0,3.0,False,6,1639,1
7404,1,1,1,28,0,0.0,0.0,0.0,0.0,0.0,True,7,1278,0
7405,1,1,1,23,0,0.0,0.0,0.0,0.0,0.0,False,7,1278,1
7406,1,0,1,24,0,0.0,80.0,106.0,344.0,0.0,False,7,1278,1
7407,1,0,1,47,0,397.0,0.0,321.0,0.0,5.0,True,7,1278,1
7408,1,1,1,37,0,0.0,0.0,0.0,0.0,0.0,False,7,1279,1
7409,3,1,1,24,0,0.0,0.0,0.0,0.0,0.0,True,6,1640,1
7410,1,0,1,21,0,90.0,0.0,817.0,0.0,0.0,False,7,1281,1
7411,3,1,1,42,0,0.0,0.0,0.0,0.0,0.0,True,6,1515,0
7412,1,0,1,39,0,3030.0,79.0,0.0,0.0,0.0,False,6,1517,0
7413,1,0,1,28,0,589.0,57.0,0.0,0.0,0.0,False,6,1642,1
7414,1,0,1,32,0,0.0,0.0,174.90603284902085,365.0,1216.0,False,5,514,1
7415,2,0,1,31,0,0.0,910.0,58.0,1654.0,1217.0,False,2,311,0
7416,1,1,1,13,0,0.0,0.0,0.0,0.0,0.0,True,6,82,0
7417,1,0,1,41,0,84.0,0.0,6.0,811.0,2.0,True,6,1520,0
7418,1,0,1,21,0,7.0,0.0,622.0,0.0,0.0,False,6,1644,1
7419,1,0,1,28,0,0.0,0.0,0.0,0.0,0.0,False,7,1284,1
7420,1,0,1,9,0,0.0,0.0,174.90603284902085,0.0,0.0,True,7,1284,1
7421,2,0,1,36,0,0.0,9532.0,0.0,2326.0,461.0,False,4,229,0
7422,2,1,3,30,0,0.0,0.0,0.0,0.0,0.0,True,4,229,0
7423,1,0,1,27,0,0.0,593.0,0.0,259.0,0.0,False,7,1281,0
7424,1,0,1,40,0,580.0,0.0,447.0,6.0,0.0,False,6,1521,0
7425,2,0,1,41,0,0.0,116.0,10705.0,9181.0,10.0,False,3,257,1
7426,2,1,3,16,0,0.0,0.0,0.0,0.0,0.0,True,2,258,1
7427,2,0,2,36,1,2.0,6504.0,0.0,98.0,4.0,True,2,258,1
7428,2,0,1,15,0,31.0,804.0,1.0,4732.0,2577.0,False,4,230,0
7429,2,1,1,39,0,0.0,0.0,0.0,0.0,0.0,True,4,230,0
7430,3,1,1,21,0,0.0,0.0,0.0,0.0,0.0,True,6,1522,0
7431,1,0,2,24,0,0.0,0.0,604.0,0.0,91.0,True,6,1645,1
7432,3,0,1,28,0,1811.0,1.0,57.0,0.0,0.0,False,6,1646,1
7433,1,0,1,47,0,0.0,14.0,0.0,2330.0,0.0,False,7,1283,0
7434,1,0,1,55,0,0.0,1620.0,159.0,308.4769036733407,0.0,False,7,1287,1
7435,1,1,1,28,0,0.0,0.0,0.0,0.0,0.0,True,7,1287,1
7436,1,0,3,22,0,10.0,0.0,624.0,0.0,85.0,True,5,516,1
7437,1,1,1,26,0,0.0,0.0,0.0,0.0,0.0,True,7,1287,1
7438,3,0,1,62,0,100.0,0.0,38.0,1211.0,0.0,False,6,1523,0
7439,3,0,1,53,0,868.0,0.0,686.0,520.0,24.0,False,5,524,0
7440,1,0,3,29,0,30.0,0.0,0.0,0.0,780.0,False,7,1284,0
7441,1,0,1,21,0,640.0,0.0,144.0,104.0,0.0,False,7,1288,1
7442,1,1,2,18,0,0.0,0.0,0.0,0.0,0.0,True,7,1285,0
7443,3,1,1,34,0,0.0,0.0,0.0,0.0,0.0,True,5,525,0
7444,1,0,1,19,0,1.0,7.0,174.90603284902085,689.0,0.0,False,6,1648,1
7445,1,0,1,14,0,0.0,360.0,0.0,25.0,1340.0,False,7,1290,1
7446,1,0,1,21,0,691.0,0.0,0.0,308.4769036733407,15.0,False,7,1288,0
7447,3,0,1,55,0,376.0,0.0,858.0,0.0,31.0,True,4,232,0
7448,2,0,3,18,0,0.0,3492.0,0.0,506.0,8.0,True,3,258,1
7449,2,1,3,33,0,0.0,0.0,0.0,0.0,0.0,True,2,260,1
7450,2,0,1,35,0,222.89785157787045,246.0,25.0,42.0,3730.0,False,2,260,1
7451,1,1,1,31,0,0.0,0.0,0.0,0.0,0.0,True,3,297,0
7452,2,0,1,27,0,0.0,2318.0,1127.0,2423.0,115.0,False,3,259,1
7453,2,0,1,28,0,0.0,36.0,89.0,948.0,927.0,False,3,259,1
7454,1,1,2,13,0,0.0,0.0,0.0,0.0,0.0,True,7,1289,0
7455,1,0,1,24,0,24.0,174.0,0.0,509.0,15.0,False,6,1652,1
7456,1,0,1,22,0,31.0,0.0,1.0,25.0,757.0,False,7,1293,1
7457,2,1,1,32,0,0.0,0.0,0.0,0.0,0.0,False,2,261,1
7458,2,1,1,18,0,0.0,0.0,0.0,0.0,0.0,True,2,261,1
7459,2,1,1,53,0,0.0,0.0,0.0,0.0,0.0,True,6,82,0
7460,3,0,1,4,0,0.0,0.0,0.0,0.0,0.0,True,6,1653,1
7461,3,1,1,24,0,0.0,0.0,0.0,0.0,0.0,True,6,1653,1
7462,3,0,1,23,0,649.0,0.0,622.0,0.0,0.0,True,6,1653,1
7463,3,0,1,1,0,0.0,0.0,0.0,0.0,0.0,True,6,1653,1
7464,1,0,1,18,0,1969.0,0.0,310.0,0.0,0.0,True,6,1654,1
7465,3,0,1,21,0,838.0,45.0,455.0,0.0,0.0,False,6,1655,1
7466,3,0,1,40,0,3809.0,0.0,21.0,0.0,1.0,False,4,248,1
7467,2,1,1,49,0,0.0,0.0,0.0,0.0,0.0,True,2,313,0
7468,1,1,2,25,0,0.0,0.0,0.0,0.0,0.0,False,7,1290,0
7469,1,1,3,21,0,0.0,0.0,0.0,0.0,0.0,True,7,1294,1
7470,2,1,1,40,0,0.0,0.0,0.0,0.0,0.0,True,1,96,0
7471,2,1,3,47,1,0.0,0.0,0.0,0.0,0.0,True,1,96,0
7472,1,0,2,25,0,153.0,0.0,0.0,388.0,0.0,False,7,1295,1
7473,2,1,1,36,0,0.0,0.0,0.0,0.0,0.0,True,6,82,0
7474,1,0,1,39,0,17.0,334.0,708.0,17.0,366.0,False,6,1657,1
7475,2,1,3,26,0,0.0,0.0,0.0,0.0,0.0,True,2,262,1
7476,1,0,1,0,0,0.0,0.0,174.90603284902085,0.0,0.0,True,7,1292,0
7477,1,1,1,14,0,0.0,0.0,0.0,0.0,0.0,True,7,1292,0
7478,3,0,1,7,0,0.0,0.0,0.0,0.0,0.0,True,6,1659,1
7479,3,1,3,50,0,0.0,0.0,0.0,0.0,0.0,True,6,1527,0
7480,1,0,3,22,0,0.0,15.0,0.0,548.0,124.0,False,6,1528,0
7481,1,1,2,17,0,0.0,0.0,0.0,0.0,0.0,True,7,1293,0
7482,1,0,1,35,0,676.0,0.0,0.0,0.0,40.0,False,6,1528,0
7483,1,0,1,22,0,0.0,1145.0,0.0,0.0,371.0,False,6,1529,0
7484,1,0,1,26,0,0.0,0.0,1.0,886.0,0.0,False,7,1296,1
7485,1,0,2,24,0,0.0,0.0,92.0,1492.0,0.0,True,5,517,1
7486,2,0,1,59,0,0.0,2593.0,0.0,98.0,0.0,True,3,300,0
7487,3,1,1,24,0,0.0,0.0,0.0,0.0,0.0,True,6,1531,0
7488,3,0,1,17,0,0.0,0.0,0.0,0.0,0.0,False,5,530,0
7489,3,1,1,28,0,0.0,0.0,0.0,0.0,0.0,True,6,1531,0
7490,1,1,1,38,0,0.0,0.0,0.0,0.0,0.0,True,7,1294,0
7491,2,0,1,2,0,0.0,0.0,0.0,0.0,306.7894819713431,True,2,315,0
7492,2,0,1,36,0,0.0,244.0,0.0,5432.0,2302.0,False,2,315,0
7493,2,1,3,32,0,0.0,0.0,0.0,0.0,0.0,True,2,315,0
7494,1,0,1,15,0,0.0,10.0,0.0,595.0,381.0,False,5,531,0
7495,1,0,1,54,0,0.0,0.0,5.0,1268.0,26.0,False,6,1532,0
7496,3,1,1,18,0,0.0,0.0,0.0,0.0,0.0,True,6,1660,1
7497,1,0,1,22,0,668.0,79.0,0.0,0.0,1.0,False,6,1661,1
7498,1,1,1,23,0,0.0,0.0,0.0,0.0,0.0,False,7,1298,1
7499,2,0,1,14,0,0.0,4545.0,271.0,199.0,1377.0,True,4,249,1
7500,2,1,1,26,0,0.0,0.0,0.0,0.0,0.0,True,4,249,1
7501,1,0,1,73,0,16.0,0.0,722.0,2.0,89.0,False,6,1533,0
7502,2,0,1,29,0,0.0,0.0,0.0,0.0,0.0,True,2,263,1
7503,3,1,1,29,0,0.0,0.0,0.0,0.0,0.0,True,6,1534,0
7504,1,0,1,12,0,0.0,0.0,0.0,0.0,0.0,False,7,1297,0
7505,1,0,3,27,0,31.0,225.0,331.0,0.0,14.0,False,6,1535,0
7506,1,0,1,31,0,779.0,0.0,3.0,57.0,0.0,False,7,1298,0
7507,1,1,2,26,0,222.89785157787045,0.0,0.0,0.0,0.0,False,7,1299,0
7508,2,1,3,35,0,0.0,0.0,0.0,0.0,0.0,True,4,250,1
7509,2,1,1,25,0,0.0,0.0,0.0,0.0,0.0,True,1,85,1
7510,2,1,1,40,0,0.0,0.0,0.0,0.0,0.0,True,1,85,1
7511,3,1,1,18,0,0.0,0.0,0.0,0.0,0.0,False,5,532,0
7512,3,0,1,52,0,1222.0,2.0,74.0,0.0,0.0,False,5,532,0
7513,3,1,1,35,0,0.0,0.0,0.0,0.0,0.0,True,6,1536,0
7514,1,0,1,51,0,172.0,350.0,0.0,16.0,1005.0,False,6,1537,0
7515,1,0,1,35,0,0.0,0.0,62.0,0.0,891.0,False,6,1537,0
7516,1,0,1,14,0,0.0,476.0,249.0,177.0,0.0,False,6,1538,0
7517,2,1,3,28,0,0.0,0.0,0.0,0.0,0.0,True,3,301,0
7518,2,1,3,26,0,0.0,0.0,0.0,0.0,0.0,True,3,301,0
7519,1,1,3,21,0,0.0,0.0,0.0,0.0,0.0,False,7,1299,1
7520,2,0,3,45,0,5.0,17901.0,0.0,79.0,281.0,True,1,97,0
7521,2,0,1,29,0,0.0,1408.0,0.0,408.0,1.0,True,1,97,0
7522,2,0,1,39,1,1.0,392.0,64.0,148.0,1367.0,True,1,97,0
7523,2,1,3,37,0,0.0,0.0,0.0,0.0,0.0,True,1,97,0
7524,1,1,2,22,0,0.0,0.0,0.0,0.0,0.0,True,7,1300,1
7525,1,0,1,22,0,6.0,21.0,0.0,782.0,0.0,False,7,1301,1
7526,1,0,2,30,0,0.0,34.0,143.0,275.0,0.0,False,7,1300,0
7527,1,1,1,1,0,0.0,0.0,0.0,0.0,0.0,True,6,82,0
7528,1,1,2,0,0,0.0,0.0,0.0,0.0,0.0,True,7,1300,0
7529,1,0,1,9,0,0.0,0.0,0.0,0.0,0.0,False,7,1302,0
7530,1,0,2,18,0,0.0,0.0,0.0,1.0,335.0,False,7,1302,0
7531,3,0,1,29,0,1544.0,1.0,206.0,0.0,0.0,False,6,1663,1
7532,3,0,3,52,0,222.89785157787045,0.0,262.0,1425.0,571.0,False,6,1540,0
7533,1,0,1,27,0,0.0,0.0,846.0,59.0,0.0,False,5,533,0
7534,2,0,1,54,0,0.0,793.0,0.0,87.0,1567.0,False,3,262,1
7535,2,0,1,28,0,40.0,9012.0,0.0,111.0,551.0,True,3,262,1
7536,2,1,1,65,0,0.0,0.0,0.0,0.0,0.0,True,2,267,1
7537,2,1,3,26,0,0.0,0.0,0.0,0.0,0.0,True,2,267,1
7538,1,0,1,29,0,12.0,2.0,0.0,432.0,1548.0,False,6,1664,1
7539,1,0,1,20,0,0.0,38.0,0.0,0.0,1779.0,False,7,1302,1
7540,3,0,1,39,0,1369.0,259.0,960.0,1.0,29.0,False,6,1541,0
7541,3,1,1,37,0,0.0,0.0,0.0,0.0,0.0,True,6,1541,0
7542,1,0,1,20,0,222.89785157787045,25.0,0.0,11.0,0.0,False,6,1543,0
7543,3,1,1,40,0,0.0,0.0,0.0,0.0,0.0,True,6,82,0
7544,3,0,1,0,0,0.0,0.0,0.0,0.0,0.0,True,5,534,0
7545,3,1,1,33,0,0.0,0.0,0.0,0.0,0.0,False,5,534,0
7546,3,1,1,23,0,0.0,0.0,0.0,0.0,0.0,True,6,1544,0
7547,1,0,3,32,0,1.0,0.0,174.90603284902085,9.0,663.0,False,6,1666,1
7548,1,0,1,20,0,0.0,52.0,0.0,110.0,614.0,False,6,1545,0
7549,2,1,3,60,0,0.0,0.0,0.0,0.0,0.0,True,4,234,0
7550,1,0,1,53,0,0.0,0.0,716.0,0.0,0.0,True,6,1546,0
7551,2,1,1,26,0,0.0,0.0,0.0,0.0,0.0,True,4,236,0
7552,2,0,3,35,0,0.0,5500.0,0.0,180.0,3173.0,False,4,236,0
7553,1,0,3,19,0,355.0,0.0,0.0,0.0,284.0,False,6,1547,0
7554,2,0,3,43,0,1.0,2060.0,174.90603284902085,1.0,2764.0,False,3,263,1
7555,2,0,3,29,0,2686.0,0.0,0.0,2854.0,2553.0,False,3,263,1
7556,1,0,1,20,0,721.0,122.0,0.0,0.0,0.0,False,7,1304,1
7557,1,0,1,19,0,0.0,0.0,134.0,1931.0,306.7894819713431,False,6,1667,1
7558,1,0,2,21,0,505.0,0.0,0.0,0.0,110.0,True,6,1548,0
7559,2,0,3,39,0,2.0,15450.0,336.0,1.0,904.0,True,4,251,1
7560,1,1,1,12,0,0.0,0.0,0.0,0.0,0.0,False,7,1305,1
7561,1,0,3,20,0,1842.0,0.0,0.0,0.0,0.0,True,6,1668,1
7562,1,0,1,18,0,595.0,134.0,7.0,0.0,0.0,False,6,1669,1
7563,2,0,1,31,0,222.89785157787045,745.0,0.0,6688.0,2161.0,False,3,264,1
7564,1,0,2,35,0,635.0,3.0,0.0,308.4769036733407,25.0,False,6,1549,0
7565,1,1,2,44,0,0.0,0.0,174.90603284902085,0.0,0.0,True,7,1306,1
7566,2,0,1,62,0,33.0,3518.0,0.0,394.0,0.0,True,2,268,1
7567,3,0,1,23,0,1.0,0.0,11.0,0.0,2336.0,False,5,521,1
7568,3,0,1,23,1,3.0,0.0,0.0,1677.0,306.7894819713431,False,6,1670,1
7569,1,0,1,19,0,0.0,0.0,1761.0,0.0,36.0,True,6,1671,1
7570,1,0,1,29,0,18.0,7.0,0.0,0.0,779.0,False,6,1672,1
7571,2,0,1,31,0,0.0,4655.0,135.0,2075.0,402.0,True,4,238,0
7572,2,1,3,33,1,0.0,451.96167494677076,0.0,0.0,0.0,True,4,238,0
7573,2,0,1,41,0,0.0,3216.0,0.0,433.0,517.0,False,4,238,0
7574,2,0,1,60,0,19.0,7316.0,0.0,0.0,1781.0,True,3,265,1
7575,2,1,1,41,0,0.0,0.0,174.90603284902085,0.0,0.0,True,2,317,0
7576,2,0,1,69,1,0.0,269.0,0.0,190.0,9033.0,False,2,269,1
7577,2,0,3,44,0,9.0,2311.0,0.0,633.0,1.0,True,2,269,1
7578,2,1,3,18,0,0.0,451.96167494677076,0.0,0.0,0.0,True,2,269,1
7579,2,0,3,26,0,0.0,11598.0,0.0,3.0,386.0,True,2,269,1
7580,1,0,1,30,0,4.0,0.0,442.0,2441.0,0.0,False,6,1674,1
7581,3,0,1,34,0,81.0,0.0,492.0,122.0,0.0,False,6,1675,1
7582,1,0,2,18,0,0.0,0.0,15.0,570.0,84.0,False,6,1677,1
7583,1,1,3,49,0,0.0,0.0,0.0,0.0,0.0,True,7,1306,0
7584,1,0,2,71,0,48.0,43.0,0.0,78.0,534.0,False,6,1678,1
7585,1,0,2,19,0,150.0,605.0,0.0,0.0,1.0,False,6,1552,0
7586,1,0,2,23,0,90.0,4.0,0.0,7.0,588.0,False,6,1553,0
7587,2,1,1,31,0,0.0,0.0,0.0,0.0,0.0,True,2,318,0
7588,2,1,1,40,0,0.0,0.0,0.0,0.0,0.0,True,2,318,0
7589,3,0,3,28,0,49.0,0.0,0.0,2.0,1136.0,False,4,252,1
7590,2,1,1,17,0,0.0,0.0,0.0,0.0,0.0,True,2,319,0
7591,2,0,1,24,0,0.0,809.0,0.0,4928.0,143.0,False,2,319,0
7592,2,1,3,54,0,0.0,0.0,0.0,0.0,0.0,True,2,319,0
7593,1,1,1,21,0,0.0,0.0,0.0,0.0,0.0,False,7,1310,1
7594,1,1,3,2,0,0.0,0.0,0.0,0.0,0.0,False,6,1555,0
7595,1,0,3,20,0,6.0,1119.0,0.0,24.0,13.0,True,6,1555,0
7596,1,0,3,20,0,97.0,279.0,0.0,301.0,39.0,False,6,1555,0
7597,2,0,3,36,0,0.0,4260.0,0.0,0.0,1678.0,True,4,253,1
7598,1,1,1,25,0,0.0,0.0,174.90603284902085,0.0,0.0,True,7,1311,1
7599,2,0,3,58,0,0.0,226.0,0.0,5481.0,306.7894819713431,False,3,302,0
7600,2,0,1,37,0,79.0,218.0,0.0,442.0,659.0,True,3,302,0
7601,2,0,1,26,0,0.0,13.0,0.0,3803.0,3557.0,False,3,302,0
7602,1,1,1,45,0,0.0,0.0,0.0,0.0,0.0,False,7,1312,1
7603,1,0,1,44,0,0.0,903.0,0.0,0.0,0.0,False,6,1681,1
7604,3,1,1,24,0,0.0,0.0,0.0,0.0,0.0,True,6,1682,1
7605,1,1,3,13,0,0.0,0.0,0.0,0.0,0.0,True,6,82,0
7606,1,0,1,4,0,0.0,0.0,0.0,0.0,0.0,True,7,1313,1
7607,1,0,1,24,0,381.0,925.0,342.0,0.0,642.0,False,6,1683,1
7608,1,0,3,27,0,3.0,13.0,0.0,0.0,788.0,False,6,1683,1
7609,1,0,1,39,0,44.0,1620.0,0.0,6.0,0.0,False,5,522,1
7610,1,1,1,23,0,0.0,0.0,0.0,0.0,0.0,False,7,1308,0
7611,1,0,3,4,0,0.0,0.0,0.0,0.0,0.0,False,7,1308,0
7612,1,1,1,0,0,0.0,0.0,0.0,0.0,0.0,False,7,1308,0
7613,3,1,1,22,0,0.0,0.0,0.0,0.0,0.0,True,6,1557,0
7614,3,0,1,27,0,831.0,0.0,0.0,867.0,20.0,False,4,254,1
7615,2,1,1,22,0,0.0,0.0,0.0,0.0,0.0,True,3,267,1
7616,2,1,3,26,0,0.0,0.0,0.0,0.0,0.0,True,3,268,1
7617,2,0,1,60,0,0.0,5998.0,0.0,4794.0,8.0,False,3,268,1
7618,1,0,1,18,0,0.0,297.0,0.0,588.0,23.0,False,7,1314,1
7619,1,1,3,20,0,0.0,0.0,0.0,0.0,0.0,False,7,1315,1
7620,1,0,1,25,0,11.0,780.0,0.0,0.0,0.0,True,5,523,1
7621,1,1,2,24,0,0.0,0.0,0.0,0.0,0.0,True,7,1309,0
7622,1,1,1,38,0,0.0,0.0,0.0,0.0,0.0,True,7,1310,0
7623,1,0,1,18,0,0.0,17.0,5.0,0.0,712.0,True,6,1558,0
7624,2,1,3,45,0,0.0,0.0,0.0,0.0,0.0,True,2,270,1
7625,2,0,1,13,0,0.0,3680.0,0.0,1529.0,3854.0,False,2,270,1
7626,2,0,1,28,0,0.0,3317.0,77.0,0.0,130.0,True,2,270,1
7627,2,0,1,5,0,0.0,0.0,0.0,0.0,0.0,True,2,270,1
7628,1,0,1,20,0,0.0,142.0,0.0,3528.0,92.0,False,7,1317,1
7629,1,1,1,2,0,0.0,0.0,0.0,0.0,0.0,True,6,82,0
7630,1,0,1,42,0,18.0,5.0,470.0,356.0,57.0,False,7,1317,1
7631,1,0,3,0,0,0.0,0.0,0.0,0.0,0.0,True,7,1317,1
7632,1,0,1,18,0,0.0,508.0,0.0,44.0,257.0,False,7,1318,1
7633,1,1,2,26,0,0.0,0.0,0.0,0.0,0.0,False,7,1319,1
7634,3,1,3,3,0,0.0,0.0,174.90603284902085,0.0,0.0,True,5,539,0
7635,3,1,2,49,0,0.0,0.0,0.0,0.0,0.0,True,5,539,0
7636,3,0,1,19,0,691.0,0.0,10.0,561.0,25.0,False,5,539,0
7637,1,1,1,19,0,0.0,0.0,0.0,0.0,0.0,False,7,1312,0
7638,1,1,1,15,0,0.0,0.0,0.0,0.0,0.0,False,7,1320,1
7639,1,0,2,53,0,90.0,29.0,102.0,244.0,56.0,False,7,1321,1
7640,1,0,1,0,0,0.0,0.0,0.0,0.0,0.0,True,7,1313,0
7641,1,0,3,39,0,1663.0,0.0,262.0,229.0,0.0,False,6,1560,0
7642,1,0,1,45,0,0.0,0.0,2778.0,1910.0,0.0,False,7,1313,0
7643,1,1,1,10,0,0.0,0.0,0.0,0.0,0.0,True,7,1313,0
7644,1,0,3,1,0,0.0,0.0,0.0,0.0,0.0,True,7,1313,0
7645,1,0,1,9,0,0.0,0.0,0.0,0.0,0.0,True,7,1313,0
7646,3,0,1,40,0,953.0,0.0,356.0,0.0,0.0,False,6,1686,1
7647,1,0,1,26,0,0.0,0.0,0.0,622.0,8.0,False,6,1687,1
7648,1,0,1,18,0,1157.0,28.0,50.0,0.0,0.0,False,6,1688,1
7649,2,0,1,47,0,0.0,314.0,0.0,889.0,1090.0,False,5,524,1
7650,1,0,1,31,0,0.0,918.0,0.0,0.0,900.0,False,7,1314,0
7651,3,0,1,28,0,279.0,11.0,40.0,718.0,0.0,False,5,525,1
7652,1,1,2,23,0,0.0,0.0,0.0,0.0,0.0,True,7,1315,0
7653,1,0,3,32,0,7.0,723.0,174.90603284902085,6.0,13.0,False,6,1561,0
7654,1,0,1,32,0,293.0,889.0,1.0,1.0,200.0,False,6,1561,0
7655,1,0,1,21,0,644.0,0.0,0.0,0.0,2.0,False,6,1561,0
7656,1,0,1,28,0,4.0,0.0,9.0,20.0,831.0,False,6,1561,0
7657,1,0,1,22,0,753.0,0.0,0.0,0.0,0.0,False,7,1316,0
7658,1,0,1,18,0,0.0,858.0,2.0,308.4769036733407,0.0,True,7,1316,0
7659,1,1,2,28,0,0.0,0.0,0.0,0.0,0.0,True,7,1316,0
7660,1,1,1,38,0,0.0,0.0,0.0,0.0,0.0,True,7,1316,0
7661,1,0,1,46,0,0.0,0.0,594.0,154.0,0.0,False,6,1690,1
7662,2,0,1,44,0,0.0,3771.0,0.0,521.0,4.0,True,3,304,0
7663,2,1,1,38,0,0.0,0.0,0.0,0.0,0.0,True,3,305,0
7664,2,0,3,28,0,5.0,8252.0,0.0,181.0,3027.0,False,1,98,0
7665,1,0,1,31,0,116.0,451.96167494677076,298.0,2.0,227.0,False,7,1317,0
7666,1,1,1,18,0,0.0,0.0,0.0,0.0,0.0,True,7,1318,0
7667,1,0,2,18,0,0.0,220.0,4.0,0.0,532.0,False,6,1564,0
7668,1,0,3,4,0,0.0,0.0,0.0,0.0,0.0,True,7,1319,0
7669,1,1,2,0,0,0.0,0.0,0.0,0.0,0.0,True,7,1319,0
7670,1,0,1,0,0,0.0,0.0,0.0,0.0,306.7894819713431,False,7,1319,0
7671,1,1,2,23,0,0.0,0.0,0.0,0.0,0.0,False,7,1319,0
7672,2,0,1,35,0,0.0,747.0,0.0,0.0,2478.0,False,3,271,1
7673,2,1,3,43,0,0.0,0.0,0.0,0.0,0.0,True,2,320,0
7674,1,0,2,18,0,0.0,0.0,19.0,751.0,4.0,False,7,1320,0
7675,1,0,1,18,0,539.0,2.0,3.0,900.0,0.0,False,6,1566,0
7676,1,0,1,18,0,0.0,0.0,662.0,30.0,0.0,True,6,1567,0
7677,1,0,3,49,0,598.0,0.0,0.0,118.0,0.0,False,6,1693,1
7678,1,0,1,19,0,0.0,0.0,0.0,0.0,0.0,False,7,1329,1
7679,1,1,2,22,0,0.0,0.0,0.0,0.0,0.0,True,7,1330,1
7680,2,0,1,4,0,0.0,451.96167494677076,0.0,308.4769036733407,0.0,True,3,306,0
7681,2,0,1,0,0,0.0,0.0,0.0,0.0,0.0,True,3,306,0
7682,1,1,1,28,0,0.0,0.0,0.0,0.0,306.7894819713431,True,3,306,0
7683,2,0,1,39,0,19.0,3603.0,0.0,421.0,517.0,True,3,306,0
7684,2,0,3,36,0,0.0,8151.0,5.0,0.0,8182.0,False,3,306,0
7685,2,1,1,53,0,0.0,0.0,0.0,0.0,0.0,True,3,306,0
7686,2,0,3,23,0,0.0,395.0,0.0,6.0,306.7894819713431,False,3,307,0
7687,2,1,1,24,0,0.0,0.0,0.0,0.0,0.0,True,3,307,0
7688,2,0,1,25,0,0.0,1003.0,1629.0,73.0,748.0,False,5,541,0
7689,2,0,1,30,0,209.0,157.0,2566.0,171.0,472.0,False,5,541,0
7690,1,0,1,20,0,625.0,0.0,2.0,0.0,0.0,False,7,1331,1
7691,3,1,1,40,0,0.0,0.0,0.0,0.0,0.0,True,6,1695,1
7692,1,1,2,18,0,0.0,0.0,0.0,0.0,0.0,True,7,1322,0
7693,1,0,1,57,0,6.0,510.0,372.0,0.0,0.0,True,7,1332,1
7694,3,0,1,47,0,1282.0,0.0,5.0,495.0,0.0,False,4,241,0
7695,1,1,3,26,0,222.89785157787045,0.0,0.0,0.0,0.0,True,7,1323,0
7696,1,0,2,29,0,487.0,0.0,60.0,12.0,0.0,False,6,1569,0
7697,1,0,1,32,0,0.0,2.0,1.0,0.0,881.0,False,7,1333,1
7698,2,1,1,30,0,0.0,0.0,0.0,0.0,0.0,True,4,242,0
7699,1,0,1,18,0,22.0,0.0,681.0,0.0,1.0,True,7,1334,1
7700,1,0,1,49,0,0.0,4.0,50.0,0.0,746.0,False,6,1570,0
7701,2,1,1,33,0,0.0,0.0,0.0,0.0,0.0,True,2,272,1
7702,1,0,1,18,0,3.0,0.0,3.0,1773.0,0.0,False,7,1335,1
7703,2,0,1,29,0,0.0,5157.0,1.0,136.0,32.0,True,1,99,0
7704,3,1,1,34,0,0.0,0.0,0.0,0.0,0.0,True,6,1696,1
7705,3,0,1,43,0,1054.0,109.0,576.0,645.0,0.0,False,4,257,1
7706,3,0,1,18,0,32.0,1255.0,1.0,0.0,0.0,True,6,1697,1
7707,1,1,1,31,0,0.0,0.0,0.0,0.0,0.0,False,7,1325,0
7708,3,0,1,15,0,85.0,0.0,1130.0,0.0,248.0,False,6,82,0
7709,3,1,1,3,0,0.0,0.0,0.0,0.0,0.0,True,6,1572,0
7710,3,1,1,37,0,0.0,0.0,0.0,0.0,0.0,True,6,1572,0
7711,3,1,1,1,0,0.0,0.0,0.0,0.0,0.0,True,6,1572,0
7712,1,0,1,27,0,14.0,1186.0,460.0,12.0,9.0,True,5,527,1
7713,1,1,1,15,0,0.0,0.0,0.0,0.0,0.0,True,7,1336,1
7714,1,0,1,33,0,201.0,819.0,0.0,0.0,0.0,True,7,1327,0
7715,1,0,1,65,0,0.0,0.0,113.0,208.0,587.0,False,7,1327,0
7716,1,0,1,19,0,5.0,666.0,0.0,123.0,440.0,False,6,1574,0
7717,1,0,1,30,0,0.0,0.0,779.0,0.0,18.0,False,6,1575,0
7718,1,0,1,37,0,72.0,0.0,18.0,0.0,809.0,False,6,1575,0
7719,1,0,1,15,0,0.0,21.0,22.0,1149.0,249.0,False,6,1576,0
7720,1,0,1,19,0,511.0,0.0,0.0,267.0,0.0,False,6,1577,0
7721,1,0,1,20,0,749.0,16.0,0.0,0.0,29.0,False,6,1578,0
7722,1,1,3,19,0,0.0,0.0,0.0,0.0,0.0,False,7,1328,0
7723,1,0,3,21,0,499.0,0.0,193.0,1.0,1.0,False,6,1579,0
7724,1,0,1,20,0,2.0,2.0,876.0,8.0,0.0,True,7,1330,0
7725,1,0,1,18,0,0.0,44.0,0.0,795.0,69.0,False,7,1331,0
7726,1,0,1,27,0,1007.0,0.0,0.0,9.0,0.0,False,7,1337,1
7727,2,0,1,23,0,0.0,2984.0,23.0,686.0,173.0,True,4,258,1
7728,1,1,1,25,0,0.0,0.0,0.0,0.0,0.0,False,7,1339,1
7729,1,0,2,72,0,309.0,0.0,0.0,0.0,463.0,False,7,1339,1
7730,1,1,1,35,0,0.0,0.0,0.0,0.0,0.0,True,7,1332,0
7731,1,0,3,29,0,52.0,451.96167494677076,612.0,465.0,79.0,False,6,1699,1
7732,1,0,1,11,0,0.0,0.0,0.0,0.0,0.0,False,7,1341,1
7733,1,1,1,7,0,0.0,0.0,0.0,0.0,0.0,False,7,1341,1
7734,3,1,1,28,0,0.0,0.0,0.0,0.0,0.0,True,6,1700,1
7735,1,0,1,28,0,0.0,1.0,12.0,875.0,0.0,False,7,1333,0
7736,3,0,1,41,0,396.0,0.0,653.0,0.0,0.0,False,5,529,1
7737,1,0,1,28,0,0.0,0.0,486.0,324.0,0.0,False,7,1342,1
7738,1,0,3,19,0,84.0,4.0,4.0,629.0,0.0,False,6,1582,0
7739,1,0,3,8,0,0.0,0.0,0.0,0.0,0.0,True,7,1334,0
7740,1,1,3,4,0,0.0,0.0,0.0,0.0,0.0,True,7,1334,0
7741,1,1,2,38,0,0.0,0.0,0.0,0.0,0.0,False,7,1343,1
7742,3,0,1,21,0,32.0,0.0,1008.0,0.0,0.0,True,6,1584,0
7743,1,1,1,18,0,0.0,0.0,0.0,0.0,0.0,False,7,1344,1
7744,1,1,1,10,0,0.0,0.0,0.0,0.0,0.0,True,7,1345,1
7745,3,0,1,29,0,304.0,0.0,48.0,946.0,0.0,False,5,530,1
7746,3,1,1,25,0,0.0,0.0,0.0,0.0,0.0,True,6,1701,1
7747,2,1,1,40,0,0.0,0.0,0.0,0.0,0.0,True,2,321,0
7748,2,0,1,19,0,0.0,3.0,0.0,918.0,2346.0,False,2,321,0
7749,3,0,1,38,0,86.0,1144.0,783.0,0.0,0.0,True,6,1702,1
7750,1,0,1,19,0,29.0,2633.0,0.0,0.0,124.0,True,6,1586,0
7751,3,0,1,0,0,0.0,0.0,0.0,0.0,0.0,True,6,1587,0
7752,3,1,1,4,0,0.0,0.0,0.0,0.0,0.0,True,6,1587,0
7753,3,1,1,29,0,0.0,451.96167494677076,0.0,308.4769036733407,0.0,True,6,1587,0
7754,1,0,1,46,0,0.0,0.0,0.0,369.0,515.0,False,7,1346,1
7755,3,1,1,32,0,0.0,0.0,0.0,0.0,0.0,True,6,1588,0
7756,2,0,1,26,0,0.0,0.0,0.0,0.0,0.0,True,3,273,1
7757,2,1,1,23,0,0.0,0.0,0.0,0.0,0.0,True,3,273,1
7758,1,1,3,32,0,0.0,0.0,0.0,0.0,0.0,True,7,1348,1
7759,1,0,1,31,0,0.0,4334.0,55.0,56.0,306.7894819713431,True,7,1349,1
7760,1,0,1,34,0,0.0,0.0,880.0,22.0,0.0,True,6,1703,1
7761,1,0,1,45,0,0.0,1.0,233.0,453.0,17.0,False,6,1704,1
7762,1,0,1,61,0,67.0,0.0,654.0,0.0,86.0,False,7,1336,0
7763,3,0,1,21,0,1242.0,0.0,654.0,0.0,0.0,False,5,542,0
7764,3,0,1,28,0,1852.0,0.0,870.0,0.0,7.0,False,4,259,1
7765,3,0,1,15,0,1150.0,0.0,175.0,1.0,11.0,False,6,1705,1
7766,1,1,1,14,0,0.0,0.0,0.0,0.0,0.0,False,7,1350,1
7767,1,1,1,18,0,0.0,0.0,0.0,0.0,0.0,True,7,1339,0
7768,2,1,1,39,0,0.0,0.0,0.0,0.0,0.0,True,3,310,0
7769,3,1,1,62,0,0.0,0.0,0.0,0.0,0.0,True,5,543,0
7770,3,0,1,40,0,1309.0,0.0,0.0,0.0,0.0,False,6,1591,0
7771,1,0,1,21,0,5.0,0.0,0.0,22.0,639.0,False,6,1592,0
7772,3,1,1,12,0,0.0,0.0,0.0,0.0,0.0,True,6,1593,0
7773,2,0,1,27,0,0.0,451.96167494677076,0.0,1866.0,676.0,True,3,274,1
7774,2,0,1,28,0,1722.0,5063.0,0.0,87.0,920.0,False,3,275,1
7775,1,0,1,0,0,0.0,0.0,0.0,0.0,0.0,True,7,1340,0
7776,1,0,1,17,0,4.0,0.0,867.0,0.0,0.0,False,6,1594,0
7777,3,0,3,23,0,218.0,0.0,2267.0,497.0,0.0,False,6,1595,0
7778,1,0,1,6,0,0.0,0.0,0.0,0.0,0.0,True,7,1351,1
7779,1,1,2,29,0,0.0,0.0,0.0,0.0,0.0,True,7,1351,1
7780,1,0,1,41,0,836.0,0.0,0.0,308.4769036733407,49.0,False,7,1351,1
7781,2,0,3,27,1,0.0,1337.0,1929.0,0.0,0.0,True,1,100,0
7782,2,1,1,34,0,0.0,0.0,0.0,0.0,0.0,True,1,100,0
7783,2,1,3,36,0,0.0,0.0,0.0,0.0,0.0,True,5,545,0
7784,1,0,1,30,0,467.0,0.0,0.0,0.0,287.0,False,7,1341,0
7785,2,0,1,30,0,0.0,640.0,0.0,31.0,6201.0,False,4,245,0
7786,1,0,3,29,1,0.0,2949.0,0.0,2.0,654.0,True,4,245,0
7787,1,0,1,21,0,380.0,177.0,161.0,0.0,85.0,False,6,1598,0
7788,1,0,3,21,0,532.0,4.0,37.0,1.0,0.0,False,6,1709,1
7789,1,0,3,18,0,2.0,83.0,576.0,37.0,0.0,False,6,1710,1
7790,3,1,1,11,0,0.0,0.0,0.0,0.0,0.0,True,6,1711,1
7791,3,0,1,65,0,1399.0,0.0,0.0,0.0,0.0,False,6,1711,1
7792,3,0,3,25,0,149.0,0.0,194.0,731.0,0.0,False,6,1711,1
7793,3,1,3,0,0,0.0,0.0,0.0,0.0,0.0,True,6,1711,1
7794,1,0,1,24,0,0.0,0.0,729.0,308.4769036733407,75.0,False,6,1712,1
7795,1,1,2,19,0,0.0,0.0,0.0,0.0,0.0,True,7,1352,1
7796,1,0,1,23,0,0.0,0.0,0.0,0.0,693.0,False,6,1713,1
7797,2,0,2,45,1,222.89785157787045,49.0,0.0,4864.0,3902.0,False,6,82,0
7798,1,1,3,52,0,0.0,0.0,0.0,0.0,0.0,True,3,312,0
7799,1,0,2,55,0,0.0,465.0,277.0,48.0,0.0,True,5,546,0
7800,1,1,2,24,0,0.0,0.0,0.0,0.0,0.0,False,7,1353,1
7801,1,0,1,31,0,773.0,0.0,0.0,308.4769036733407,1.0,False,7,1354,1
7802,1,1,1,18,0,0.0,0.0,0.0,0.0,0.0,False,7,1356,1
7803,1,1,1,22,0,0.0,0.0,0.0,0.0,0.0,False,7,1357,1
7804,1,0,1,39,0,799.0,0.0,0.0,4.0,0.0,False,6,1600,0
7805,1,1,2,19,0,0.0,0.0,0.0,0.0,0.0,True,7,1358,1
7806,2,0,3,33,0,988.0,0.0,0.0,2274.0,3098.0,False,3,313,0
7807,1,1,2,14,0,0.0,0.0,0.0,0.0,0.0,True,7,1359,1
7808,3,0,1,30,0,697.0,0.0,602.0,0.0,0.0,False,5,531,1
7809,3,1,1,30,0,0.0,0.0,0.0,0.0,0.0,True,5,547,0
7810,3,1,1,21,0,0.0,0.0,0.0,0.0,0.0,True,6,1716,1
7811,3,0,1,45,0,506.0,0.0,2.0,829.0,0.0,False,6,1716,1
7812,3,1,1,17,0,0.0,0.0,0.0,308.4769036733407,0.0,True,6,1716,1
7813,2,0,1,39,0,0.0,261.0,174.90603284902085,1831.0,1797.0,False,4,246,0
7814,2,0,1,22,0,0.0,3716.0,0.0,1098.0,2065.0,False,4,246,0
7815,1,0,1,37,0,477.0,0.0,167.0,0.0,46.0,False,6,1601,0
7816,2,0,1,48,0,0.0,451.96167494677076,0.0,408.0,293.0,True,5,548,0
7817,2,1,1,33,0,0.0,0.0,0.0,0.0,0.0,True,5,548,0
7818,2,0,3,37,0,0.0,2215.0,2.0,1294.0,274.0,False,5,548,0
7819,1,0,1,27,0,1403.0,169.0,1081.0,0.0,0.0,False,6,1717,1
7820,3,1,1,29,0,0.0,0.0,174.90603284902085,0.0,0.0,True,4,247,0
7821,3,0,1,38,0,30.0,434.0,117.0,372.0,0.0,True,4,247,0
7822,3,1,1,16,0,0.0,0.0,0.0,0.0,0.0,True,4,247,0
7823,1,0,2,18,0,0.0,0.0,1792.0,16.0,248.0,False,6,1602,0
7824,1,0,1,28,0,41.0,23.0,63.0,0.0,647.0,False,6,1718,1
7825,3,1,1,47,0,0.0,451.96167494677076,0.0,0.0,0.0,True,5,532,1
7826,2,1,1,15,0,0.0,0.0,0.0,0.0,0.0,True,2,323,0
7827,2,1,1,13,0,0.0,0.0,0.0,0.0,0.0,True,2,323,0
7828,1,1,2,19,0,0.0,0.0,0.0,0.0,0.0,False,7,1361,1
7829,2,1,1,17,0,0.0,0.0,0.0,0.0,0.0,True,2,326,0
7830,2,1,1,31,0,0.0,451.96167494677076,0.0,0.0,0.0,True,2,326,0
7831,1,0,1,19,0,49.0,680.0,0.0,0.0,46.0,True,6,1720,1
7832,2,0,3,25,0,0.0,1673.0,0.0,642.0,612.0,False,1,101,0
7833,2,0,1,26,0,0.0,690.0,1.0,1030.0,2273.0,False,1,101,0
7834,1,1,3,25,0,0.0,0.0,0.0,0.0,0.0,True,7,1363,1
7835,1,0,1,2,0,0.0,0.0,0.0,0.0,0.0,False,7,1364,1
7836,1,0,1,7,0,0.0,0.0,0.0,0.0,0.0,False,6,82,0
7837,1,1,1,2,0,0.0,0.0,0.0,0.0,0.0,True,7,1364,1
7838,1,0,1,19,0,0.0,0.0,0.0,308.4769036733407,616.0,False,7,1364,1
7839,1,0,1,1,0,0.0,0.0,0.0,0.0,0.0,False,7,1364,1
7840,1,1,1,4,0,0.0,0.0,0.0,0.0,0.0,True,7,1365,1
7841,1,0,3,49,0,336.0,64.0,377.0,0.0,0.0,True,6,1721,1
7842,3,1,1,61,0,0.0,0.0,0.0,0.0,0.0,True,6,1604,0
7843,3,0,1,57,1,435.0,22.0,1435.0,4.0,0.0,True,5,549,0
7844,1,0,3,52,0,0.0,0.0,638.0,115.0,0.0,True,6,1605,0
7845,1,0,1,22,0,1.0,2.0,243.0,0.0,484.0,False,6,1606,0
7846,2,1,3,37,0,0.0,0.0,0.0,0.0,0.0,True,6,82,0
7847,1,0,2,15,0,64.0,0.0,0.0,0.0,640.0,True,6,82,0
7848,3,1,1,28,0,0.0,0.0,0.0,0.0,0.0,True,6,1607,0
7849,3,0,1,40,0,963.0,14.0,320.0,1.0,0.0,False,5,537,1
7850,1,0,1,13,0,0.0,0.0,505.0,2810.0,9.0,False,6,1608,0
7851,1,0,1,24,0,462.0,0.0,0.0,0.0,240.0,False,6,1609,0
7852,1,1,2,25,0,0.0,0.0,0.0,0.0,0.0,True,7,1367,1
7853,1,0,1,25,0,0.0,0.0,0.0,788.0,3.0,False,5,550,0
7854,2,0,1,43,0,0.0,7269.0,0.0,2750.0,2367.0,False,3,277,1
7855,1,1,1,46,0,0.0,0.0,0.0,0.0,0.0,False,7,1368,1
7856,1,1,1,3,0,0.0,0.0,0.0,0.0,0.0,False,7,1368,1
7857,1,0,1,3,0,0.0,0.0,0.0,0.0,0.0,True,7,1368,1
7858,1,1,1,3,0,0.0,0.0,0.0,0.0,0.0,True,7,1368,1
7859,1,0,1,8,0,0.0,0.0,0.0,0.0,0.0,False,7,1368,1
7860,1,0,1,57,0,0.0,839.0,1.0,0.0,2.0,True,7,1368,1
7861,1,0,1,11,0,0.0,0.0,0.0,0.0,0.0,False,7,1368,1
7862,1,0,1,20,0,0.0,0.0,0.0,1535.0,0.0,False,6,1722,1
7863,1,0,3,27,0,0.0,1283.0,0.0,2256.0,0.0,False,7,1369,1
7864,1,0,1,20,0,781.0,0.0,33.0,308.4769036733407,0.0,True,6,1724,1
7865,1,1,2,14,0,0.0,0.0,0.0,0.0,0.0,True,7,1370,1
7866,1,0,2,24,0,86.0,669.0,1.0,0.0,0.0,False,6,1610,0
7867,1,0,1,21,0,163.0,146.0,54.0,245.0,95.0,False,6,1725,1
7868,2,0,3,33,1,9.0,1365.0,0.0,5577.0,1483.0,False,2,276,1
7869,2,0,1,32,0,0.0,13.0,0.0,2148.0,319.0,False,4,260,1
7870,1,0,2,22,0,2.0,104.0,404.0,0.0,0.0,True,7,1371,1
7871,2,1,1,15,0,0.0,0.0,0.0,0.0,0.0,True,2,329,0
7872,2,1,1,41,0,0.0,0.0,0.0,0.0,0.0,True,2,329,0
7873,2,1,3,31,0,0.0,0.0,0.0,0.0,0.0,True,3,315,0
7874,2,1,3,35,0,0.0,0.0,0.0,0.0,0.0,True,3,316,0
7875,1,1,1,48,0,0.0,0.0,0.0,308.4769036733407,0.0,True,7,1346,0
7876,1,1,1,15,0,0.0,0.0,0.0,0.0,0.0,True,7,1346,0
7877,1,0,1,37,0,0.0,0.0,1025.0,0.0,0.0,True,7,1372,1
7878,3,0,1,21,0,1214.0,179.0,566.0,308.4769036733407,619.0,False,4,250,0
7879,1,0,1,34,0,44.0,1290.0,51.0,0.0,9.0,False,6,1613,0
7880,1,1,1,19,0,0.0,0.0,0.0,0.0,0.0,False,7,1373,1
7881,1,0,1,52,0,289.0,302.0,0.0,112.0,0.0,False,6,1615,0
7882,1,0,1,15,0,0.0,3137.0,0.0,0.0,0.0,True,6,1726,1
7883,1,0,1,24,0,0.0,171.0,591.0,22.0,0.0,False,7,1374,1
7884,1,0,1,45,0,0.0,0.0,635.0,2.0,0.0,True,5,553,0
7885,2,1,3,13,0,0.0,0.0,0.0,0.0,0.0,True,2,330,0
7886,2,0,1,18,0,0.0,0.0,0.0,206.0,2684.0,False,2,330,0
7887,1,0,1,19,0,0.0,168.0,481.0,0.0,0.0,True,6,1618,0
7888,1,1,1,20,0,0.0,0.0,0.0,0.0,0.0,True,7,1349,0
7889,1,0,1,20,0,4210.0,4.0,0.0,58.0,0.0,False,5,554,0
7890,1,0,1,27,0,1.0,30.0,739.0,0.0,33.0,True,6,1619,0
7891,1,0,1,22,0,0.0,0.0,6.0,0.0,733.0,False,6,1620,0
7892,1,1,2,17,0,0.0,0.0,0.0,0.0,0.0,False,7,1376,1
7893,1,1,3,23,0,0.0,0.0,0.0,0.0,0.0,True,7,1351,0
7894,1,0,1,29,0,324.0,0.0,546.0,0.0,0.0,False,6,1621,0
7895,2,1,3,24,0,0.0,0.0,0.0,0.0,0.0,True,2,277,1
7896,2,0,3,26,0,1.0,4680.0,25.0,564.0,13.0,False,2,277,1
7897,1,1,1,36,0,0.0,0.0,0.0,0.0,0.0,False,7,1377,1
7898,1,0,1,25,0,341.0,608.0,2.0,2.0,16.0,True,6,1729,1
7899,1,0,2,36,0,52.0,0.0,132.0,334.0,176.0,False,6,82,0
7900,3,0,1,32,0,725.0,0.0,1641.0,0.0,0.0,False,6,1624,0
7901,1,1,3,16,0,0.0,0.0,0.0,0.0,0.0,True,7,1352,0
7902,3,0,1,32,0,857.0,158.0,0.0,33.0,0.0,False,5,540,1
7903,1,0,1,48,0,0.0,1570.0,1.0,0.0,2.0,False,6,1733,1
7904,1,0,1,25,0,1.0,0.0,1.0,14.0,1491.0,False,6,1734,1
7905,2,1,3,46,0,0.0,0.0,0.0,0.0,306.7894819713431,True,2,278,1
7906,2,0,3,32,0,0.0,2154.0,0.0,9655.0,859.0,False,3,317,0
7907,2,0,1,50,0,0.0,3070.0,0.0,44.0,562.0,True,3,317,0
7908,3,0,3,31,0,1997.0,0.0,0.0,0.0,0.0,False,6,1625,0
7909,3,1,1,27,0,0.0,0.0,0.0,0.0,0.0,True,6,1625,0
7910,2,0,3,52,1,0.0,831.0,1536.0,0.0,7953.0,False,3,279,1
7911,2,1,1,34,0,0.0,0.0,0.0,0.0,0.0,True,3,279,1
7912,2,1,3,40,0,0.0,0.0,0.0,0.0,0.0,True,3,279,1
7913,2,0,1,36,0,0.0,1055.0,18.0,1669.0,49.0,True,3,279,1
7914,1,0,1,19,0,112.0,0.0,265.0,396.0,0.0,False,7,1354,0
7915,2,1,3,33,0,0.0,0.0,0.0,0.0,0.0,True,3,280,1
7916,1,0,1,23,0,29.0,0.0,174.90603284902085,332.0,270.0,False,6,1627,0
7917,2,0,3,57,0,0.0,4301.0,31.0,665.0,6329.0,False,3,319,0
7918,2,1,3,24,0,0.0,0.0,0.0,0.0,0.0,True,3,319,0
7919,2,1,3,19,0,0.0,0.0,0.0,0.0,0.0,True,3,319,0
7920,2,1,1,54,0,0.0,0.0,0.0,0.0,0.0,True,3,319,0
7921,2,0,1,28,0,1004.0,2423.0,0.0,0.0,17.0,True,3,319,0
7922,2,0,1,26,1,1.0,5610.0,0.0,5.0,119.0,True,3,319,0
7923,1,1,2,43,0,0.0,0.0,0.0,0.0,0.0,False,7,1355,0
7924,1,0,1,39,0,0.0,21.0,63.0,677.0,0.0,False,6,1628,0
7925,1,0,1,21,0,32.0,640.0,0.0,0.0,0.0,True,6,1629,0
7926,1,0,3,24,0,0.0,0.0,608.0,37.0,0.0,False,6,1630,0
7927,3,0,1,35,0,0.0,0.0,0.0,0.0,0.0,False,5,542,1
7928,3,1,1,61,0,0.0,0.0,0.0,0.0,0.0,True,6,1736,1
7929,1,0,1,21,0,0.0,5.0,0.0,687.0,10.0,False,6,1737,1
7930,1,1,3,14,0,0.0,0.0,0.0,0.0,0.0,True,7,1379,1
7931,3,0,3,38,0,1161.0,0.0,19.0,0.0,0.0,False,4,263,1
7932,1,1,3,23,0,0.0,0.0,0.0,0.0,0.0,True,7,1356,0
7933,2,0,3,31,1,8243.0,280.0,0.0,3220.0,2285.0,False,3,281,1
7934,2,0,3,66,1,0.0,1828.0,1.0,1873.0,45.0,False,5,556,0
7935,1,1,1,56,0,0.0,0.0,0.0,0.0,0.0,False,7,1380,1
7936,1,0,3,21,0,39.0,53.0,94.0,33.0,518.0,False,6,1632,0
7937,2,0,3,49,0,0.0,2808.0,1083.0,110.0,1132.0,False,2,331,0
7938,2,0,3,21,0,2.0,4887.0,64.0,4952.0,1734.0,False,2,331,0
7939,3,0,1,27,0,244.0,0.0,492.0,297.0,23.0,True,4,252,0
7940,1,0,1,23,0,0.0,1.0,51.0,1711.0,219.0,False,6,1633,0
7941,1,0,1,27,0,0.0,0.0,0.0,716.0,0.0,False,6,1738,1
7942,1,0,1,49,0,188.0,0.0,143.0,1443.0,555.0,False,7,1382,1
7943,1,0,1,38,0,0.0,847.0,3.0,34.0,0.0,False,7,1382,1
7944,2,1,1,60,0,0.0,0.0,0.0,0.0,0.0,True,2,332,0
7945,1,1,3,47,0,0.0,0.0,0.0,0.0,0.0,False,7,1358,0
7946,2,1,1,29,1,0.0,0.0,0.0,0.0,0.0,True,4,253,0
7947,1,1,1,19,0,0.0,0.0,0.0,0.0,0.0,True,7,1360,0
7948,2,0,3,32,1,65.0,451.96167494677076,0.0,88.0,9811.0,False,3,282,1
7949,1,1,2,22,0,222.89785157787045,0.0,0.0,0.0,0.0,True,7,1383,1
7950,3,0,3,35,0,319.0,0.0,6331.0,8.0,0.0,True,6,1635,0
7951,1,0,1,28,0,0.0,62.0,3.0,667.0,0.0,True,6,1740,1
7952,1,1,2,22,0,0.0,0.0,0.0,0.0,0.0,False,7,1384,1
7953,3,0,1,42,0,770.0,0.0,1301.0,308.4769036733407,0.0,True,5,543,1
7954,2,0,3,37,0,18.0,4754.0,1.0,1254.0,2.0,True,3,283,1
7955,3,0,1,31,0,49.0,322.0,977.0,0.0,0.0,True,6,1743,1
7956,3,0,1,33,1,1264.0,1787.0,36.0,473.0,337.0,False,4,254,0
7957,2,0,1,48,0,3784.0,917.0,146.0,1770.0,880.0,False,2,279,1
7958,2,0,1,31,0,0.0,529.0,0.0,308.4769036733407,3884.0,False,2,279,1
7959,2,1,3,18,0,0.0,0.0,0.0,0.0,0.0,True,2,279,1
7960,1,0,1,44,0,0.0,0.0,2036.0,2.0,1.0,True,6,1744,1
7961,1,1,3,22,0,0.0,0.0,0.0,0.0,0.0,True,7,1385,1
7962,1,0,1,18,0,490.0,0.0,54.0,195.0,0.0,False,6,1746,1
7963,3,1,1,48,0,0.0,0.0,0.0,0.0,0.0,True,6,1747,1
7964,3,1,1,2,0,0.0,0.0,0.0,0.0,0.0,True,6,1747,1
7965,3,0,1,0,0,0.0,0.0,0.0,0.0,0.0,True,6,1747,1
7966,1,0,1,43,0,21.0,0.0,863.0,0.0,0.0,False,7,1364,0
7967,1,0,2,51,0,590.0,28.0,73.0,0.0,82.0,False,7,1365,0
7968,1,0,3,48,0,0.0,717.0,0.0,0.0,10.0,True,6,1637,0
7969,3,0,1,51,0,870.0,28.0,278.0,154.0,1288.0,False,6,1748,1
7970,1,0,1,20,0,222.89785157787045,0.0,0.0,327.0,0.0,True,6,1750,1
7971,2,0,1,41,0,0.0,0.0,0.0,0.0,0.0,False,1,102,0
7972,1,0,1,27,0,3.0,451.96167494677076,10.0,4.0,855.0,True,6,1751,1
7973,2,0,3,56,0,53.0,3033.0,0.0,140.0,6102.0,False,3,320,0
7974,2,1,3,26,0,0.0,0.0,0.0,0.0,0.0,True,2,333,0
7975,1,0,1,21,0,11.0,0.0,0.0,839.0,0.0,False,7,1369,0
7976,3,0,1,28,0,2502.0,0.0,44.0,23.0,29.0,False,6,1640,0
7977,1,0,3,23,0,348.0,210.0,0.0,0.0,1.0,False,6,1642,0
7978,2,0,3,28,0,0.0,101.0,0.0,0.0,12143.0,False,5,559,0
7979,3,1,1,40,0,0.0,0.0,0.0,0.0,0.0,True,6,1643,0
7980,3,0,1,39,0,5327.0,0.0,290.0,0.0,0.0,False,6,1643,0
7981,3,1,1,16,0,0.0,0.0,0.0,0.0,0.0,True,6,1643,0
7982,1,0,1,20,0,59.0,29.0,27.0,308.4769036733407,0.0,False,7,1372,0
7983,1,0,1,24,0,686.0,0.0,13.0,0.0,0.0,False,6,1645,0
7984,3,0,1,45,1,1093.0,950.0,341.0,0.0,0.0,False,4,266,1
7985,3,0,3,33,0,1914.0,5.0,0.0,0.0,228.0,True,4,266,1
7986,3,1,1,19,0,0.0,0.0,0.0,0.0,0.0,False,5,544,1
7987,1,0,1,15,0,114.0,161.0,22.0,419.0,0.0,False,6,1647,0
7988,1,0,1,18,0,0.0,0.0,7.0,717.0,0.0,False,6,1753,1
7989,1,0,1,21,0,129.0,106.0,280.0,183.0,18.0,False,6,1755,1
7990,3,1,1,37,0,0.0,0.0,0.0,0.0,0.0,True,6,1648,0
7991,2,0,1,53,0,0.0,847.0,174.90603284902085,630.0,2060.0,False,4,257,0
7992,3,0,1,19,0,0.0,0.0,0.0,0.0,0.0,False,5,545,1
7993,3,0,1,17,0,387.0,0.0,28.0,2183.0,0.0,False,6,1756,1
7994,1,0,2,58,0,487.0,0.0,195.0,0.0,7.0,True,5,547,1
7995,2,0,1,18,0,0.0,1878.0,0.0,18572.0,10028.0,False,2,280,1
7996,2,0,3,25,1,0.0,3978.0,0.0,266.0,597.0,True,2,280,1
7997,2,1,1,39,0,0.0,0.0,0.0,0.0,0.0,True,2,334,0
7998,2,1,3,40,0,0.0,0.0,0.0,0.0,0.0,True,2,334,0
7999,3,0,1,27,1,3.0,952.0,208.0,951.0,0.0,False,5,548,1
8000,3,0,1,3,0,0.0,0.0,0.0,0.0,0.0,True,6,1758,1
8001,3,1,1,18,0,0.0,0.0,0.0,0.0,0.0,True,6,1758,1
8002,1,1,3,18,0,0.0,0.0,0.0,0.0,0.0,True,7,1391,1
8003,1,1,2,29,0,0.0,0.0,174.90603284902085,0.0,0.0,False,7,1375,0
8004,1,0,1,22,0,3.0,214.0,0.0,0.0,591.0,False,7,1392,1
8005,2,0,1,34,0,0.0,3636.0,0.0,70.0,27.0,True,1,88,1
8006,1,1,2,19,0,0.0,0.0,0.0,0.0,0.0,False,7,1377,0
8007,3,0,1,26,0,5757.0,0.0,206.0,0.0,0.0,False,6,1651,0
8008,2,0,1,33,0,0.0,739.0,0.0,140.0,6901.0,False,1,89,1
8009,1,0,1,34,0,10.0,4.0,1.0,0.0,791.0,True,6,1652,0
8010,1,1,1,18,0,0.0,0.0,0.0,0.0,0.0,True,7,1378,0
8011,3,1,1,40,0,0.0,0.0,0.0,0.0,0.0,True,6,1653,0
8012,3,0,1,53,0,1042.0,0.0,2.0,1.0,11.0,False,4,258,0
8013,3,1,1,8,0,0.0,0.0,0.0,0.0,0.0,True,6,1653,0
8014,3,0,1,54,0,1763.0,0.0,11.0,0.0,0.0,False,6,1653,0
8015,3,1,3,29,0,0.0,0.0,0.0,0.0,0.0,True,6,1653,0
8016,3,1,1,56,0,0.0,0.0,0.0,0.0,0.0,True,6,1654,0
8017,1,0,2,21,0,4.0,3.0,149.0,17.0,442.0,False,7,1379,0
8018,2,1,1,25,1,0.0,0.0,0.0,0.0,0.0,True,3,323,0
8019,2,1,1,33,0,0.0,0.0,0.0,0.0,0.0,True,3,323,0
8020,1,0,1,22,0,4.0,0.0,72.0,21.0,600.0,False,6,1655,0
8021,3,0,1,50,0,748.0,164.0,269.0,0.0,0.0,False,4,259,0
8022,3,0,3,24,0,0.0,0.0,396.0,256.0,1482.0,False,5,550,1
8023,1,0,1,25,0,637.0,0.0,89.0,312.0,2.0,False,6,1763,1
8024,3,1,1,59,0,0.0,0.0,0.0,0.0,0.0,True,5,562,0
8025,2,0,3,26,0,6.0,728.0,0.0,1273.0,1116.0,False,4,267,1
8026,2,0,1,19,0,0.0,1406.0,0.0,4199.0,2123.0,False,4,268,1
8027,1,0,1,37,0,210.0,3.0,601.0,1.0,68.0,False,7,1381,0
8028,3,1,1,22,0,0.0,0.0,0.0,0.0,0.0,True,5,551,1
8029,2,1,1,44,0,0.0,0.0,0.0,0.0,0.0,True,3,284,1
8030,2,1,3,25,0,0.0,0.0,0.0,0.0,0.0,True,3,284,1
8031,1,1,1,23,0,0.0,0.0,0.0,0.0,0.0,True,7,1382,0
8032,1,0,3,6,0,0.0,0.0,0.0,0.0,0.0,True,7,1394,1
8033,1,1,2,39,0,0.0,0.0,0.0,0.0,0.0,True,7,1394,1
8034,1,0,3,26,0,12.0,71.0,0.0,103.0,624.0,False,6,82,0
8035,1,0,3,14,0,547.0,145.0,5.0,0.0,9.0,False,7,1383,0
8036,1,1,1,3,0,0.0,0.0,0.0,0.0,0.0,False,7,1396,1
8037,1,0,2,21,0,10.0,1028.0,3.0,2519.0,0.0,False,7,1396,1
8038,1,1,1,24,0,0.0,0.0,0.0,0.0,0.0,False,7,1396,1
8039,1,1,2,18,0,0.0,0.0,0.0,0.0,0.0,False,6,82,0
8040,3,0,1,37,0,50.0,0.0,343.0,2205.0,0.0,False,6,1765,1
8041,3,1,1,21,0,0.0,0.0,0.0,0.0,0.0,True,6,1765,1
8042,2,0,1,67,0,0.0,82.0,0.0,2279.0,293.0,False,3,324,0
8043,2,1,1,28,0,0.0,0.0,0.0,0.0,0.0,True,6,82,0
8044,2,1,3,13,0,0.0,0.0,0.0,0.0,0.0,True,3,324,0
8045,2,0,1,26,0,0.0,226.0,0.0,436.0,4051.0,False,3,324,0
8046,2,1,3,33,0,0.0,0.0,0.0,0.0,0.0,True,3,324,0
8047,1,1,1,18,0,0.0,0.0,0.0,0.0,0.0,False,7,1386,0
8048,1,0,1,24,0,13.0,221.0,0.0,1154.0,0.0,False,6,1658,0
8049,1,0,1,26,0,0.0,0.0,148.0,551.0,89.0,False,5,563,0
8050,1,0,2,21,0,0.0,2202.0,9.0,71.0,100.0,True,7,1387,0
8051,1,0,1,27,0,0.0,0.0,2.0,994.0,0.0,False,5,564,0
8052,1,1,2,15,0,0.0,0.0,0.0,0.0,0.0,True,7,1398,1
8053,1,0,3,24,0,2.0,644.0,0.0,0.0,0.0,False,6,1766,1
8054,1,0,1,31,0,4.0,9.0,870.0,0.0,0.0,False,7,1399,1
8055,1,0,1,10,0,0.0,0.0,0.0,0.0,0.0,True,7,1388,0
8056,1,0,1,23,0,4.0,3.0,1785.0,0.0,0.0,True,7,1400,1
8057,1,0,3,50,0,0.0,0.0,117.0,712.0,0.0,True,5,565,0
8058,1,1,3,13,0,0.0,0.0,0.0,0.0,0.0,True,7,1389,0
8059,3,0,1,43,0,27.0,0.0,797.0,830.0,161.0,False,6,1767,1
8060,3,1,3,20,0,0.0,0.0,0.0,0.0,0.0,True,6,1767,1
8061,1,0,1,21,0,11.0,1475.0,0.0,0.0,0.0,True,6,1768,1
8062,2,0,3,18,0,0.0,694.0,0.0,0.0,1370.0,False,2,336,0
8063,2,1,1,16,0,0.0,0.0,0.0,0.0,0.0,True,2,336,0
8064,2,0,1,47,0,187.0,268.0,977.0,3441.0,236.0,False,5,566,0
8065,3,0,1,35,1,1234.0,35.0,7.0,0.0,0.0,False,6,1659,0
8066,1,0,1,15,0,9.0,731.0,85.0,0.0,537.0,False,6,82,0
8067,1,0,1,46,0,135.0,0.0,0.0,0.0,928.0,False,6,1661,0
8068,1,1,1,6,0,0.0,0.0,0.0,0.0,0.0,False,7,1390,0
8069,1,0,1,26,0,1.0,0.0,1.0,15.0,854.0,False,6,1770,1
8070,1,0,2,49,0,0.0,18.0,0.0,0.0,686.0,False,6,1664,0
8071,1,1,1,28,0,0.0,0.0,0.0,0.0,0.0,True,7,1391,0
8072,3,1,1,37,0,0.0,0.0,0.0,0.0,0.0,False,5,553,1
8073,1,0,1,17,0,2.0,33.0,97.0,553.0,306.7894819713431,False,6,1665,0
8074,1,0,1,38,0,1739.0,0.0,0.0,83.0,0.0,False,7,1392,0
8075,1,0,1,18,0,224.0,0.0,0.0,0.0,1384.0,False,5,554,1
8076,3,1,1,55,0,0.0,0.0,0.0,0.0,0.0,True,6,1772,1
8077,1,1,1,28,0,0.0,0.0,0.0,0.0,0.0,True,6,1773,1
8078,3,0,1,25,0,987.0,0.0,6221.0,141.0,0.0,True,6,1773,1
8079,3,0,1,17,0,330.0,1.0,967.0,0.0,0.0,False,5,555,1
8080,1,1,1,22,0,0.0,0.0,0.0,0.0,0.0,False,7,1402,1
8081,1,0,1,4,0,0.0,0.0,0.0,0.0,0.0,True,7,1402,1
8082,1,0,3,3,0,0.0,0.0,0.0,0.0,0.0,True,7,1402,1
8083,3,1,1,21,0,0.0,0.0,0.0,0.0,0.0,False,5,567,0
8084,3,0,1,24,0,1455.0,2207.0,163.0,2354.0,0.0,False,4,260,0
8085,1,0,1,50,0,133.0,0.0,525.0,0.0,31.0,False,6,1666,0
8086,3,0,1,3,0,0.0,0.0,0.0,0.0,0.0,True,6,1667,0
8087,3,0,1,19,0,1146.0,0.0,3.0,0.0,0.0,False,6,1667,0
8088,3,1,1,22,0,0.0,0.0,0.0,0.0,0.0,True,6,1667,0
8089,1,0,2,20,0,0.0,4.0,0.0,0.0,625.0,False,6,1774,1
8090,3,0,1,18,0,2048.0,0.0,2.0,848.0,0.0,False,6,1775,1
8091,1,0,1,27,0,20.0,0.0,11.0,0.0,848.0,False,6,1668,0
8092,1,0,1,29,0,0.0,0.0,0.0,0.0,1972.0,False,6,1668,0
8093,1,0,3,23,0,1.0,26.0,1908.0,318.0,0.0,True,6,1776,1
8094,2,1,1,48,0,0.0,0.0,0.0,0.0,0.0,True,3,325,0
8095,2,0,1,32,0,0.0,1285.0,0.0,3030.0,334.0,False,3,325,0
8096,2,1,1,55,0,0.0,0.0,0.0,0.0,0.0,True,3,325,0
8097,2,0,3,49,0,3.0,1108.0,2.0,5775.0,1964.0,False,3,325,0
8098,1,1,1,15,0,0.0,0.0,0.0,0.0,0.0,True,7,1404,1
8099,1,1,1,50,0,0.0,0.0,0.0,0.0,0.0,True,7,1393,0
8100,1,0,1,35,0,777.0,0.0,23.0,0.0,61.0,False,6,1779,1
8101,2,0,1,29,0,0.0,4455.0,0.0,1663.0,4435.0,False,1,103,0
8102,2,0,3,38,1,0.0,1298.0,0.0,1841.0,1547.0,False,1,103,0
8103,2,1,3,29,1,0.0,0.0,0.0,0.0,0.0,True,1,103,0
8104,3,0,1,39,0,200.0,0.0,1083.0,65.0,0.0,True,6,1780,1
8105,3,0,1,49,0,0.0,1.0,1364.0,226.0,0.0,True,5,568,0
8106,3,0,1,39,0,345.0,0.0,848.0,0.0,116.0,False,6,1673,0
8107,1,0,1,19,0,125.0,556.0,23.0,0.0,0.0,True,6,1781,1
8108,1,0,1,19,0,886.0,0.0,0.0,1587.0,12.0,False,6,1675,0
8109,1,0,1,14,0,450.0,4791.0,896.0,0.0,0.0,True,7,1394,0
8110,1,1,3,40,0,0.0,0.0,0.0,0.0,0.0,True,6,82,0
8111,1,0,1,40,0,909.0,0.0,0.0,0.0,0.0,False,7,1395,0
8112,3,0,1,20,0,733.0,0.0,455.0,308.4769036733407,0.0,False,6,1676,0
8113,3,1,1,6,0,0.0,0.0,0.0,0.0,0.0,True,6,1783,1
8114,3,0,1,41,0,806.0,16.0,125.0,1008.0,0.0,False,4,269,1
8115,3,0,1,37,0,0.0,0.0,0.0,0.0,0.0,False,5,556,1
8116,1,0,1,31,0,949.0,0.0,22.0,0.0,0.0,False,6,1677,0
8117,1,0,1,8,0,0.0,0.0,0.0,0.0,0.0,False,7,1397,0
8118,1,0,1,55,0,506.0,0.0,456.0,0.0,0.0,False,6,1677,0
8119,1,1,2,16,0,0.0,0.0,0.0,0.0,0.0,True,7,1398,0
8120,2,0,3,29,0,1.0,764.0,1.0,265.0,1539.0,True,1,90,1
8121,1,0,1,40,0,21.0,155.0,0.0,267.0,0.0,False,7,1406,1
8122,2,1,1,27,0,0.0,0.0,0.0,0.0,0.0,True,3,285,1
8123,3,0,1,21,0,4924.0,0.0,49.0,2.0,0.0,False,6,1784,1
8124,2,1,1,25,0,0.0,0.0,0.0,0.0,0.0,True,2,281,1
8125,3,0,1,44,0,222.89785157787045,971.0,700.0,0.0,0.0,False,6,1786,1
8126,3,0,1,34,0,368.0,499.0,1729.0,0.0,2.0,False,6,1787,1
8127,3,0,1,1,0,0.0,0.0,0.0,0.0,0.0,True,6,1787,1
8128,3,0,1,1,0,0.0,0.0,0.0,0.0,0.0,True,6,1787,1
8129,1,0,2,42,0,51.0,6.0,87.0,21.0,404.0,False,6,1679,0
8130,1,0,1,18,0,1.0,1.0,0.0,226.0,488.0,False,6,1788,1
8131,1,1,3,21,0,0.0,0.0,0.0,0.0,0.0,True,7,1400,0
8132,1,0,1,24,0,0.0,451.96167494677076,594.0,95.0,0.0,True,6,1680,0
8133,1,0,1,28,0,0.0,0.0,0.0,595.0,0.0,False,6,1681,0
8134,1,1,2,18,0,0.0,0.0,0.0,0.0,0.0,False,7,1409,1
8135,1,1,2,27,0,0.0,0.0,0.0,0.0,0.0,True,7,1410,1
8136,1,1,1,13,0,0.0,0.0,0.0,0.0,0.0,True,7,1411,1
8137,1,0,1,10,0,0.0,0.0,0.0,0.0,0.0,False,7,1411,1
8138,1,1,1,8,0,0.0,0.0,0.0,0.0,0.0,False,7,1411,1
8139,3,0,1,40,0,76.0,0.0,1169.0,0.0,64.0,True,6,1683,0
8140,2,1,2,35,0,0.0,0.0,0.0,0.0,0.0,True,3,326,0
8141,3,0,1,13,0,217.0,7.0,928.0,0.0,728.0,False,6,1684,0
8142,3,0,3,19,0,203.0,0.0,172.0,1460.0,151.0,False,6,1789,1
8143,1,0,1,44,0,84.0,0.0,308.0,0.0,1179.0,False,6,1685,0
8144,3,1,1,36,0,0.0,0.0,0.0,0.0,0.0,True,6,1686,0
8145,3,0,1,29,0,2239.0,0.0,146.0,0.0,0.0,False,4,264,0
8146,1,0,2,28,0,679.0,0.0,0.0,0.0,0.0,False,7,1413,1
8147,1,0,1,36,0,0.0,98.0,456.0,277.0,70.0,False,6,1687,0
8148,1,0,2,24,0,312.0,227.0,50.0,0.0,0.0,False,6,1688,0
8149,3,1,1,14,0,0.0,0.0,0.0,0.0,0.0,True,6,1792,1
8150,3,0,1,50,0,1584.0,0.0,36.0,104.0,0.0,True,4,270,1
8151,1,0,2,20,0,426.0,0.0,220.0,2.0,0.0,False,6,1793,1
8152,1,0,1,38,0,139.0,9.0,0.0,0.0,582.0,False,6,1689,0
8153,2,0,1,33,1,0.0,3076.0,0.0,3.0,994.0,False,1,104,0
8154,2,0,3,54,0,0.0,1821.0,2370.0,949.0,46.0,False,1,104,0
8155,2,0,3,20,0,0.0,0.0,0.0,0.0,0.0,True,1,104,0
8156,1,0,3,23,0,0.0,247.0,1063.0,36.0,0.0,True,6,1690,0
8157,2,1,3,65,0,0.0,0.0,0.0,0.0,0.0,True,2,337,0
8158,3,1,1,51,0,0.0,0.0,0.0,0.0,0.0,False,5,558,1
8159,3,0,1,36,0,2002.0,0.0,10.0,87.0,0.0,False,5,558,1
8160,1,0,1,38,0,32.0,1163.0,0.0,52.0,1935.0,False,6,1794,1
8161,1,0,3,28,0,34.0,0.0,0.0,0.0,658.0,False,6,1797,1
8162,1,0,1,32,0,258.0,500.0,3.0,15.0,128.0,True,6,1798,1
8163,1,0,1,55,0,694.0,0.0,1.0,87.0,0.0,False,7,1416,1
8164,1,0,1,23,0,1254.0,0.0,45.0,0.0,0.0,False,6,1798,1
8165,1,0,2,38,0,647.0,23.0,1.0,0.0,0.0,False,6,1798,1
8166,1,1,3,18,0,0.0,0.0,0.0,0.0,0.0,True,7,1416,1
8167,1,1,2,32,0,0.0,0.0,0.0,0.0,0.0,False,7,1416,1
8168,1,0,1,44,0,266.0,3.0,2.0,0.0,748.0,False,6,82,0
8169,1,0,1,62,0,0.0,592.0,164.0,0.0,0.0,True,7,1416,1
8170,2,0,1,66,0,354.0,2639.0,0.0,1180.0,0.0,False,5,559,1
8171,2,0,1,20,0,222.89785157787045,7759.0,18.0,4925.0,12685.0,False,5,559,1
8172,1,0,1,19,0,193.0,251.0,0.0,165.0,0.0,False,6,1691,0
8173,1,0,1,28,0,22.0,226.0,0.0,0.0,633.0,False,7,1406,0
8174,1,0,2,25,0,222.89785157787045,0.0,707.0,1.0,0.0,True,7,1417,1
8175,1,0,1,20,0,227.0,0.0,1.0,0.0,707.0,False,6,1799,1
8176,3,1,1,18,0,0.0,0.0,0.0,0.0,0.0,True,6,1800,1
8177,3,0,1,20,0,222.89785157787045,2.0,289.0,976.0,0.0,True,6,1800,1
8178,2,1,1,14,0,0.0,0.0,0.0,0.0,0.0,True,1,91,1
8179,2,0,3,49,0,0.0,3853.0,0.0,245.0,178.0,True,1,91,1
8180,2,0,1,49,0,4.0,44.0,1401.0,1043.0,0.0,False,1,91,1
8181,1,0,3,19,0,179.0,16.0,246.0,280.0,0.0,False,6,1802,1
8182,1,0,1,53,0,1613.0,0.0,0.0,0.0,7.0,False,5,570,0
8183,3,0,1,31,0,947.0,83.0,19.0,0.0,0.0,False,5,562,1
8184,1,0,1,18,0,24.0,753.0,0.0,0.0,0.0,False,6,1804,1
8185,1,0,1,24,0,0.0,0.0,124.0,4.0,471.0,False,6,1694,0
8186,3,0,1,35,0,2758.0,0.0,1.0,0.0,0.0,False,4,272,1
8187,1,0,1,27,0,0.0,0.0,0.0,545.0,89.0,False,6,1805,1
8188,1,0,1,38,0,22.0,9.0,40.0,732.0,0.0,False,6,1805,1
8189,1,0,1,23,0,0.0,0.0,9.0,69.0,1157.0,False,6,1805,1
8190,1,0,1,22,0,151.0,451.96167494677076,613.0,6.0,0.0,False,7,1408,0
8191,2,1,3,38,0,0.0,0.0,0.0,0.0,0.0,True,4,265,0
8192,1,0,1,28,0,1.0,1484.0,210.0,0.0,5.0,True,7,1409,0
8193,3,0,1,25,0,520.0,0.0,139.0,0.0,77.0,False,6,1695,0
8194,3,0,1,45,0,74.0,0.0,0.0,1130.0,22.0,False,6,1695,0
8195,1,0,1,22,0,804.0,0.0,0.0,0.0,0.0,False,6,1696,0
8196,1,0,1,30,0,32.0,180.0,497.0,0.0,99.0,True,7,1410,0
8197,3,1,3,25,0,0.0,0.0,0.0,0.0,0.0,True,6,1697,0
8198,3,1,1,24,0,0.0,0.0,0.0,0.0,0.0,True,6,1807,1
8199,3,0,1,44,0,1.0,0.0,2080.0,11.0,0.0,True,6,1700,0
8200,1,0,1,6,0,0.0,0.0,0.0,0.0,0.0,False,6,1808,1
8201,1,1,1,0,0,0.0,0.0,0.0,0.0,0.0,True,6,1808,1
8202,1,0,2,14,0,476.0,14.0,0.0,328.0,8.0,False,6,82,0
8203,1,0,1,37,0,0.0,0.0,11.0,1028.0,7.0,False,6,1808,1
8204,1,0,1,15,0,0.0,912.0,82.0,5.0,0.0,False,6,1808,1
8205,1,0,1,0,0,0.0,0.0,0.0,0.0,0.0,True,6,1808,1
8206,1,0,1,17,0,0.0,810.0,66.0,0.0,0.0,True,6,1808,1
8207,1,0,1,58,0,0.0,805.0,3.0,3.0,0.0,False,7,1421,1
8208,2,1,3,15,0,0.0,0.0,0.0,0.0,0.0,True,2,339,0
8209,2,0,3,53,0,0.0,1127.0,0.0,3939.0,306.7894819713431,False,6,82,0
8210,3,0,1,29,0,257.0,0.0,782.0,8.0,3.0,False,4,274,1
8211,1,1,1,24,0,0.0,0.0,0.0,0.0,0.0,True,7,1412,0
8212,1,0,1,40,0,0.0,0.0,286.0,6.0,570.0,True,5,574,0
8213,1,0,3,21,0,2.0,451.96167494677076,0.0,634.0,0.0,False,7,1413,0
8214,1,0,1,30,0,0.0,114.0,0.0,726.0,67.0,False,7,1414,0
8215,1,0,1,20,0,0.0,91.0,2.0,623.0,93.0,False,7,1415,0
8216,3,1,1,20,0,0.0,0.0,0.0,0.0,306.7894819713431,True,6,1701,0
8217,3,0,1,18,0,697.0,0.0,25.0,0.0,61.0,False,4,276,1
8218,3,1,1,36,0,0.0,0.0,0.0,0.0,0.0,True,4,276,1
8219,1,0,1,20,0,874.0,0.0,80.0,308.4769036733407,0.0,False,6,1810,1
8220,1,0,1,4,0,0.0,0.0,0.0,0.0,0.0,True,7,1422,1
8221,2,1,3,59,0,0.0,0.0,0.0,0.0,0.0,True,2,284,1
8222,1,0,1,20,0,11.0,0.0,0.0,843.0,0.0,False,7,1416,0
8223,1,0,3,4,0,0.0,0.0,0.0,0.0,0.0,False,7,1417,0
8224,1,0,1,23,0,0.0,565.0,0.0,35.0,188.0,True,5,576,0
8225,2,0,3,25,0,698.0,4978.0,0.0,146.0,0.0,True,4,277,1
8226,1,0,2,20,0,0.0,571.0,82.0,0.0,0.0,False,6,1812,1
8227,1,0,1,22,0,0.0,0.0,637.0,0.0,50.0,True,5,563,1
8228,1,0,1,6,0,0.0,0.0,0.0,0.0,0.0,True,7,1418,0
8229,1,0,1,14,0,588.0,144.0,1.0,0.0,168.0,False,6,1704,0
8230,1,1,1,0,0,222.89785157787045,0.0,0.0,0.0,0.0,False,7,1418,0
8231,1,1,1,4,0,0.0,0.0,0.0,0.0,0.0,False,7,1418,0
8232,1,0,1,37,0,63.0,0.0,0.0,0.0,661.0,False,6,1704,0
8233,1,0,1,14,0,0.0,1427.0,148.0,0.0,7.0,True,6,1704,0
8234,1,0,1,34,0,14.0,748.0,0.0,41.0,0.0,True,6,1704,0
8235,1,1,3,3,0,0.0,0.0,0.0,0.0,0.0,True,7,1418,0
8236,1,0,2,18,0,0.0,3.0,110.0,588.0,0.0,False,6,1705,0
8237,1,0,1,27,0,1771.0,0.0,242.0,0.0,37.0,False,6,1706,0
8238,1,0,1,19,0,0.0,0.0,855.0,11.0,42.0,True,7,1419,0
8239,1,0,1,37,0,10.0,557.0,51.0,83.0,0.0,False,6,1707,0
8240,2,1,1,29,0,0.0,0.0,0.0,0.0,0.0,True,4,266,0
8241,1,0,2,37,0,570.0,0.0,7.0,107.0,0.0,False,6,1815,1
8242,3,0,1,32,0,81.0,0.0,1363.0,0.0,0.0,True,6,1708,0
8243,1,0,2,22,0,0.0,0.0,0.0,617.0,0.0,False,7,1420,0
8244,1,0,1,38,0,0.0,2532.0,0.0,204.0,0.0,True,6,1816,1
8245,1,0,1,24,0,0.0,0.0,0.0,2019.0,117.0,False,6,1817,1
8246,1,0,2,63,0,0.0,0.0,80.0,0.0,2322.0,False,5,577,0
8247,3,1,1,23,0,0.0,0.0,0.0,0.0,0.0,False,5,564,1
8248,1,0,2,41,0,413.0,0.0,0.0,7.0,347.0,False,7,1421,0
8249,1,0,3,20,0,0.0,0.0,0.0,335.0,957.0,False,6,1818,1
8250,2,1,1,48,0,0.0,0.0,0.0,0.0,306.7894819713431,True,2,340,0
8251,1,1,3,44,0,0.0,0.0,0.0,0.0,0.0,True,2,340,0
8252,2,1,3,15,0,0.0,0.0,0.0,0.0,0.0,True,2,340,0
8253,2,1,3,29,0,0.0,0.0,0.0,0.0,0.0,True,2,340,0
8254,2,0,1,64,0,0.0,1770.0,0.0,4111.0,180.0,False,2,340,0
8255,1,0,1,19,0,586.0,10.0,0.0,30.0,0.0,False,7,1426,1
8256,1,1,2,28,0,0.0,0.0,0.0,0.0,0.0,True,7,1427,1
8257,1,0,1,44,0,857.0,0.0,1.0,8.0,17.0,False,7,1428,1
8258,1,1,1,13,0,0.0,0.0,0.0,0.0,0.0,True,7,1429,1
8259,1,0,1,45,0,198.0,454.0,1.0,0.0,4.0,True,5,565,1
8260,2,0,3,25,0,0.0,145.0,1359.0,492.0,205.0,False,1,92,1
8261,3,1,1,19,0,0.0,0.0,0.0,0.0,0.0,True,6,1710,0
8262,1,0,1,29,0,128.0,0.0,130.0,132.0,473.0,False,6,1819,1
8263,1,1,3,21,0,0.0,0.0,0.0,0.0,0.0,True,7,1422,0
8264,2,0,3,13,0,1212.0,4485.0,0.0,4016.0,57.0,False,3,290,1
8265,2,0,3,25,0,1369.0,310.0,3.0,4502.0,377.0,False,3,290,1
8266,2,0,1,46,0,1384.0,229.0,0.0,1572.0,1.0,False,3,290,1
8267,1,0,3,37,0,88.0,0.0,719.0,88.0,0.0,True,6,1820,1
8268,1,0,3,19,0,0.0,6.0,0.0,0.0,1179.0,True,6,1711,0
8269,3,0,1,29,0,230.0,0.0,1404.0,464.0,0.0,False,5,578,0
8270,3,1,1,21,0,0.0,0.0,0.0,0.0,0.0,True,6,1712,0
8271,3,1,1,13,0,0.0,0.0,0.0,0.0,0.0,True,6,1713,0
8272,1,1,3,15,0,0.0,0.0,0.0,0.0,0.0,True,7,1424,0
8273,1,0,1,42,0,4.0,0.0,0.0,0.0,792.0,False,6,1715,0
8274,1,1,1,28,0,0.0,0.0,0.0,0.0,0.0,False,7,1425,0
8275,1,0,1,26,0,903.0,0.0,182.0,0.0,27.0,False,6,1821,1
8276,1,1,1,19,0,0.0,0.0,0.0,0.0,0.0,False,7,1430,1
8277,1,0,1,18,0,0.0,181.0,628.0,0.0,0.0,True,7,1431,1
8278,1,0,3,50,0,0.0,433.0,4.0,0.0,2020.0,False,6,1716,0
8279,3,1,1,28,0,0.0,0.0,0.0,0.0,0.0,True,6,1822,1
8280,2,0,1,24,0,3.0,2910.0,0.0,112.0,36.0,True,4,267,0
8281,2,0,1,31,0,222.89785157787045,927.0,0.0,2760.0,1.0,False,3,327,0
8282,1,0,3,19,0,0.0,0.0,717.0,1.0,0.0,True,5,579,0
8283,1,0,1,20,0,735.0,0.0,0.0,41.0,1.0,False,6,1823,1
8284,1,0,1,23,0,0.0,1204.0,40.0,0.0,375.0,False,5,566,1
8285,1,0,1,19,0,1037.0,0.0,40.0,0.0,0.0,True,6,1824,1
8286,1,1,3,27,0,0.0,0.0,174.90603284902085,0.0,306.7894819713431,True,7,1427,0
8287,3,0,1,16,0,1032.0,0.0,267.0,0.0,0.0,False,5,580,0
8288,3,1,1,76,0,0.0,0.0,0.0,0.0,0.0,True,4,278,1
8289,3,0,1,41,1,22.0,484.0,354.0,0.0,0.0,False,4,278,1
8290,1,0,2,24,0,726.0,3488.0,200.0,17.0,275.0,False,7,1433,1
8291,1,1,1,12,0,0.0,0.0,0.0,0.0,0.0,False,7,1429,0
8292,1,1,2,28,0,0.0,0.0,0.0,0.0,0.0,True,7,1434,1
8293,2,0,1,36,1,0.0,0.0,0.0,0.0,0.0,False,2,285,1
8294,3,1,1,20,0,0.0,0.0,0.0,0.0,0.0,True,6,1825,1
8295,1,1,1,7,0,0.0,0.0,0.0,0.0,0.0,True,6,1825,1
8296,3,1,1,21,0,0.0,0.0,0.0,0.0,0.0,True,6,1825,1
8297,3,0,1,33,0,1054.0,0.0,222.0,22.0,0.0,False,5,567,1
8298,2,0,1,32,0,0.0,2583.0,3.0,500.0,129.0,True,3,291,1
8299,2,0,3,34,0,0.0,3126.0,0.0,112.0,15.0,True,3,329,0
8300,2,0,2,38,1,0.0,2191.0,863.0,207.0,6262.0,False,3,329,0
8301,2,1,1,28,0,0.0,0.0,0.0,0.0,0.0,True,3,329,0
8302,2,1,3,28,0,0.0,0.0,0.0,0.0,0.0,True,3,329,0
8303,2,1,1,25,0,0.0,0.0,0.0,0.0,0.0,True,3,329,0
8304,1,0,3,24,0,0.0,784.0,5.0,0.0,1.0,True,5,582,0
8305,3,1,1,18,0,0.0,0.0,0.0,0.0,0.0,True,6,1717,0
8306,1,0,1,24,0,121.0,10.0,341.0,307.0,47.0,False,6,1826,1
8307,2,1,3,30,0,0.0,0.0,0.0,0.0,0.0,True,2,286,1
8308,2,1,3,38,0,0.0,0.0,0.0,0.0,0.0,True,2,286,1
8309,1,0,1,39,0,0.0,798.0,0.0,56.0,0.0,True,7,1430,0
8310,1,1,1,31,0,0.0,0.0,0.0,0.0,0.0,True,7,1431,0
8311,1,0,1,33,0,0.0,116.0,412.0,379.0,0.0,True,7,1432,0
8312,1,1,2,15,0,222.89785157787045,0.0,174.90603284902085,0.0,0.0,True,7,1432,0
8313,3,1,1,23,0,0.0,0.0,0.0,0.0,0.0,True,6,1828,1
8314,1,1,1,24,0,0.0,0.0,0.0,0.0,0.0,False,7,1436,1
8315,2,0,3,44,0,0.0,71.0,7148.0,427.0,394.0,True,2,287,1
8316,1,0,1,22,0,0.0,0.0,0.0,0.0,906.0,False,5,568,1
8317,3,1,1,28,0,0.0,0.0,0.0,0.0,0.0,True,6,1829,1
8318,1,0,3,34,0,0.0,0.0,717.0,0.0,0.0,True,6,1719,0
8319,1,0,1,8,0,0.0,0.0,0.0,0.0,0.0,False,7,1438,1
8320,1,0,1,26,0,1471.0,0.0,7.0,5.0,0.0,True,6,1830,1
8321,3,0,1,29,0,876.0,1.0,54.0,125.0,0.0,False,4,269,0
8322,1,0,3,58,0,0.0,0.0,620.0,0.0,0.0,False,7,1433,0
8323,1,1,1,4,0,0.0,0.0,0.0,0.0,0.0,False,7,1433,0
8324,1,0,2,1,0,0.0,0.0,0.0,0.0,0.0,True,7,1433,0
8325,1,0,3,17,0,0.0,0.0,615.0,0.0,0.0,False,7,1439,1
8326,1,0,2,27,0,0.0,0.0,0.0,1606.0,3675.0,False,7,1434,0
8327,1,0,1,24,0,1186.0,0.0,381.0,3.0,173.0,True,6,1831,1
8328,1,0,1,16,0,0.0,1332.0,0.0,0.0,0.0,True,6,1831,1
8329,1,0,1,28,0,0.0,16.0,496.0,318.0,0.0,False,6,1832,1
8330,3,1,1,23,0,0.0,0.0,0.0,0.0,0.0,True,6,1721,0
8331,3,1,3,33,0,0.0,0.0,0.0,0.0,0.0,True,6,1722,0
8332,1,1,2,24,0,0.0,0.0,0.0,0.0,0.0,True,7,1440,1
8333,1,0,1,6,0,0.0,0.0,0.0,0.0,0.0,True,7,1435,0
8334,1,0,1,19,0,23.0,659.0,0.0,15.0,113.0,False,7,1441,1
8335,2,1,1,31,0,0.0,0.0,0.0,0.0,0.0,True,2,341,0
8336,1,0,1,19,0,16.0,1739.0,9.0,5.0,8.0,True,7,1436,0
8337,1,0,1,18,0,0.0,0.0,0.0,0.0,810.0,False,7,1437,0
8338,1,0,1,35,0,522.0,0.0,1.0,324.0,60.0,False,7,1442,1
8339,3,0,1,32,1,0.0,0.0,0.0,0.0,0.0,True,5,570,1
8340,1,0,3,19,0,720.0,2.0,174.90603284902085,308.4769036733407,0.0,False,6,1723,0
8341,1,1,2,24,0,0.0,0.0,0.0,0.0,0.0,True,7,1438,0
8342,1,0,1,33,0,0.0,3.0,0.0,782.0,7.0,False,5,585,0
8343,1,0,1,20,0,0.0,1.0,32.0,755.0,21.0,False,7,1448,1
8344,2,0,1,27,0,0.0,2481.0,0.0,3657.0,93.0,False,3,331,0
8345,2,0,1,26,0,0.0,70.0,0.0,41.0,306.7894819713431,False,4,280,1
8346,1,1,1,28,0,0.0,0.0,0.0,0.0,0.0,True,7,1449,1
8347,1,0,1,19,0,0.0,0.0,0.0,0.0,0.0,True,7,1450,1
8348,1,0,1,24,0,0.0,451.96167494677076,3.0,80.0,0.0,True,5,571,1
8349,2,1,3,52,0,0.0,0.0,0.0,308.4769036733407,0.0,True,3,333,0
8350,1,0,2,23,0,0.0,471.0,120.0,13.0,6.0,True,6,1725,0
8351,1,0,1,23,0,0.0,0.0,0.0,912.0,41.0,False,6,1727,0
8352,2,1,1,25,0,0.0,0.0,0.0,0.0,0.0,True,5,574,1
8353,1,1,1,22,0,0.0,0.0,0.0,0.0,0.0,True,6,1729,0
8354,3,1,1,35,0,0.0,0.0,0.0,0.0,0.0,True,6,1729,0
8355,1,1,2,24,0,0.0,0.0,0.0,0.0,0.0,True,7,1441,0
8356,1,0,1,24,0,771.0,0.0,22.0,0.0,0.0,False,5,587,0
8357,3,0,1,26,1,1.0,445.0,170.0,614.0,68.0,False,5,575,1
8358,3,0,1,37,0,528.0,0.0,1598.0,62.0,0.0,True,6,1834,1
8359,3,0,1,14,0,1737.0,0.0,336.0,0.0,0.0,False,5,575,1
8360,2,0,1,36,0,0.0,3423.0,0.0,466.0,349.0,True,3,297,1
8361,1,1,2,0,0,222.89785157787045,0.0,0.0,0.0,0.0,True,7,1442,0
8362,1,0,2,17,0,0.0,0.0,0.0,0.0,0.0,True,7,1442,0
8363,1,0,1,18,0,327.0,170.0,0.0,0.0,130.0,False,7,1442,0
8364,2,0,1,43,0,222.89785157787045,1632.0,346.0,957.0,128.0,False,4,270,0
8365,2,0,1,21,0,3036.0,32.0,0.0,2.0,416.0,False,4,270,0
8366,3,1,1,34,0,0.0,0.0,0.0,0.0,0.0,True,6,1731,0
8367,2,0,1,57,0,0.0,13.0,0.0,52.0,11325.0,False,2,342,0
8368,2,0,3,18,0,0.0,4715.0,0.0,36.0,995.0,True,2,342,0
8369,1,0,2,73,0,1806.0,0.0,47.0,0.0,0.0,False,7,1452,1
8370,1,0,1,31,0,0.0,1524.0,0.0,0.0,0.0,False,6,1837,1
8371,1,0,1,25,0,0.0,0.0,0.0,6.0,1989.0,False,6,1838,1
8372,1,1,1,20,0,0.0,0.0,0.0,0.0,0.0,True,7,1453,1
8373,1,0,2,24,0,0.0,0.0,40.0,0.0,575.0,False,7,1453,1
8374,1,0,1,28,0,194.0,1.0,10.0,629.0,0.0,False,7,1453,1
8375,1,1,1,21,0,0.0,0.0,0.0,0.0,0.0,False,7,1453,1
8376,1,0,2,22,0,0.0,29.0,165.0,404.0,0.0,False,6,1838,1
8377,1,0,3,39,0,0.0,0.0,1291.0,224.0,0.0,False,6,1838,1
8378,1,0,1,26,0,0.0,0.0,0.0,0.0,741.0,False,6,1838,1
8379,2,1,1,32,0,0.0,0.0,0.0,0.0,0.0,True,3,298,1
8380,1,1,1,1,0,222.89785157787045,0.0,0.0,0.0,0.0,True,7,1455,1
8381,1,0,1,7,0,0.0,0.0,0.0,0.0,0.0,False,7,1455,1
8382,1,0,1,4,0,0.0,0.0,0.0,0.0,0.0,False,7,1455,1
8383,1,0,1,21,0,0.0,6.0,0.0,593.0,0.0,False,6,1839,1
8384,1,1,1,12,0,0.0,0.0,0.0,0.0,0.0,False,7,1455,1
8385,3,0,1,28,0,1708.0,451.96167494677076,65.0,1.0,0.0,False,6,1734,0
8386,3,0,1,0,0,0.0,0.0,0.0,0.0,0.0,True,6,1734,0
8387,3,1,1,18,0,0.0,0.0,0.0,0.0,0.0,True,6,1734,0
8388,3,0,1,52,0,1231.0,2.0,8.0,0.0,0.0,False,6,1735,0
8389,1,0,1,18,0,13.0,822.0,27.0,0.0,46.0,False,7,1445,0
8390,2,1,1,51,0,0.0,0.0,0.0,0.0,0.0,True,5,588,0
8391,2,0,3,21,0,0.0,846.0,4407.0,0.0,2491.0,True,3,299,1
8392,2,0,3,28,0,222.89785157787045,3751.0,0.0,5025.0,11741.0,False,3,300,1
8393,3,1,1,34,0,0.0,451.96167494677076,0.0,0.0,0.0,True,6,1736,0
8394,1,1,1,13,0,0.0,0.0,0.0,0.0,0.0,True,7,1446,0
8395,1,0,1,35,0,503.0,236.0,2.0,0.0,68.0,False,7,1456,1
8396,1,0,1,27,0,1.0,451.96167494677076,0.0,20.0,948.0,False,6,1840,1
8397,1,0,1,35,0,1.0,0.0,0.0,0.0,803.0,False,6,1737,0
8398,3,0,3,51,0,324.0,0.0,563.0,119.0,0.0,False,4,272,0
8399,3,0,1,53,0,24.0,0.0,1105.0,0.0,0.0,False,6,1841,1
8400,1,0,1,29,0,311.0,7.0,665.0,0.0,0.0,False,5,589,0
8401,1,0,1,41,0,0.0,924.0,174.90603284902085,0.0,0.0,False,6,1739,0
8402,1,0,1,47,0,42.0,509.0,0.0,0.0,1057.0,False,5,576,1
8403,1,0,3,22,0,0.0,0.0,626.0,0.0,14.0,False,6,1842,1
8404,1,0,1,19,0,0.0,810.0,21.0,788.0,306.7894819713431,False,5,590,0
8405,1,0,2,22,0,0.0,17.0,0.0,620.0,0.0,False,6,1740,0
8406,2,1,3,25,0,0.0,0.0,0.0,0.0,0.0,True,4,282,1
8407,1,1,1,28,0,0.0,0.0,0.0,0.0,0.0,True,7,1448,0
8408,1,1,3,17,0,0.0,0.0,0.0,0.0,306.7894819713431,True,7,1448,0
8409,1,1,3,0,0,0.0,0.0,0.0,0.0,0.0,True,7,1448,0
8410,1,1,1,5,0,0.0,0.0,174.90603284902085,0.0,0.0,False,7,1448,0
8411,1,0,1,30,0,0.0,1028.0,0.0,80.0,0.0,False,6,1741,0
8412,1,1,1,17,0,222.89785157787045,0.0,0.0,0.0,0.0,True,7,1448,0
8413,1,0,1,53,0,0.0,1487.0,0.0,67.0,0.0,False,6,1741,0
8414,1,1,1,9,0,0.0,0.0,0.0,0.0,0.0,False,7,1448,0
8415,2,0,1,17,0,0.0,366.0,23492.0,356.0,3.0,True,2,291,1
8416,2,1,3,16,0,0.0,0.0,0.0,0.0,0.0,True,2,291,1
8417,2,1,1,29,0,0.0,0.0,0.0,0.0,0.0,True,2,291,1
8418,2,0,3,29,0,80.0,3707.0,0.0,1465.0,1320.0,False,2,291,1
8419,3,0,1,46,0,479.0,4.0,699.0,0.0,0.0,False,4,283,1
8420,1,0,2,27,0,32.0,8.0,5.0,588.0,18.0,False,6,1844,1
8421,2,0,1,39,0,2101.0,41.0,0.0,525.0,19.0,False,4,285,1
8422,1,1,3,15,0,0.0,451.96167494677076,0.0,0.0,0.0,True,6,1742,0
8423,1,0,1,30,0,604.0,0.0,50.0,147.0,2.0,False,6,1742,0
8424,1,1,1,41,0,0.0,0.0,0.0,0.0,0.0,False,7,1449,0
8425,1,0,1,47,0,222.89785157787045,1.0,0.0,967.0,5.0,False,5,591,0
8426,3,0,3,32,0,2555.0,0.0,456.0,2.0,0.0,False,4,274,0
8427,1,0,3,15,0,0.0,20.0,816.0,39.0,1.0,False,6,1743,0
8428,1,0,1,23,0,2.0,167.0,0.0,0.0,555.0,True,6,1744,0
8429,2,1,3,20,0,0.0,0.0,0.0,0.0,0.0,True,2,292,1
8430,2,1,1,33,0,0.0,0.0,0.0,0.0,0.0,True,2,343,0
8431,1,1,1,18,0,0.0,0.0,0.0,0.0,0.0,False,7,1458,1
8432,1,0,1,31,0,0.0,173.0,409.0,102.0,43.0,False,6,1745,0
8433,1,1,1,25,0,0.0,0.0,0.0,0.0,0.0,False,6,1745,0
8434,1,1,2,19,0,0.0,0.0,0.0,0.0,0.0,True,7,1459,1
8435,3,1,3,32,0,0.0,0.0,0.0,0.0,0.0,True,6,1846,1
8436,1,0,1,45,0,2.0,338.0,307.0,64.0,0.0,False,6,1746,0
8437,1,0,1,43,0,224.0,0.0,623.0,0.0,62.0,False,7,1460,1
8438,1,0,1,21,0,128.0,108.0,8.0,3.0,522.0,False,7,1461,1
8439,1,0,1,48,0,38.0,0.0,23.0,722.0,1.0,False,7,1461,1
8440,1,0,3,0,0,0.0,0.0,0.0,0.0,0.0,True,7,1461,1
8441,2,1,1,29,0,0.0,0.0,0.0,0.0,0.0,True,2,293,1
8442,2,0,3,41,0,3.0,1320.0,0.0,0.0,12392.0,False,2,344,0
8443,1,0,1,23,0,0.0,554.0,0.0,299.0,0.0,False,7,1462,1
8444,1,0,3,48,0,304.0,0.0,164.0,320.0,0.0,False,5,592,0
8445,1,0,2,18,0,0.0,0.0,0.0,391.0,283.0,True,6,1747,0
8446,3,0,1,30,0,522.0,0.0,174.90603284902085,0.0,27.0,True,5,577,1
8447,3,0,1,26,1,1297.0,0.0,62.0,0.0,364.0,False,4,286,1
8448,1,0,1,18,0,0.0,1.0,0.0,618.0,21.0,True,5,593,0
8449,3,0,3,27,0,63.0,0.0,1970.0,0.0,0.0,True,6,1749,0
8450,1,1,1,58,0,222.89785157787045,0.0,0.0,0.0,0.0,True,7,1463,1
8451,1,0,1,22,0,1.0,676.0,13.0,217.0,1.0,False,7,1464,1
8452,3,0,1,17,0,3146.0,0.0,87.0,135.0,0.0,False,4,287,1
8453,1,0,1,28,0,1954.0,43.0,0.0,0.0,7.0,False,6,1847,1
8454,1,0,1,27,0,0.0,0.0,0.0,298.0,511.0,False,7,1465,1
8455,1,0,1,51,0,0.0,0.0,689.0,0.0,32.0,False,7,1455,0
8456,3,1,1,37,0,0.0,0.0,0.0,0.0,0.0,False,5,578,1
8457,2,1,1,14,0,0.0,0.0,0.0,0.0,0.0,True,4,288,1
8458,2,1,1,43,0,0.0,0.0,0.0,0.0,0.0,True,4,288,1
8459,2,0,3,27,0,0.0,984.0,0.0,13995.0,312.0,False,4,288,1
8460,2,0,1,60,0,0.0,451.96167494677076,947.0,668.0,1.0,True,4,288,1
8461,2,0,1,33,0,0.0,1876.0,0.0,1432.0,14.0,False,4,288,1
8462,1,0,1,39,0,266.0,4.0,1.0,0.0,452.0,False,7,1466,1
8463,1,1,2,21,0,0.0,0.0,0.0,0.0,0.0,True,7,1467,1
8464,3,0,3,21,0,1410.0,3.0,49.0,0.0,0.0,False,6,1751,0
8465,2,1,3,28,0,0.0,0.0,0.0,0.0,0.0,True,1,106,0
8466,1,1,2,30,0,0.0,0.0,0.0,308.4769036733407,0.0,True,7,1470,1
8467,2,0,3,42,0,0.0,5436.0,0.0,471.0,109.0,True,2,294,1
8468,1,1,1,25,0,0.0,0.0,0.0,0.0,0.0,True,6,1848,1
8469,2,1,3,25,0,0.0,0.0,0.0,0.0,0.0,True,3,335,0
8470,2,0,1,25,0,6899.0,265.0,0.0,2234.0,2090.0,False,3,335,0
8471,1,1,1,54,0,0.0,0.0,0.0,0.0,0.0,False,7,1471,1
8472,2,1,1,41,0,0.0,0.0,0.0,0.0,0.0,True,3,336,0
8473,1,0,1,36,0,0.0,17.0,204.0,559.0,3.0,False,7,1457,0
8474,1,0,3,33,0,1006.0,0.0,1357.0,45.0,6.0,False,6,1752,0
8475,2,0,3,36,1,132.0,3479.0,0.0,3786.0,0.0,False,6,82,0
8476,2,1,1,55,0,0.0,0.0,0.0,0.0,0.0,True,2,296,1
8477,1,0,1,16,0,866.0,0.0,0.0,184.0,0.0,False,6,1753,0
8478,1,0,1,28,0,0.0,8.0,338.0,135.0,390.0,False,6,1853,1
8479,3,0,1,26,0,887.0,6.0,15.0,148.0,0.0,False,4,276,0
8480,1,0,1,42,0,815.0,19.0,2.0,11.0,17.0,False,6,1754,0
8481,1,0,2,30,0,1269.0,9.0,0.0,0.0,0.0,False,6,1756,0
8482,2,0,1,31,0,1062.0,1605.0,0.0,2718.0,1674.0,False,3,337,0
8483,2,1,1,22,0,0.0,0.0,0.0,0.0,0.0,True,2,297,1
8484,2,1,3,26,0,0.0,0.0,0.0,0.0,0.0,True,2,297,1
8485,2,1,3,25,0,0.0,0.0,0.0,0.0,0.0,True,6,82,0
8486,2,0,1,44,0,0.0,4313.0,0.0,568.0,7.0,True,2,297,1
8487,2,0,3,29,0,0.0,12563.0,0.0,3.0,5057.0,False,2,297,1
8488,1,0,3,22,0,0.0,0.0,1072.0,46.0,3.0,False,6,1855,1
8489,1,1,1,23,0,0.0,0.0,0.0,0.0,0.0,True,6,1758,0
8490,3,0,1,30,0,160.0,0.0,719.0,162.0,0.0,False,6,1758,0
8491,3,0,1,23,0,455.0,10.0,591.0,232.0,0.0,False,6,1758,0
8492,2,0,1,13,0,24.0,838.0,1069.0,1376.0,181.0,False,1,107,0
8493,2,1,3,53,0,0.0,0.0,174.90603284902085,0.0,0.0,True,2,347,0
8494,1,1,1,0,0,0.0,0.0,174.90603284902085,0.0,0.0,True,7,1460,0
8495,1,0,2,27,0,0.0,468.0,0.0,59.0,309.0,False,7,1460,0
8496,1,1,1,27,0,0.0,0.0,0.0,0.0,0.0,False,7,1460,0
8497,1,1,3,10,0,0.0,0.0,0.0,0.0,0.0,True,7,1460,0
8498,1,1,1,2,0,0.0,0.0,0.0,0.0,0.0,True,7,1460,0
8499,1,0,3,5,0,0.0,0.0,0.0,0.0,0.0,True,7,1460,0
8500,1,0,1,24,0,0.0,10.0,758.0,0.0,20.0,False,5,580,1
8501,1,0,1,32,0,0.0,0.0,0.0,0.0,0.0,False,7,1461,0
8502,1,0,3,22,0,23.0,100.0,1353.0,0.0,0.0,True,6,1856,1
8503,1,1,2,22,0,0.0,0.0,0.0,0.0,0.0,False,7,1475,1
8504,1,0,2,44,0,0.0,2.0,0.0,0.0,1556.0,False,5,594,0
8505,1,0,1,55,0,1.0,0.0,58.0,0.0,802.0,True,5,595,0
8506,1,0,1,22,0,34.0,0.0,0.0,711.0,0.0,False,6,1857,1
8507,1,0,1,8,0,0.0,0.0,0.0,0.0,0.0,False,7,1476,1
8508,1,0,3,15,0,0.0,0.0,0.0,208.0,754.0,False,6,1858,1
8509,1,1,1,1,0,0.0,0.0,0.0,0.0,0.0,False,6,82,0
8510,1,0,1,9,0,0.0,0.0,0.0,0.0,0.0,True,7,1476,1
8511,1,0,1,48,0,0.0,586.0,784.0,4.0,21.0,True,6,1858,1
8512,1,0,2,16,0,0.0,0.0,761.0,0.0,0.0,False,6,1858,1
8513,1,1,1,27,0,0.0,0.0,0.0,0.0,0.0,True,7,1476,1
8514,1,1,2,3,0,0.0,0.0,0.0,0.0,0.0,True,7,1476,1
8515,1,0,1,25,0,1258.0,0.0,22.0,19.0,0.0,False,5,582,1
8516,2,0,3,70,0,0.0,2113.0,0.0,1972.0,51.0,False,1,95,1
8517,2,0,3,30,0,11.0,495.0,0.0,2049.0,2064.0,False,1,95,1
8518,2,1,1,57,0,0.0,0.0,0.0,0.0,0.0,True,1,95,1
8519,1,0,1,42,0,866.0,0.0,16.0,0.0,0.0,False,7,1463,0
8520,1,1,2,14,0,0.0,0.0,0.0,0.0,0.0,False,7,1465,0
8521,1,0,1,43,0,0.0,704.0,0.0,2.0,0.0,True,7,1465,0
8522,3,1,1,34,0,0.0,0.0,0.0,0.0,0.0,True,6,1863,1
8523,1,0,1,21,0,8.0,796.0,0.0,0.0,0.0,True,6,1864,1
8524,1,0,1,32,0,0.0,475.0,51.0,440.0,642.0,False,5,597,0
8525,1,0,1,21,0,222.89785157787045,0.0,496.0,430.0,0.0,False,6,1865,1
8526,1,0,1,25,0,3402.0,2449.0,28.0,259.0,197.0,False,7,1479,1
8527,2,1,3,25,0,0.0,0.0,0.0,0.0,0.0,True,3,302,1
8528,1,0,1,38,0,1736.0,0.0,123.0,5.0,115.0,False,6,1761,0
8529,1,1,1,36,0,0.0,0.0,0.0,0.0,0.0,False,7,1467,0
8530,1,1,1,44,0,0.0,0.0,0.0,0.0,0.0,True,7,1468,0
8531,1,0,1,37,0,15.0,7.0,0.0,786.0,0.0,False,7,1468,0
8532,1,0,1,47,0,0.0,0.0,16.0,3.0,854.0,False,6,1866,1
8533,3,0,1,38,0,1478.0,0.0,631.0,0.0,0.0,False,5,598,0
8534,3,0,1,28,0,222.89785157787045,0.0,0.0,0.0,0.0,False,4,290,1
8535,2,1,3,38,0,0.0,0.0,0.0,0.0,0.0,True,2,348,0
8536,1,0,2,53,0,1215.0,0.0,0.0,0.0,0.0,False,6,1867,1
8537,1,0,1,26,0,0.0,451.96167494677076,0.0,1.0,48.0,True,6,1868,1
8538,1,0,3,13,0,0.0,1501.0,23.0,5.0,163.0,True,5,585,1
8539,1,0,1,64,0,37.0,1585.0,234.0,0.0,18.0,True,7,1482,1
8540,1,1,1,16,0,0.0,0.0,0.0,0.0,0.0,False,7,1483,1
8541,1,0,1,13,0,101.0,12.0,184.0,780.0,0.0,False,6,1763,0
8542,1,1,3,55,0,0.0,0.0,0.0,0.0,0.0,False,7,1469,0
8543,3,0,1,26,0,733.0,0.0,1296.0,80.0,0.0,False,5,599,0
8544,3,1,1,23,0,0.0,0.0,0.0,0.0,0.0,True,5,586,1
8545,3,1,1,55,0,0.0,0.0,0.0,0.0,0.0,True,5,586,1
8546,3,1,1,50,0,0.0,0.0,0.0,0.0,0.0,True,5,600,0
8547,1,0,2,26,0,0.0,749.0,20.0,0.0,0.0,False,7,1470,0
8548,1,0,1,36,0,794.0,371.0,0.0,228.0,1.0,False,6,1870,1
8549,1,1,2,33,0,0.0,0.0,0.0,0.0,0.0,False,7,1484,1
8550,1,0,1,21,0,0.0,1.0,0.0,808.0,0.0,False,7,1485,1
8551,3,1,1,41,0,0.0,0.0,0.0,0.0,0.0,True,6,1765,0
8552,2,0,3,33,0,0.0,1961.0,0.0,226.0,1077.0,False,3,303,1
8553,2,1,1,23,0,0.0,0.0,0.0,0.0,0.0,True,3,303,1
8554,3,0,1,31,0,2575.0,1.0,2.0,308.4769036733407,0.0,False,4,291,1
8555,3,0,1,28,0,1789.0,16.0,3.0,10.0,1.0,False,6,1871,1
8556,1,0,1,13,0,590.0,0.0,32.0,363.0,0.0,False,5,601,0
8557,1,0,1,28,0,6.0,0.0,0.0,800.0,3.0,False,7,1471,0
8558,3,0,1,35,0,3.0,1376.0,11.0,0.0,360.0,False,6,1872,1
8559,3,0,1,25,0,410.0,32.0,14.0,1239.0,10.0,False,6,1766,0
8560,1,1,2,19,0,0.0,0.0,0.0,0.0,0.0,True,7,1488,1
8561,2,1,1,56,0,0.0,0.0,0.0,0.0,0.0,True,2,349,0
8562,1,0,1,18,0,83.0,165.0,1.0,0.0,2002.0,False,6,1873,1
8563,1,0,1,22,0,1.0,702.0,0.0,0.0,0.0,False,6,1768,0
8564,1,1,1,34,0,0.0,0.0,0.0,0.0,0.0,False,7,1489,1
8565,1,0,1,11,0,0.0,0.0,0.0,0.0,0.0,False,7,1473,0
8566,2,1,3,37,0,0.0,0.0,0.0,308.4769036733407,0.0,True,2,350,0
8567,2,0,3,22,0,0.0,36.0,1.0,3761.0,4521.0,False,2,350,0
8568,1,0,1,45,0,1.0,0.0,638.0,9.0,161.0,False,7,1474,0
8569,3,1,1,19,0,0.0,0.0,0.0,308.4769036733407,0.0,True,6,1769,0
8570,1,1,1,39,0,0.0,0.0,0.0,0.0,0.0,True,7,1491,1
8571,2,1,1,28,0,0.0,0.0,0.0,0.0,0.0,True,2,351,0
8572,1,0,1,36,0,0.0,281.0,0.0,0.0,632.0,False,7,1476,0
8573,1,1,2,1,0,0.0,0.0,0.0,0.0,0.0,True,7,1476,0
8574,1,0,2,10,0,0.0,0.0,0.0,0.0,0.0,True,7,1476,0
8575,1,0,3,12,0,0.0,0.0,0.0,0.0,0.0,True,7,1476,0
8576,1,0,1,31,0,0.0,522.0,0.0,54.0,332.0,False,7,1476,0
8577,1,0,1,12,0,0.0,0.0,0.0,0.0,0.0,False,7,1476,0
8578,1,1,1,3,0,0.0,0.0,0.0,0.0,0.0,True,7,1476,0
8579,2,1,3,30,1,0.0,0.0,0.0,0.0,0.0,True,2,298,1
8580,1,0,1,41,0,169.0,0.0,516.0,0.0,52.0,True,6,1875,1
8581,1,0,1,19,0,640.0,0.0,0.0,38.0,12.0,False,6,1770,0
8582,1,1,3,38,0,0.0,0.0,0.0,0.0,0.0,False,7,1493,1
8583,1,1,1,36,0,0.0,0.0,174.90603284902085,0.0,0.0,True,7,1493,1
8584,1,1,1,0,0,0.0,0.0,0.0,0.0,0.0,True,7,1477,0
8585,3,0,1,20,0,574.0,1.0,792.0,11.0,0.0,False,5,602,0
8586,1,0,1,23,0,9.0,2.0,1.0,0.0,727.0,False,6,1771,0
8587,1,0,1,35,0,0.0,0.0,0.0,684.0,0.0,False,6,1772,0
8588,2,0,3,36,0,23.0,14773.0,0.0,1159.0,7819.0,False,3,338,0
8589,2,1,1,41,0,0.0,0.0,0.0,0.0,0.0,True,3,338,0
8590,3,0,1,38,0,48.0,2318.0,5.0,11.0,0.0,True,4,295,1
8591,1,0,1,33,0,1060.0,403.0,1.0,0.0,145.0,False,5,587,1
8592,1,0,1,54,0,724.0,25.0,71.0,0.0,1054.0,False,7,1478,0
8593,1,0,2,33,0,0.0,688.0,2.0,0.0,426.0,False,6,1876,1
8594,1,0,2,54,0,65.0,670.0,0.0,177.0,0.0,True,7,1479,0
8595,2,0,3,32,0,0.0,10073.0,0.0,168.0,337.0,True,2,299,1
8596,1,0,1,24,0,0.0,537.0,0.0,5.0,197.0,True,6,1773,0
8597,1,0,1,53,0,49.0,584.0,0.0,0.0,70.0,False,6,1877,1
8598,1,1,1,26,0,0.0,0.0,0.0,0.0,0.0,True,7,1494,1
8599,1,0,1,31,0,459.0,194.0,0.0,5.0,125.0,False,7,1494,1
8600,1,1,2,18,0,0.0,0.0,174.90603284902085,0.0,0.0,False,7,1494,1
8601,1,1,1,39,0,0.0,0.0,0.0,0.0,0.0,True,7,1494,1
8602,3,0,1,37,0,148.0,0.0,684.0,1446.0,88.0,False,6,1774,0
8603,1,0,1,35,0,270.0,4.0,453.0,7.0,0.0,True,6,1775,0
8604,2,0,3,34,0,0.0,5.0,11.0,62.0,5804.0,False,3,307,1
8605,1,0,1,28,0,0.0,7.0,6.0,0.0,482.0,False,7,1480,0
8606,1,0,1,43,0,698.0,94.0,0.0,0.0,0.0,True,5,588,1
8607,3,1,1,2,0,0.0,0.0,174.90603284902085,0.0,0.0,True,6,1878,1
8608,1,0,1,24,0,0.0,0.0,807.0,0.0,2.0,False,7,1481,0
8609,1,0,2,18,0,87.0,41.0,483.0,0.0,0.0,False,6,1777,0
8610,1,0,1,21,0,802.0,0.0,1.0,1.0,0.0,True,6,1778,0
8611,1,0,2,24,0,222.89785157787045,599.0,174.90603284902085,0.0,0.0,True,6,1880,1
8612,1,0,2,35,0,0.0,0.0,0.0,0.0,0.0,False,7,1483,0
8613,1,0,3,53,0,0.0,4017.0,0.0,13.0,3147.0,False,5,603,0
8614,2,0,1,32,1,1003.0,909.0,0.0,0.0,15.0,False,5,603,0
8615,3,1,1,44,0,0.0,0.0,0.0,0.0,0.0,True,6,1779,0
8616,3,1,1,33,0,0.0,0.0,0.0,0.0,0.0,True,6,1779,0
8617,2,0,1,40,0,0.0,1674.0,0.0,269.0,4.0,True,3,339,0
8618,2,0,1,31,0,1.0,104.0,1338.0,698.0,126.0,True,3,339,0
8619,2,0,1,23,0,381.0,794.0,52.0,654.0,1317.0,False,3,339,0
8620,2,0,3,44,0,0.0,0.0,0.0,0.0,0.0,True,3,308,1
8621,2,0,1,41,1,0.0,7964.0,0.0,3238.0,5839.0,False,3,308,1
8622,2,0,1,31,0,0.0,4634.0,8.0,616.0,0.0,True,3,308,1
8623,2,0,3,30,0,1569.0,451.96167494677076,0.0,308.4769036733407,2252.0,False,3,308,1
8624,2,1,3,33,0,0.0,0.0,0.0,0.0,0.0,True,5,590,1
8625,1,0,2,30,0,0.0,816.0,0.0,0.0,0.0,True,7,1484,0
8626,2,0,1,26,0,8586.0,77.0,114.0,29.0,4.0,False,3,309,1
8627,3,1,3,22,0,0.0,0.0,0.0,0.0,0.0,True,6,1780,0
8628,2,1,3,37,0,0.0,0.0,0.0,0.0,0.0,True,2,300,1
8629,2,1,1,15,0,0.0,0.0,0.0,0.0,0.0,True,2,300,1
8630,2,1,1,52,0,0.0,0.0,0.0,0.0,0.0,True,2,300,1
8631,1,1,1,35,0,0.0,0.0,0.0,0.0,0.0,True,7,1485,0
8632,1,0,1,40,0,757.0,40.0,4.0,2.0,0.0,False,6,1782,0
8633,1,0,1,60,0,0.0,8.0,174.90603284902085,360.0,74.0,False,7,1486,0
8634,1,0,1,24,0,0.0,90.0,0.0,795.0,0.0,True,6,1884,1
8635,1,0,3,31,0,15.0,679.0,89.0,6.0,0.0,True,5,604,0
8636,2,1,3,43,0,0.0,0.0,0.0,0.0,0.0,True,2,353,0
8637,1,0,3,9,0,0.0,0.0,0.0,0.0,0.0,False,7,1487,0
8638,1,0,1,51,0,6.0,0.0,0.0,0.0,1164.0,True,6,1783,0
8639,1,0,1,25,0,2.0,45.0,45.0,0.0,815.0,False,7,1496,1
8640,1,1,1,20,0,0.0,0.0,0.0,0.0,0.0,True,7,1496,1
8641,1,0,2,22,0,623.0,0.0,174.90603284902085,0.0,53.0,True,6,1886,1
8642,1,1,1,21,0,0.0,0.0,0.0,0.0,306.7894819713431,False,7,1497,1
8643,3,1,1,50,0,0.0,0.0,0.0,308.4769036733407,0.0,True,6,1784,0
8644,3,0,1,24,0,745.0,639.0,977.0,4.0,0.0,False,6,1786,0
8645,1,0,1,45,0,1.0,197.0,0.0,660.0,15.0,False,6,1787,0
8646,1,0,1,22,0,676.0,0.0,13.0,0.0,12.0,False,6,1788,0
8647,1,1,1,7,0,0.0,0.0,0.0,0.0,0.0,False,7,1498,1
8648,1,1,2,11,0,0.0,0.0,0.0,0.0,0.0,True,7,1498,1
8649,1,1,2,1,0,0.0,0.0,0.0,0.0,0.0,True,7,1498,1
8650,1,1,1,0,0,0.0,0.0,0.0,0.0,0.0,True,7,1498,1
8651,1,0,1,8,0,0.0,0.0,0.0,0.0,0.0,False,7,1498,1
8652,2,0,1,36,1,0.0,5600.0,715.0,2868.0,971.0,True,3,342,0
8653,3,1,3,2,0,0.0,0.0,0.0,0.0,0.0,True,6,1888,1
8654,3,0,1,0,0,0.0,0.0,0.0,0.0,0.0,True,6,1888,1
8655,3,0,1,22,0,0.0,0.0,0.0,0.0,0.0,False,5,592,1
8656,1,0,1,41,0,3.0,0.0,668.0,0.0,0.0,True,6,82,0
8657,1,0,1,49,0,6.0,1.0,638.0,1107.0,23.0,False,7,1500,1
8658,1,0,1,30,0,8.0,752.0,0.0,0.0,687.0,True,6,1789,0
8659,1,1,1,37,0,0.0,0.0,0.0,0.0,0.0,False,7,1488,0
8660,3,0,1,14,0,2.0,0.0,918.0,128.0,0.0,False,5,593,1
8661,3,0,1,30,0,699.0,0.0,600.0,0.0,0.0,False,5,595,1
8662,1,0,1,62,0,102.0,696.0,0.0,0.0,0.0,True,6,1891,1
8663,1,1,2,13,0,0.0,0.0,0.0,0.0,0.0,True,7,1489,0
8664,1,0,1,32,0,0.0,0.0,0.0,0.0,0.0,True,7,1490,0
8665,1,1,1,33,0,0.0,0.0,0.0,0.0,306.7894819713431,False,7,1491,0
8666,1,0,3,38,0,28.0,1208.0,973.0,207.0,0.0,True,6,1792,0
8667,2,0,1,29,0,0.0,2972.0,174.90603284902085,28.0,188.0,True,5,597,1
8668,3,1,1,25,0,0.0,0.0,0.0,0.0,0.0,True,6,1793,0
8669,2,0,3,26,0,0.0,8160.0,205.0,0.0,438.0,True,2,301,1
8670,2,1,3,19,0,0.0,0.0,0.0,0.0,0.0,True,2,301,1
8671,1,1,2,16,0,0.0,0.0,0.0,0.0,0.0,True,7,1493,0
8672,1,1,2,61,0,0.0,0.0,0.0,0.0,0.0,False,7,1502,1
8673,1,1,1,28,0,0.0,0.0,0.0,0.0,0.0,True,7,1494,0
8674,1,0,1,13,0,39.0,0.0,1085.0,24.0,0.0,False,6,1892,1
8675,1,0,1,44,0,1030.0,1015.0,0.0,11.0,306.7894819713431,True,6,1893,1
8676,1,1,2,22,0,0.0,0.0,0.0,0.0,0.0,False,7,1504,1
8677,2,1,3,30,0,0.0,0.0,0.0,0.0,0.0,True,5,606,0
8678,2,1,1,21,0,0.0,0.0,0.0,0.0,0.0,True,5,607,0
8679,2,1,1,20,0,0.0,0.0,0.0,0.0,0.0,True,5,607,0
8680,1,1,1,31,0,0.0,0.0,0.0,0.0,0.0,True,7,1505,1
8681,1,1,3,33,0,0.0,0.0,0.0,0.0,0.0,True,7,1497,0
8682,1,0,1,26,0,240.0,242.0,510.0,0.0,0.0,True,7,1507,1
8683,1,0,1,21,0,86.0,3.0,149.0,208.0,329.0,False,6,1894,1
8684,1,1,1,23,0,0.0,0.0,0.0,0.0,0.0,True,7,1508,1
8685,2,0,1,0,0,0.0,0.0,0.0,0.0,0.0,True,1,97,1
8686,2,0,1,32,0,1.0,1146.0,0.0,50.0,34.0,False,1,97,1
8687,2,0,1,30,0,0.0,3208.0,0.0,2.0,330.0,True,1,97,1
8688,2,0,3,41,1,0.0,6819.0,0.0,1643.0,74.0,False,1,98,1
8689,1,1,2,18,0,0.0,0.0,0.0,0.0,0.0,False,7,1499,0
8690,1,0,1,26,0,0.0,0.0,1872.0,1.0,0.0,True,7,1500,0
8691,2,0,3,32,0,0.0,1049.0,0.0,353.0,3235.0,False,5,608,0
8692,2,0,1,44,0,126.0,4688.0,0.0,0.0,12.0,True,5,608,0
0,1,1,1,27,0,0.0,0.0,0.0,0.0,0.0,,7,3,0
1,1,0,1,19,0,0.0,9.0,0.0,2823.0,0.0,,6,4,0
2,2,1,3,31,0,0.0,0.0,0.0,0.0,0.0,,3,0,0
3,2,0,1,38,0,0.0,6652.0,0.0,181.0,585.0,,3,1,0
4,1,0,1,20,0,10.0,0.0,635.0,0.0,0.0,,6,5,0
5,1,0,1,31,0,0.0,1615.0,263.0,113.0,60.0,,6,7,1
6,2,1,3,21,0,0.0,451.96167494677076,0.0,0.0,0.0,,2,2,1
7,2,1,1,20,0,0.0,0.0,0.0,0.0,0.0,,4,0,0
8,2,1,3,23,0,0.0,0.0,0.0,0.0,0.0,,4,0,0
9,1,0,3,24,0,0.0,639.0,0.0,0.0,0.0,,6,7,0
10,1,0,1,19,0,339.0,3.0,136.0,237.0,0.0,,6,9,0
11,2,0,1,45,0,932.0,74.0,174.90603284902085,7.0,1010.0,,4,2,1
12,2,0,1,44,0,0.0,1561.0,0.0,14.0,224.0,,4,2,1
13,3,1,1,46,0,0.0,0.0,0.0,0.0,0.0,,5,0,1
14,1,0,1,21,0,0.0,0.0,0.0,1687.0,92.0,,7,4,1
15,1,0,1,27,0,0.0,0.0,0.0,903.0,306.7894819713431,,6,11,1
16,1,0,1,20,0,2.0,12.0,253.0,457.0,690.0,,6,11,1
17,2,1,1,44,0,0.0,0.0,0.0,0.0,0.0,,2,0,0
18,2,0,1,29,0,0.0,7708.0,243.0,569.0,343.0,,6,82,0
19,2,0,1,40,0,26.0,1925.0,8.0,3144.0,63.0,,2,0,0
20,1,0,1,30,0,0.0,878.0,26.0,3.0,0.0,,7,5,0
21,1,0,1,14,0,222.89785157787045,0.0,0.0,1609.0,0.0,,5,1,1
22,2,1,3,31,0,0.0,0.0,0.0,0.0,0.0,,2,4,1
23,2,0,3,27,0,0.0,6977.0,0.0,4.0,1235.0,,2,4,1
24,2,0,3,66,0,39.0,6452.0,0.0,1409.0,155.0,,2,4,1
25,1,0,1,24,0,1784.0,8.0,18.0,18.0,0.0,,7,5,1
26,2,0,3,19,0,293.0,3495.0,5273.0,118.0,422.0,,3,1,1
27,1,1,1,36,0,0.0,0.0,0.0,0.0,0.0,,5,2,1
28,1,0,1,21,0,0.0,619.0,12.0,3.0,0.0,,6,12,1
29,1,1,3,18,0,0.0,0.0,0.0,0.0,0.0,,7,8,0
30,1,1,1,26,0,0.0,0.0,0.0,0.0,0.0,,7,9,0
31,1,0,1,19,0,598.0,0.0,30.0,0.0,0.0,,7,11,0
32,1,1,1,48,0,0.0,0.0,0.0,0.0,0.0,,7,12,0
33,1,0,1,23,0,14.0,870.0,0.0,0.0,23.0,,7,7,1
34,1,0,1,24,0,483.0,0.0,87.0,214.0,0.0,,7,8,1
35,1,0,1,19,0,0.0,20.0,135.0,265.0,367.0,,5,3,1
36,3,1,1,24,0,0.0,0.0,0.0,0.0,0.0,,6,19,0
37,1,0,1,27,0,66.0,1736.0,0.0,0.0,15.0,,7,10,1
38,1,1,1,6,0,222.89785157787045,0.0,0.0,0.0,0.0,,7,17,0
39,1,0,1,33,0,0.0,0.0,0.0,866.0,0.0,,6,21,0
40,1,0,2,23,0,0.0,0.0,1235.0,0.0,0.0,,6,18,1
41,1,0,2,30,0,1.0,0.0,1585.0,0.0,484.0,,6,22,0
42,1,0,1,28,0,0.0,17.0,997.0,0.0,0.0,,7,13,1
43,1,0,1,1,0,0.0,0.0,0.0,0.0,0.0,,7,13,1
44,1,0,1,20,0,1.0,0.0,0.0,599.0,0.0,,6,25,0
45,1,1,1,17,0,0.0,0.0,0.0,0.0,0.0,,6,26,0
46,1,0,1,34,0,0.0,0.0,39.0,1.0,556.0,,6,22,1
47,1,0,2,24,0,0.0,22.0,82.0,0.0,686.0,,5,4,1
48,1,0,1,29,0,14.0,869.0,174.90603284902085,1.0,0.0,,7,14,1
49,1,0,1,20,0,1037.0,1.0,2.0,0.0,1576.0,,6,26,1
50,1,1,3,5,0,0.0,0.0,0.0,0.0,0.0,,7,15,1
51,2,1,3,22,0,0.0,0.0,0.0,0.0,0.0,,2,6,1
52,2,0,1,16,0,3966.0,2872.0,0.0,0.0,2458.0,,2,6,1
53,1,1,3,7,0,0.0,0.0,0.0,0.0,0.0,,7,16,1
54,1,0,3,36,0,0.0,0.0,571.0,36.0,0.0,,6,28,0
55,3,0,3,26,0,46.0,315.0,2305.0,0.0,97.0,,4,4,0
56,1,0,1,40,0,413.0,514.0,1.0,0.0,0.0,,6,28,1
57,1,1,1,29,0,0.0,0.0,0.0,0.0,0.0,,7,24,0
58,3,1,1,2,0,0.0,0.0,0.0,0.0,0.0,,6,30,0
59,3,0,1,23,0,378.0,402.0,0.0,0.0,509.0,,6,30,0
60,3,0,1,0,0,0.0,0.0,0.0,0.0,0.0,,6,30,0
61,2,0,3,30,0,0.0,8853.0,6108.0,29.0,3523.0,,3,2,1
62,1,0,1,56,0,0.0,44.0,23.0,723.0,0.0,,5,6,1
63,2,1,1,36,0,0.0,0.0,0.0,0.0,0.0,,2,7,1
64,2,1,1,56,0,0.0,0.0,0.0,0.0,0.0,,2,7,1
65,1,0,1,19,0,32.0,0.0,521.0,0.0,223.0,,6,32,0
66,1,1,2,39,0,0.0,0.0,0.0,0.0,0.0,,7,21,1
67,3,0,1,38,0,2.0,26.0,148.0,1213.0,0.0,,6,33,1
68,3,0,1,28,0,0.0,0.0,0.0,0.0,0.0,,6,34,1
69,2,0,1,35,0,0.0,463.0,0.0,1502.0,585.0,,1,1,1
70,1,0,3,26,0,832.0,0.0,0.0,21.0,136.0,,5,9,0
71,1,0,1,31,0,0.0,0.0,705.0,0.0,0.0,,6,33,0
72,1,0,1,38,0,0.0,3.0,0.0,756.0,0.0,,6,34,0
73,1,0,3,27,0,222.89785157787045,11.0,0.0,0.0,1172.0,,6,35,1
74,3,1,3,30,0,0.0,0.0,0.0,0.0,0.0,,6,36,1
75,1,0,1,22,0,0.0,772.0,0.0,0.0,0.0,,7,29,0
76,2,1,1,29,0,0.0,0.0,0.0,0.0,0.0,,3,7,0
77,1,1,1,0,0,0.0,0.0,0.0,0.0,0.0,,7,25,1
78,1,0,3,8,0,0.0,0.0,0.0,0.0,0.0,,7,25,1
79,1,1,1,3,0,0.0,0.0,0.0,0.0,0.0,,7,25,1
80,1,1,1,27,0,0.0,0.0,0.0,0.0,0.0,,7,25,1
81,1,0,1,9,0,0.0,0.0,0.0,0.0,0.0,,7,25,1
82,1,0,2,29,0,362.0,15.0,0.0,0.0,450.0,,6,39,1
83,1,0,1,18,0,756.0,116.0,0.0,1.0,58.0,,6,40,1
84,3,0,1,22,0,197.0,0.0,1175.0,0.0,0.0,,5,7,1
85,3,0,1,24,0,6.0,11.0,1404.0,0.0,0.0,,6,37,0
86,3,1,3,25,0,0.0,0.0,0.0,0.0,0.0,,6,38,0
87,1,0,1,36,0,261.0,0.0,206.0,465.0,0.0,,6,39,0
88,2,1,1,14,0,0.0,0.0,0.0,0.0,0.0,,3,4,1
89,2,1,3,24,0,0.0,0.0,0.0,0.0,0.0,,3,4,1
90,2,0,3,26,1,0.0,275.0,0.0,4572.0,163.0,,3,4,1
91,1,0,2,29,0,1669.0,2.0,242.0,155.0,0.0,,6,43,1
92,1,0,1,40,0,44.0,0.0,565.0,0.0,18.0,,7,33,1
93,2,0,1,36,0,33.0,451.96167494677076,0.0,12767.0,1193.0,,2,10,1
94,2,0,1,46,0,717.0,516.0,4.0,2.0,2439.0,,5,12,0
95,2,0,1,42,0,4762.0,20.0,0.0,4.0,41.0,,5,12,0
96,1,1,1,23,0,0.0,0.0,0.0,0.0,0.0,,7,34,1
97,1,0,1,19,0,741.0,12.0,1.0,0.0,0.0,,7,35,1
98,2,0,3,25,0,3.0,3833.0,8098.0,1531.0,0.0,,4,7,0
99,1,0,1,22,0,0.0,0.0,0.0,0.0,0.0,,6,82,0
100,2,1,1,35,0,0.0,0.0,0.0,0.0,0.0,,2,4,0
101,2,0,3,39,0,0.0,25273.0,0.0,13.0,1714.0,,2,4,0
102,2,1,3,42,0,0.0,0.0,0.0,0.0,0.0,,2,4,0
103,2,0,1,35,0,0.0,1442.0,0.0,1813.0,6439.0,,2,4,0
104,1,1,2,29,0,0.0,0.0,0.0,0.0,0.0,,6,49,1
105,1,0,1,20,0,786.0,0.0,0.0,0.0,306.7894819713431,,6,49,1
106,1,1,1,25,0,0.0,0.0,0.0,0.0,0.0,,7,40,1
107,3,1,1,36,0,0.0,0.0,0.0,0.0,0.0,,6,51,1
108,3,0,1,39,0,2556.0,0.0,22.0,0.0,0.0,,4,7,1
109,2,1,3,23,0,0.0,0.0,0.0,0.0,0.0,,4,9,1
110,2,1,3,19,0,0.0,0.0,0.0,0.0,0.0,,4,9,1
111,1,0,1,50,0,0.0,0.0,78.0,751.0,78.0,,7,41,1
112,1,0,2,41,0,0.0,0.0,728.0,0.0,0.0,,6,48,0
113,3,0,3,19,0,1.0,0.0,2839.0,85.0,0.0,,6,55,1
114,1,0,1,20,0,186.0,0.0,0.0,602.0,100.0,,7,39,0
115,2,1,3,19,0,0.0,0.0,0.0,0.0,0.0,,2,5,0
116,2,1,1,38,0,0.0,0.0,0.0,0.0,0.0,,2,5,0
117,2,0,3,32,0,1340.0,451.96167494677076,0.0,8517.0,1256.0,,2,5,0
118,3,0,1,44,0,696.0,0.0,462.0,46.0,94.0,,5,12,1
119,3,0,1,18,0,1542.0,0.0,138.0,0.0,0.0,,6,57,1
120,3,0,1,49,0,108.0,0.0,41.0,1560.0,0.0,,6,58,1
121,3,0,3,23,0,3186.0,0.0,0.0,2.0,0.0,,5,13,1
122,1,0,1,31,0,41.0,334.0,1.0,62.0,484.0,,7,44,1
123,3,0,1,55,0,1054.0,0.0,2.0,0.0,1.0,,4,10,1
124,3,0,1,60,0,60.0,0.0,7022.0,0.0,0.0,,6,60,1
125,3,1,1,20,0,0.0,0.0,0.0,0.0,0.0,,6,60,1
126,3,0,1,34,0,301.0,0.0,79.0,919.0,0.0,,5,14,1
127,3,0,1,14,0,123.0,0.0,0.0,1936.0,22.0,,5,17,0
128,3,1,1,26,0,0.0,451.96167494677076,0.0,0.0,306.7894819713431,,5,17,0
129,2,0,3,19,0,0.0,86.0,0.0,368.0,4055.0,,2,6,0
130,2,1,1,25,0,0.0,0.0,0.0,0.0,0.0,,2,6,0
131,1,0,3,42,0,98.0,10.0,0.0,613.0,0.0,,6,62,1
132,1,0,1,18,0,212.0,678.0,12.0,0.0,0.0,,6,53,0
133,3,0,1,50,0,0.0,0.0,1299.0,0.0,0.0,,5,15,1
134,1,0,1,26,0,0.0,451.96167494677076,0.0,1079.0,281.0,,6,56,0
135,2,1,1,47,0,0.0,0.0,0.0,0.0,0.0,,6,82,0
136,1,0,2,35,0,222.89785157787045,627.0,0.0,44.0,0.0,,6,66,1
137,3,0,3,58,0,73.0,0.0,422.0,978.0,0.0,,6,57,0
138,1,0,3,20,0,376.0,0.0,242.0,1.0,0.0,,6,58,0
139,2,0,1,28,0,5.0,11549.0,132.0,4966.0,524.0,,4,11,1
140,1,1,2,12,0,222.89785157787045,0.0,0.0,0.0,0.0,,7,48,1
141,1,0,3,20,0,222.89785157787045,0.0,0.0,10.0,0.0,,5,17,1
142,1,1,1,22,0,0.0,0.0,0.0,0.0,0.0,,7,49,1
143,1,0,1,31,0,0.0,34.0,81.0,0.0,608.0,,7,43,0
144,1,1,2,24,0,0.0,0.0,0.0,0.0,0.0,,7,52,1
145,3,0,1,17,0,1031.0,0.0,1026.0,42.0,0.0,,5,18,1
146,3,1,3,28,0,0.0,0.0,0.0,0.0,0.0,,6,69,1
147,1,1,3,18,0,0.0,0.0,0.0,0.0,0.0,,6,82,0
148,1,0,1,48,0,222.89785157787045,755.0,0.0,0.0,0.0,,7,54,1
149,1,0,1,38,0,3.0,1252.0,1.0,0.0,0.0,,6,71,1
150,2,1,3,33,0,0.0,0.0,0.0,0.0,0.0,,2,14,1
151,1,1,1,20,0,0.0,0.0,0.0,0.0,0.0,,7,55,1
152,3,0,1,22,0,0.0,0.0,0.0,0.0,0.0,,5,20,0
153,1,0,1,52,0,356.0,34.0,288.0,0.0,124.0,,6,75,1
154,1,0,3,15,0,638.0,0.0,7.0,0.0,0.0,,6,75,1
155,1,0,1,25,0,10.0,2.0,755.0,0.0,9.0,,6,75,1
156,1,1,3,14,0,0.0,0.0,0.0,0.0,0.0,,7,56,1
157,1,1,3,28,0,0.0,0.0,0.0,0.0,0.0,,7,56,1
158,1,0,1,16,0,1395.0,0.0,0.0,21.0,522.0,,6,75,1
159,1,0,1,48,0,1.0,0.0,259.0,308.0,450.0,,7,56,1
160,1,0,1,36,0,0.0,69.0,0.0,0.0,796.0,,6,75,1
161,1,0,2,19,0,0.0,74.0,610.0,0.0,306.7894819713431,,5,19,1
162,1,1,2,43,0,0.0,0.0,0.0,0.0,0.0,,7,58,1
163,2,1,1,32,0,0.0,0.0,0.0,0.0,0.0,,3,8,1
164,2,0,3,54,0,0.0,8.0,4391.0,4882.0,7.0,,3,8,1
165,2,0,1,33,0,0.0,1030.0,0.0,3490.0,5832.0,,1,4,0
166,2,1,1,21,0,0.0,0.0,0.0,0.0,0.0,,1,4,0
167,2,0,1,33,0,23.0,0.0,737.0,493.0,1373.0,,1,4,0
168,2,1,3,28,0,0.0,0.0,0.0,0.0,0.0,,1,4,0
169,2,0,1,23,0,0.0,1468.0,0.0,704.0,1193.0,,1,4,0
170,2,0,1,26,0,8.0,67.0,0.0,393.0,1975.0,,1,4,0
171,3,1,1,41,0,0.0,0.0,0.0,0.0,0.0,,6,77,1
172,1,1,1,2,0,222.89785157787045,0.0,0.0,0.0,0.0,,7,61,1
173,1,1,2,21,0,0.0,0.0,0.0,0.0,0.0,,7,61,1
174,1,0,2,70,0,130.0,0.0,1247.0,0.0,3.0,,6,79,1
175,1,0,1,20,0,0.0,1704.0,3.0,0.0,0.0,,6,80,1
176,1,0,1,31,0,273.0,722.0,1.0,0.0,0.0,,5,22,0
177,1,0,1,8,0,0.0,0.0,0.0,0.0,306.7894819713431,,5,22,0
178,1,1,1,5,0,0.0,0.0,0.0,0.0,0.0,,5,22,0
179,3,0,1,45,0,288.0,0.0,932.0,4.0,0.0,,6,81,1
180,3,0,1,37,0,731.0,0.0,517.0,50.0,0.0,,6,82,0
181,1,1,1,24,0,0.0,0.0,0.0,0.0,0.0,,7,52,0
182,2,0,3,55,0,0.0,538.0,0.0,6.0,5288.0,,4,11,0
183,1,0,1,18,0,0.0,251.0,174.90603284902085,0.0,553.0,,6,86,1
184,1,0,1,36,0,6.0,0.0,0.0,783.0,0.0,,6,82,0
185,3,0,1,59,0,1678.0,451.96167494677076,0.0,0.0,0.0,,4,12,0
186,1,1,1,61,0,0.0,0.0,0.0,0.0,0.0,,7,67,1
187,1,0,3,46,0,4908.0,1.0,3.0,1.0,14.0,,7,58,0
188,3,0,1,29,0,87.0,1192.0,67.0,0.0,3.0,,6,87,1
189,1,1,1,18,0,0.0,0.0,0.0,0.0,0.0,,7,68,1
190,2,1,1,20,0,0.0,0.0,0.0,0.0,0.0,,3,10,1
191,3,0,1,28,0,4.0,0.0,2219.0,0.0,0.0,,6,88,1
192,1,0,1,26,0,708.0,183.0,10.0,0.0,0.0,,6,70,0
193,1,0,1,32,0,642.0,0.0,759.0,332.0,1444.0,,6,93,1
194,1,0,1,18,0,658.0,0.0,0.0,0.0,5.0,,5,23,0
195,1,0,1,50,0,1.0,0.0,0.0,736.0,0.0,,6,94,1
196,1,0,1,47,0,239.0,75.0,487.0,7.0,0.0,,7,70,1
197,1,1,2,15,0,0.0,0.0,0.0,0.0,0.0,,7,70,1
198,1,1,1,35,0,0.0,0.0,0.0,0.0,0.0,,7,70,1
199,1,0,1,49,0,189.0,451.96167494677076,0.0,882.0,0.0,,6,95,1
200,2,0,3,32,0,0.0,2116.0,6252.0,0.0,81.0,,3,12,1
201,1,0,1,63,0,4.0,6.0,0.0,308.4769036733407,835.0,,7,61,0
202,3,0,1,54,0,129.0,0.0,441.0,1028.0,0.0,,6,73,0
203,1,0,1,21,0,128.0,0.0,20.0,628.0,0.0,,6,74,0
204,3,0,1,38,0,1030.0,1347.0,197.0,3.0,0.0,,4,14,1
205,3,0,1,50,0,0.0,0.0,0.0,0.0,0.0,,5,24,0
206,1,0,2,32,0,1.0,0.0,858.0,0.0,689.0,,6,82,0
207,2,1,3,33,0,0.0,0.0,0.0,0.0,0.0,,3,17,0
208,2,0,1,30,0,0.0,870.0,67.0,1.0,461.0,,4,16,1
209,1,1,1,28,0,0.0,0.0,0.0,0.0,306.7894819713431,,7,68,0
210,3,1,1,22,0,0.0,0.0,0.0,0.0,0.0,,4,17,1
211,3,1,1,28,0,0.0,0.0,0.0,0.0,306.7894819713431,,4,17,1
212,3,1,3,37,0,0.0,0.0,0.0,0.0,0.0,,4,17,1
213,3,0,1,59,0,53.0,0.0,2736.0,0.0,0.0,,4,17,1
214,2,0,1,31,0,0.0,2522.0,0.0,0.0,2756.0,,3,18,0
215,1,0,1,25,0,246.0,0.0,541.0,0.0,16.0,,6,102,1
216,2,0,1,38,0,8.0,147.0,0.0,7668.0,46.0,,3,14,1
217,2,1,3,37,0,0.0,0.0,0.0,0.0,0.0,,3,14,1
218,2,1,3,44,0,0.0,0.0,0.0,0.0,0.0,,2,16,0
219,2,1,1,28,0,0.0,0.0,0.0,0.0,0.0,,4,18,1
220,2,0,1,45,0,0.0,0.0,0.0,0.0,0.0,,4,18,1
221,3,1,3,53,0,0.0,0.0,0.0,0.0,0.0,,6,104,1
222,1,0,3,21,0,0.0,0.0,687.0,0.0,21.0,,7,75,1
223,3,1,1,33,0,0.0,0.0,0.0,0.0,0.0,,5,31,1
224,3,1,1,18,0,0.0,0.0,0.0,0.0,0.0,,6,105,1
225,1,0,2,37,0,222.89785157787045,0.0,1022.0,15.0,0.0,,6,106,1
226,3,0,1,34,0,648.0,0.0,371.0,38.0,0.0,,4,17,0
227,1,1,1,46,0,0.0,0.0,0.0,0.0,0.0,,7,72,0
228,2,1,3,18,0,0.0,0.0,0.0,0.0,0.0,,3,15,1
229,2,0,1,19,0,1.0,1378.0,63.0,163.0,659.0,,3,15,1
230,1,1,1,4,0,0.0,0.0,0.0,0.0,0.0,,7,73,0
231,1,1,1,0,0,0.0,0.0,0.0,0.0,0.0,,7,73,0
232,1,1,1,12,0,0.0,0.0,0.0,0.0,0.0,,7,73,0
233,1,0,1,7,0,0.0,0.0,0.0,0.0,0.0,,7,73,0
234,1,0,1,34,0,1729.0,17.0,0.0,308.4769036733407,1298.0,,7,73,0
235,1,0,1,10,0,0.0,0.0,0.0,0.0,0.0,,7,73,0
236,1,0,3,0,0,222.89785157787045,0.0,0.0,0.0,0.0,,7,77,1
237,1,1,2,14,0,0.0,0.0,0.0,0.0,0.0,,7,77,1
238,3,1,1,27,0,0.0,0.0,0.0,0.0,0.0,,6,107,1
239,1,0,1,21,0,15.0,345.0,18.0,486.0,0.0,,6,108,1
240,2,0,3,37,0,4105.0,2081.0,1.0,118.0,446.0,,4,20,1
241,1,1,1,29,0,0.0,0.0,0.0,0.0,0.0,,6,82,0
242,1,0,1,17,0,441.0,0.0,131.0,315.0,5.0,,7,76,0
243,1,1,1,17,0,0.0,0.0,0.0,0.0,0.0,,7,79,1
244,2,0,1,35,0,0.0,6442.0,672.0,238.0,60.0,,8,0,0
245,1,1,1,34,0,0.0,0.0,0.0,0.0,0.0,,7,80,1
246,2,0,1,17,0,760.0,752.0,0.0,16.0,2471.0,,2,21,0
247,2,0,3,39,0,0.0,547.0,0.0,1121.0,4641.0,,2,21,0
248,2,1,3,56,0,0.0,0.0,0.0,0.0,0.0,,2,21,0
249,2,0,3,35,0,3424.0,20.0,0.0,442.0,1130.0,,2,22,0
250,2,1,1,17,0,0.0,0.0,0.0,0.0,0.0,,2,22,0
251,1,0,2,29,0,0.0,0.0,288.0,395.0,0.0,,5,34,0
252,3,0,1,15,0,4922.0,0.0,2427.0,0.0,0.0,,6,94,0
253,3,0,1,37,0,1063.0,133.0,99.0,2.0,0.0,,5,35,0
254,2,1,1,36,0,0.0,0.0,0.0,0.0,0.0,,2,23,0
255,1,1,1,36,0,0.0,0.0,0.0,0.0,0.0,,7,85,1
256,2,0,1,18,0,4.0,9352.0,0.0,10.0,46.0,,3,20,0
257,3,0,1,61,0,2221.0,0.0,0.0,1.0,0.0,,6,112,1
258,3,1,1,45,0,0.0,0.0,0.0,0.0,0.0,,6,113,1
259,3,1,1,21,0,0.0,0.0,0.0,0.0,0.0,,6,113,1
260,1,0,1,65,0,0.0,804.0,0.0,0.0,0.0,,6,101,0
261,3,0,1,27,0,286.0,0.0,1023.0,0.0,0.0,,6,104,0
262,3,1,1,13,0,0.0,0.0,0.0,0.0,0.0,,6,104,0
263,3,0,1,32,0,2543.0,1.0,55.0,0.0,0.0,,6,82,0
264,1,1,1,17,0,0.0,0.0,0.0,0.0,0.0,,7,84,0
265,1,0,1,44,0,0.0,0.0,0.0,0.0,0.0,,7,84,0
266,1,1,1,21,0,0.0,0.0,0.0,0.0,0.0,,7,88,1
267,1,0,1,16,0,0.0,379.0,0.0,2488.0,1.0,,6,119,1
268,1,0,1,41,0,0.0,1032.0,0.0,0.0,32.0,,6,122,1
269,1,1,1,40,0,0.0,0.0,0.0,0.0,0.0,,7,88,0
270,1,0,1,16,0,0.0,492.0,0.0,0.0,0.0,,7,92,1
271,1,0,1,17,0,0.0,24.0,673.0,0.0,0.0,,6,127,1
272,1,0,1,40,0,5.0,0.0,3.0,447.0,424.0,,6,110,0
273,1,1,2,37,0,0.0,0.0,0.0,0.0,0.0,,7,93,1
274,2,1,1,53,0,0.0,0.0,0.0,0.0,0.0,,2,26,1
275,2,1,1,42,0,0.0,0.0,0.0,0.0,0.0,,2,26,1
276,1,0,1,31,0,0.0,428.0,174.90603284902085,1154.0,1025.0,,5,40,0
277,3,0,1,18,0,1644.0,430.0,158.0,0.0,0.0,,6,130,1
278,3,0,1,51,1,755.0,6.0,284.0,102.0,306.7894819713431,,6,132,1
279,3,0,1,20,0,0.0,0.0,1281.0,8.0,0.0,,6,132,1
280,3,0,3,19,0,0.0,0.0,1435.0,15.0,0.0,,6,132,1
281,1,0,1,22,0,499.0,46.0,174.0,61.0,7.0,,5,41,0
282,2,0,3,41,0,0.0,1528.0,11.0,10243.0,17.0,,2,27,1
283,2,0,1,28,0,0.0,1048.0,1469.0,0.0,22.0,,5,42,0
284,3,1,3,0,0,0.0,0.0,0.0,0.0,0.0,,6,111,0
285,3,1,1,42,0,0.0,0.0,0.0,0.0,0.0,,6,111,0
286,3,1,3,20,0,0.0,0.0,0.0,0.0,0.0,,6,111,0
287,2,1,3,25,0,0.0,0.0,0.0,0.0,0.0,,2,24,0
288,2,1,1,22,0,0.0,0.0,0.0,0.0,0.0,,2,24,0
289,2,0,1,25,1,30.0,5718.0,0.0,0.0,1385.0,,4,21,0
290,3,0,1,45,0,0.0,0.0,1057.0,0.0,0.0,,4,22,0
291,1,0,1,19,0,0.0,77.0,0.0,532.0,256.0,,6,134,1
292,1,0,2,16,0,72.0,4.0,1456.0,308.4769036733407,0.0,,5,37,1
293,1,1,1,18,0,0.0,0.0,0.0,0.0,0.0,,7,97,1
294,2,1,1,38,0,0.0,0.0,0.0,0.0,0.0,,4,26,1
295,2,1,3,27,0,0.0,0.0,0.0,0.0,0.0,,4,26,1
296,3,0,3,36,0,748.0,0.0,222.0,0.0,0.0,,4,27,1
297,3,0,1,21,0,1045.0,90.0,1110.0,333.0,0.0,,4,27,1
298,1,0,1,1,0,0.0,0.0,0.0,0.0,0.0,,7,99,1
299,2,1,1,25,0,0.0,0.0,0.0,0.0,0.0,,4,28,1
300,1,1,2,3,0,0.0,0.0,0.0,0.0,0.0,,7,96,0
301,1,0,1,7,0,0.0,0.0,0.0,0.0,0.0,,7,96,0
302,1,0,1,0,0,0.0,0.0,0.0,0.0,0.0,,7,96,0
303,1,0,1,32,0,632.0,0.0,0.0,2.0,0.0,,6,116,0
304,1,0,3,5,0,0.0,0.0,0.0,0.0,0.0,,7,96,0
305,1,0,1,79,0,0.0,0.0,881.0,7.0,0.0,,7,100,1
306,1,0,1,19,0,0.0,0.0,691.0,0.0,57.0,,6,139,1
307,1,1,1,30,0,0.0,0.0,0.0,0.0,306.7894819713431,,7,100,0
308,1,0,1,13,0,1.0,875.0,0.0,0.0,0.0,,6,119,0
309,3,0,1,53,0,596.0,0.0,1608.0,505.0,0.0,,4,29,1
310,3,0,1,40,0,710.0,379.0,264.0,0.0,5.0,,5,40,1
311,3,0,1,32,0,1279.0,0.0,20.0,0.0,0.0,,5,40,1
312,1,1,3,31,0,0.0,451.96167494677076,0.0,0.0,0.0,,7,104,1
313,1,0,1,63,0,13.0,1415.0,0.0,170.0,21.0,,5,47,0
314,3,0,1,18,0,222.89785157787045,0.0,54.0,0.0,0.0,,6,120,0
315,1,1,1,21,0,0.0,0.0,0.0,0.0,0.0,,7,106,1
316,1,0,1,14,0,9.0,0.0,1790.0,8.0,31.0,,6,124,0
317,1,1,2,41,0,0.0,0.0,0.0,0.0,0.0,,7,105,0
318,1,1,3,40,0,0.0,0.0,0.0,0.0,0.0,,7,106,0
319,1,0,1,58,0,0.0,0.0,46.0,755.0,0.0,,6,125,0
320,1,0,1,22,0,0.0,65.0,221.0,5.0,304.0,,6,148,1
321,1,1,3,13,0,0.0,0.0,0.0,0.0,0.0,,7,108,1
322,2,1,1,16,0,0.0,0.0,0.0,0.0,0.0,,2,29,1
323,2,1,3,13,0,0.0,0.0,0.0,0.0,0.0,,2,29,1
324,3,0,1,15,0,1344.0,0.0,1020.0,0.0,1.0,,6,128,0
325,3,0,1,42,0,466.0,0.0,583.0,0.0,0.0,,5,51,0
326,2,1,1,24,0,0.0,0.0,0.0,0.0,0.0,,2,31,1
327,2,0,3,19,0,0.0,1502.0,1.0,874.0,437.0,,2,31,1
328,2,1,1,28,0,0.0,0.0,0.0,0.0,0.0,,2,31,1
329,2,1,1,29,0,0.0,0.0,0.0,0.0,0.0,,2,31,1
330,2,0,1,15,0,0.0,437.0,0.0,2.0,4679.0,,2,31,1
331,2,0,1,38,0,1.0,2352.0,1604.0,66.0,2583.0,,2,31,1
332,2,1,3,49,0,0.0,0.0,0.0,0.0,0.0,,2,31,1
333,3,1,1,20,0,0.0,0.0,0.0,0.0,0.0,,6,129,0
334,3,0,1,28,0,0.0,0.0,0.0,0.0,0.0,,5,52,0
335,3,0,1,19,0,1661.0,0.0,350.0,336.0,231.0,,4,26,0
336,1,0,1,46,0,17.0,43.0,659.0,40.0,0.0,,6,130,0
337,3,0,1,21,0,559.0,725.0,3.0,0.0,0.0,,6,151,1
338,1,0,3,29,0,0.0,0.0,33.0,539.0,0.0,,6,131,0
339,1,1,2,28,0,0.0,0.0,0.0,0.0,0.0,,7,110,1
340,1,0,1,44,0,14.0,0.0,1817.0,2.0,171.0,,6,135,0
341,1,0,1,19,0,720.0,0.0,7.0,0.0,32.0,,6,136,0
342,1,0,1,29,0,60.0,480.0,5.0,0.0,276.0,,6,136,0
343,3,0,1,25,0,266.0,98.0,748.0,169.0,6.0,,6,155,1
344,1,0,1,41,0,0.0,885.0,0.0,0.0,0.0,,6,82,0
345,1,0,3,19,0,222.89785157787045,163.0,1487.0,1.0,223.0,,6,137,0
346,3,0,1,33,0,4.0,153.0,892.0,0.0,0.0,,5,54,0
347,3,1,1,25,0,0.0,0.0,0.0,0.0,0.0,,6,138,0
348,2,1,3,44,0,222.89785157787045,0.0,0.0,0.0,0.0,,2,26,0
349,1,0,1,21,0,0.0,0.0,0.0,787.0,1.0,,5,45,1
350,3,0,1,32,0,530.0,0.0,1195.0,11.0,788.0,,6,158,1
351,3,1,1,33,0,0.0,0.0,0.0,0.0,0.0,,6,139,0
352,3,0,1,32,0,1705.0,0.0,175.0,434.0,172.0,,6,139,0
353,3,1,1,19,0,0.0,0.0,0.0,0.0,0.0,,6,159,1
354,3,1,1,21,0,0.0,0.0,174.90603284902085,0.0,0.0,,6,141,0
355,1,1,1,23,0,0.0,0.0,0.0,0.0,0.0,,7,113,0
356,2,0,3,31,0,0.0,1029.0,1247.0,0.0,52.0,,4,32,1
357,2,0,1,22,0,3.0,2490.0,0.0,1197.0,144.0,,3,29,0
358,2,1,3,74,0,0.0,0.0,0.0,0.0,0.0,,6,82,0
359,2,0,1,53,0,472.0,3.0,0.0,1935.0,2505.0,,3,29,0
360,2,1,3,40,0,0.0,0.0,0.0,0.0,0.0,,3,25,1
361,2,0,3,23,0,0.0,4733.0,0.0,1412.0,4419.0,,3,25,1
362,2,1,1,36,0,0.0,0.0,0.0,0.0,0.0,,3,25,1
363,1,0,1,18,0,178.0,0.0,11.0,478.0,0.0,,6,160,1
364,2,1,1,29,0,0.0,0.0,0.0,0.0,0.0,,3,30,0
365,2,0,1,48,0,1.0,14.0,2.0,3717.0,0.0,,3,30,0
366,3,1,1,34,0,0.0,0.0,0.0,0.0,0.0,,5,55,0
367,2,0,1,34,0,0.0,3410.0,0.0,0.0,1456.0,,3,27,1
368,2,0,3,27,0,0.0,1288.0,0.0,1342.0,3506.0,,2,33,1
369,2,0,1,44,0,0.0,0.0,0.0,0.0,0.0,,2,33,1
370,2,0,1,0,0,0.0,0.0,0.0,0.0,0.0,,3,31,0
371,2,1,1,1,0,0.0,0.0,0.0,0.0,0.0,,3,31,0
372,2,1,1,18,0,0.0,0.0,0.0,0.0,0.0,,3,31,0
373,2,0,1,23,0,0.0,1857.0,1.0,386.0,15940.0,,3,31,0
374,2,0,1,26,0,0.0,3326.0,3.0,621.0,51.0,,3,31,0
375,2,1,3,46,0,0.0,0.0,0.0,0.0,0.0,,3,31,0
376,2,1,1,41,0,0.0,0.0,0.0,0.0,0.0,,3,32,0
377,2,0,3,25,0,0.0,1641.0,20.0,1663.0,10.0,,3,32,0
378,3,1,1,50,0,0.0,0.0,0.0,308.4769036733407,0.0,,4,27,0
379,1,0,1,28,0,2.0,372.0,0.0,0.0,506.0,,6,164,1
380,1,1,2,17,0,0.0,0.0,0.0,0.0,0.0,,7,116,1
381,2,0,3,29,1,149.0,1704.0,0.0,7402.0,14.0,,3,34,0
382,3,1,1,19,0,0.0,0.0,0.0,0.0,0.0,,6,167,1
383,1,0,3,34,0,0.0,0.0,0.0,0.0,0.0,,7,118,1
384,2,1,3,28,0,0.0,0.0,0.0,0.0,0.0,,3,28,1
385,3,0,1,47,0,3682.0,3636.0,174.90603284902085,83.0,306.7894819713431,,6,150,0
386,3,0,1,28,0,830.0,0.0,278.0,3.0,2.0,,6,168,1
387,3,1,1,38,0,0.0,451.96167494677076,0.0,0.0,0.0,,5,58,0
388,3,0,1,22,1,2227.0,324.0,47.0,308.4769036733407,0.0,,6,153,0
389,3,0,3,18,0,0.0,0.0,0.0,0.0,0.0,,6,155,0
390,2,0,1,21,0,0.0,2673.0,0.0,1678.0,30.0,,1,7,1
391,2,0,1,40,0,0.0,0.0,0.0,0.0,0.0,,1,7,1
392,2,1,3,67,0,0.0,0.0,0.0,0.0,0.0,,1,7,1
393,1,0,2,39,0,182.0,148.0,35.0,23.0,277.0,,6,172,1
394,1,1,2,19,0,0.0,0.0,0.0,0.0,0.0,,7,122,1
395,2,1,1,28,0,0.0,0.0,0.0,0.0,0.0,,4,34,1
396,2,0,3,29,0,0.0,699.0,377.0,3858.0,6.0,,4,34,1
397,3,1,1,22,0,0.0,0.0,0.0,0.0,0.0,,5,46,1
398,3,0,1,23,0,2577.0,0.0,0.0,0.0,2.0,,4,35,1
399,1,0,2,41,0,0.0,171.0,80.0,2393.0,4.0,,6,174,1
400,3,1,1,25,0,0.0,0.0,0.0,0.0,0.0,,5,47,1
401,1,1,2,43,0,0.0,0.0,0.0,0.0,0.0,,7,124,1
402,3,1,1,54,0,0.0,0.0,0.0,0.0,0.0,,5,61,0
403,1,0,1,14,0,698.0,0.0,0.0,1.0,0.0,,6,161,0
404,2,1,1,69,0,0.0,0.0,0.0,0.0,0.0,,4,29,0
405,1,1,2,24,0,0.0,451.96167494677076,0.0,0.0,0.0,,7,126,0
406,2,0,1,37,0,0.0,0.0,0.0,0.0,0.0,,2,33,0
407,1,0,1,28,0,869.0,0.0,2.0,0.0,0.0,,6,177,1
408,2,0,3,59,0,0.0,2935.0,529.0,21.0,462.0,,2,34,0
409,3,0,1,20,0,2024.0,0.0,269.0,13.0,0.0,,4,36,1
410,3,1,1,23,0,0.0,0.0,0.0,0.0,306.7894819713431,,6,178,1
411,1,0,1,59,0,0.0,0.0,0.0,0.0,0.0,,7,128,0
412,1,1,1,20,0,0.0,0.0,0.0,0.0,0.0,,7,125,1
413,3,0,1,36,0,3160.0,0.0,12.0,0.0,306.7894819713431,,4,30,0
414,3,1,1,43,0,0.0,0.0,0.0,0.0,0.0,,6,162,0
415,3,1,1,9,0,0.0,0.0,0.0,0.0,0.0,,6,162,0
416,3,1,1,32,0,0.0,0.0,0.0,0.0,0.0,,6,179,1
417,1,0,1,24,0,780.0,0.0,0.0,2.0,6.0,,5,63,0
418,3,1,2,14,0,0.0,0.0,0.0,0.0,0.0,,5,50,1
419,3,1,1,45,0,0.0,0.0,0.0,0.0,306.7894819713431,,5,50,1
420,1,0,1,23,0,299.0,4958.0,299.0,0.0,93.0,,7,132,0
421,1,0,1,59,0,0.0,0.0,0.0,7.0,833.0,,7,128,1
422,1,0,1,28,0,0.0,0.0,762.0,0.0,0.0,,6,82,0
423,3,0,1,61,0,1399.0,0.0,693.0,0.0,0.0,,6,182,1
424,3,1,1,52,0,0.0,0.0,0.0,0.0,0.0,,6,182,1
425,3,1,1,5,0,0.0,0.0,0.0,0.0,0.0,,6,182,1
426,2,0,1,51,0,0.0,54.0,0.0,22.0,5915.0,,3,31,1
427,2,0,1,26,0,61.0,1124.0,59.0,2217.0,622.0,,3,31,1
428,3,0,1,44,0,589.0,0.0,235.0,20.0,31.0,,4,37,1
429,3,0,1,46,0,1246.0,0.0,3767.0,1.0,0.0,,6,183,1
430,3,0,1,32,0,176.0,0.0,2851.0,0.0,0.0,,4,33,0
431,2,1,1,17,0,0.0,0.0,0.0,0.0,0.0,,3,36,0
432,2,1,3,21,0,0.0,0.0,0.0,0.0,0.0,,3,36,0
433,2,1,3,52,0,0.0,0.0,174.90603284902085,0.0,0.0,,3,36,0
434,2,1,3,52,0,0.0,0.0,0.0,0.0,0.0,,3,37,0
435,1,0,1,14,0,0.0,1277.0,0.0,241.0,306.7894819713431,,6,185,1
436,1,0,1,21,0,0.0,0.0,644.0,308.4769036733407,0.0,,6,186,1
437,2,1,3,42,0,0.0,0.0,0.0,0.0,0.0,,2,36,0
438,2,1,1,28,0,0.0,0.0,0.0,0.0,0.0,,2,36,0
439,1,1,2,26,0,0.0,0.0,0.0,0.0,0.0,,7,131,1
440,1,1,1,7,0,0.0,0.0,0.0,0.0,0.0,,7,136,0
441,3,0,1,14,0,1793.0,0.0,300.0,0.0,0.0,,6,169,0
442,3,1,1,3,0,0.0,0.0,0.0,0.0,0.0,,6,169,0
443,3,1,1,26,0,0.0,0.0,0.0,0.0,0.0,,6,169,0
444,2,0,3,54,0,0.0,8179.0,0.0,2673.0,6512.0,,5,64,0
445,1,0,1,55,0,0.0,4.0,512.0,365.0,0.0,,7,132,1
446,3,0,1,16,0,9.0,0.0,1162.0,2.0,0.0,,5,65,0
447,2,0,1,38,0,0.0,6915.0,0.0,3243.0,5218.0,,3,34,1
448,1,0,1,48,0,411.0,405.0,31.0,5.0,34.0,,7,141,0
449,1,0,3,13,0,483.0,0.0,28.0,375.0,0.0,,7,142,0
450,1,0,1,20,0,0.0,4.0,0.0,732.0,1.0,,6,171,0
451,3,1,1,18,0,0.0,0.0,0.0,0.0,0.0,,5,52,1
452,3,1,1,45,0,0.0,0.0,0.0,0.0,0.0,,6,197,1
453,3,1,1,5,0,0.0,0.0,0.0,0.0,0.0,,6,197,1
454,3,0,3,42,0,22.0,0.0,697.0,798.0,0.0,,6,197,1
455,3,0,3,50,0,901.0,0.0,242.0,160.0,0.0,,5,69,0
456,3,0,1,21,0,590.0,0.0,114.0,0.0,415.0,,6,173,0
457,1,0,1,22,0,141.0,695.0,0.0,116.0,482.0,,7,139,1
458,3,1,1,23,0,0.0,0.0,0.0,0.0,0.0,,6,174,0
459,1,0,2,22,0,0.0,154.0,497.0,16.0,1.0,,6,200,1
460,1,0,1,21,0,0.0,60.0,0.0,308.4769036733407,653.0,,6,176,0
461,1,0,2,24,0,640.0,155.0,0.0,0.0,0.0,,5,71,0
462,1,0,1,24,0,9.0,71.0,2572.0,0.0,0.0,,6,177,0
463,2,1,1,42,0,0.0,0.0,0.0,0.0,0.0,,4,34,0
464,1,0,1,19,0,1.0,0.0,0.0,0.0,632.0,,6,180,0
465,1,0,1,32,0,0.0,0.0,0.0,0.0,908.0,,7,144,1
466,1,0,1,35,0,666.0,175.0,783.0,0.0,0.0,,5,55,1
467,1,1,2,19,0,0.0,0.0,0.0,0.0,0.0,,7,147,0
468,1,0,1,55,0,0.0,24.0,52.0,808.0,0.0,,6,181,0
469,1,0,1,35,0,0.0,382.0,0.0,370.0,156.0,,7,148,0
470,1,1,1,63,0,0.0,0.0,0.0,0.0,0.0,,7,148,0
471,2,0,1,66,0,2164.0,46.0,0.0,6962.0,2257.0,,2,37,1
472,2,1,3,45,0,0.0,0.0,0.0,0.0,0.0,,2,37,1
473,1,0,2,20,0,0.0,363.0,344.0,0.0,165.0,,6,205,1
474,1,1,2,21,0,0.0,0.0,0.0,0.0,0.0,,7,147,1
475,1,0,1,51,0,0.0,908.0,0.0,0.0,0.0,,7,147,1
476,1,0,1,13,0,731.0,0.0,51.0,0.0,0.0,,7,155,0
477,1,0,1,24,0,826.0,5.0,1.0,56.0,0.0,,7,157,0
478,3,0,1,28,0,240.0,161.0,0.0,0.0,1405.0,,6,206,1
479,3,1,1,52,0,0.0,0.0,0.0,0.0,0.0,,6,188,0
480,2,0,3,32,0,0.0,2983.0,0.0,6282.0,74.0,,1,12,0
481,1,0,1,23,0,0.0,458.0,151.0,256.0,0.0,,6,192,0
482,3,1,1,37,0,0.0,0.0,0.0,0.0,0.0,,6,193,0
483,1,1,2,35,0,0.0,0.0,0.0,0.0,0.0,,7,160,0
484,1,1,1,46,0,222.89785157787045,0.0,0.0,0.0,0.0,,7,162,0
485,1,0,1,33,0,553.0,6.0,0.0,0.0,90.0,,6,195,0
486,2,0,3,34,1,0.0,1286.0,39.0,527.0,57.0,,1,8,1
487,1,0,1,51,0,0.0,111.0,1719.0,45.0,4.0,,7,165,0
488,1,1,1,28,0,0.0,0.0,174.90603284902085,0.0,0.0,,7,157,1
489,1,0,1,27,0,54.0,47.0,630.0,0.0,53.0,,7,158,1
490,2,1,3,22,0,0.0,0.0,0.0,0.0,0.0,,3,40,1
491,2,1,3,33,0,0.0,0.0,0.0,0.0,0.0,,3,40,1
492,2,1,3,31,0,0.0,0.0,0.0,0.0,0.0,,3,41,1
493,1,0,1,16,0,0.0,0.0,978.0,9.0,0.0,,5,59,1
494,1,0,3,6,0,0.0,0.0,0.0,0.0,0.0,,7,159,1
495,1,0,2,18,0,289.0,0.0,423.0,150.0,508.0,,6,203,0
496,2,1,3,30,0,0.0,0.0,0.0,0.0,0.0,,4,40,1
497,1,0,1,24,0,0.0,92.0,656.0,0.0,0.0,,6,221,1
498,1,1,2,57,0,0.0,0.0,0.0,0.0,0.0,,7,160,1
499,1,1,1,24,0,0.0,0.0,0.0,308.4769036733407,0.0,,7,160,1
500,1,0,1,23,0,0.0,784.0,174.90603284902085,0.0,1.0,,7,160,1
501,1,0,1,40,0,150.0,8.0,565.0,60.0,0.0,,7,160,1
502,1,0,3,21,0,699.0,0.0,0.0,0.0,18.0,,7,160,1
503,1,0,1,17,0,154.0,49.0,540.0,0.0,0.0,,7,160,1
504,1,1,3,25,0,0.0,451.96167494677076,0.0,0.0,0.0,,7,160,1
505,1,1,1,34,0,0.0,0.0,0.0,0.0,0.0,,7,160,1
506,1,0,1,18,0,212.0,188.0,38.0,0.0,449.0,,7,168,0
507,1,0,1,8,0,0.0,0.0,0.0,0.0,0.0,,5,75,0
508,1,1,2,14,0,0.0,0.0,0.0,0.0,0.0,,5,75,0
509,1,0,1,16,0,0.0,0.0,0.0,0.0,0.0,,7,164,1
510,3,0,1,22,0,4.0,192.0,1161.0,11.0,19.0,,6,222,1
511,2,1,1,21,0,0.0,0.0,0.0,0.0,0.0,,2,42,0
512,2,0,3,23,0,0.0,7600.0,174.90603284902085,188.0,12863.0,,2,42,0
513,1,1,3,26,0,0.0,0.0,0.0,0.0,0.0,,7,167,1
514,3,0,1,18,0,2233.0,0.0,346.0,0.0,0.0,,4,37,0
515,1,0,1,72,0,0.0,708.0,0.0,1.0,11.0,,7,171,0
516,3,0,1,18,0,1216.0,0.0,32.0,41.0,0.0,,6,228,1
517,2,1,3,24,0,0.0,0.0,0.0,0.0,0.0,,3,41,0
518,3,0,1,36,0,1199.0,27.0,83.0,0.0,0.0,,6,209,0
519,3,1,1,13,0,0.0,0.0,0.0,0.0,0.0,,6,209,0
520,1,0,1,19,0,132.0,575.0,294.0,0.0,513.0,,6,210,0
521,1,0,2,28,0,847.0,20.0,0.0,77.0,0.0,,6,212,0
522,1,1,3,2,0,0.0,0.0,0.0,0.0,0.0,,7,172,0
523,1,1,1,5,0,0.0,0.0,0.0,0.0,0.0,,7,172,0
524,1,0,3,25,0,0.0,0.0,150.0,562.0,6.0,,5,77,0
525,2,0,1,45,0,0.0,283.0,0.0,3613.0,0.0,,3,43,0
526,2,1,1,59,0,0.0,0.0,0.0,0.0,0.0,,3,43,0
527,2,0,1,6,0,0.0,0.0,0.0,0.0,0.0,,3,43,0
528,2,0,1,36,0,1477.0,2036.0,0.0,484.0,0.0,,3,43,0
529,2,0,1,40,0,0.0,10.0,0.0,4.0,6119.0,,3,43,0
530,3,0,1,36,1,43.0,314.0,352.0,732.0,3.0,,6,214,0
531,3,1,1,31,0,0.0,0.0,0.0,0.0,0.0,,6,214,0
532,1,0,2,19,0,0.0,451.96167494677076,2329.0,0.0,1.0,,7,168,1
533,1,1,1,13,0,0.0,0.0,0.0,0.0,0.0,,7,169,1
534,2,1,1,31,0,0.0,0.0,0.0,0.0,0.0,,3,44,0
535,1,1,1,22,0,0.0,0.0,0.0,0.0,0.0,,3,44,0
536,2,0,3,52,0,0.0,225.0,0.0,1624.0,49.0,,3,44,0
537,1,0,1,22,0,555.0,16.0,181.0,0.0,24.0,,6,230,1
538,1,1,1,34,0,0.0,0.0,0.0,0.0,0.0,,7,170,1
539,3,1,1,23,0,0.0,0.0,0.0,0.0,0.0,,6,215,0
540,2,1,3,14,0,0.0,0.0,0.0,0.0,0.0,,2,41,1
541,2,1,1,30,0,0.0,0.0,0.0,0.0,0.0,,2,41,1
542,2,1,3,75,0,0.0,0.0,0.0,0.0,0.0,,2,44,0
543,2,0,1,28,0,1371.0,1447.0,0.0,308.4769036733407,6151.0,,2,45,0
544,2,0,3,61,0,26.0,3606.0,174.90603284902085,0.0,138.0,,6,82,0
545,2,0,1,25,0,0.0,1039.0,12.0,4584.0,2158.0,,2,45,0
546,2,0,3,21,0,411.0,7312.0,14.0,22.0,215.0,,2,45,0
547,2,0,1,28,0,0.0,1537.0,174.90603284902085,112.0,753.0,,5,82,0
548,2,0,3,28,1,0.0,109.0,0.0,1514.0,942.0,,1,13,0
549,2,0,1,41,0,0.0,6523.0,0.0,13.0,0.0,,5,66,1
550,1,1,2,25,0,0.0,0.0,0.0,0.0,0.0,,7,172,1
551,1,0,3,28,0,0.0,172.0,539.0,91.0,0.0,,6,216,0
552,3,0,1,0,0,0.0,0.0,0.0,0.0,0.0,,6,231,1
553,3,0,1,19,0,775.0,0.0,1863.0,0.0,0.0,,6,231,1
554,3,0,1,22,0,1031.0,0.0,16.0,1.0,0.0,,5,67,1
555,3,0,1,2,0,0.0,0.0,0.0,0.0,0.0,,6,231,1
556,1,0,3,35,0,222.89785157787045,0.0,783.0,10.0,6.0,,7,180,0
557,1,0,1,42,0,1030.0,0.0,48.0,463.0,306.7894819713431,,6,219,0
558,3,1,1,46,0,0.0,0.0,0.0,0.0,0.0,,5,68,1
559,3,1,1,26,0,222.89785157787045,0.0,0.0,0.0,0.0,,5,68,1
560,1,1,2,19,0,0.0,0.0,0.0,0.0,0.0,,7,181,0
561,1,0,1,11,0,0.0,0.0,0.0,0.0,306.7894819713431,,7,181,0
562,1,1,2,11,0,0.0,0.0,0.0,0.0,0.0,,7,181,0
563,3,0,1,17,0,26.0,0.0,1094.0,0.0,0.0,,6,234,1
564,1,0,1,23,0,220.0,0.0,819.0,47.0,0.0,,6,220,0
565,1,0,1,37,0,222.89785157787045,0.0,225.0,1.0,2170.0,,5,84,0
566,3,1,1,18,0,0.0,0.0,0.0,308.4769036733407,0.0,,6,222,0
567,3,0,1,48,0,527.0,2.0,1547.0,38.0,0.0,,5,85,0
568,1,0,1,18,0,18.0,0.0,1.0,449.0,307.0,,6,226,0
569,2,1,1,18,0,0.0,0.0,0.0,0.0,0.0,,3,45,1
570,2,0,1,32,1,3.0,2235.0,927.0,142.0,1582.0,,3,45,1
571,2,1,3,26,0,0.0,0.0,0.0,0.0,0.0,,3,45,1
572,2,1,2,26,0,0.0,0.0,0.0,0.0,0.0,,3,46,0
573,1,0,3,55,0,0.0,156.0,0.0,308.4769036733407,361.0,,3,46,0
574,1,0,3,19,0,678.0,0.0,0.0,38.0,0.0,,7,177,1
575,3,0,1,65,0,1710.0,0.0,219.0,12.0,0.0,,4,39,0
576,3,0,1,28,0,1789.0,0.0,597.0,0.0,120.0,,6,240,1
577,3,0,1,24,0,770.0,55.0,325.0,0.0,0.0,,6,240,1
578,2,1,3,52,0,0.0,0.0,0.0,0.0,306.7894819713431,,3,47,0
579,2,0,1,67,0,0.0,4099.0,169.0,221.0,5815.0,,4,40,0
580,2,0,1,34,0,0.0,3533.0,0.0,757.0,34.0,,4,40,0
581,3,0,1,23,0,1459.0,0.0,608.0,0.0,14.0,,5,74,1
582,1,0,1,26,0,0.0,0.0,995.0,2.0,0.0,,5,75,1
583,1,0,1,28,0,0.0,0.0,260.0,1149.0,0.0,,6,231,0
584,1,0,1,9,0,0.0,0.0,0.0,0.0,306.7894819713431,,7,185,0
585,1,0,3,1,0,0.0,0.0,0.0,308.4769036733407,0.0,,7,185,0
586,1,1,1,1,0,0.0,451.96167494677076,0.0,0.0,0.0,,7,185,0
587,1,0,1,58,0,0.0,5.0,174.90603284902085,0.0,2.0,,5,86,0
588,2,0,1,59,0,0.0,24.0,0.0,1824.0,1742.0,,3,47,1
589,2,0,1,54,0,48.0,2650.0,0.0,424.0,1031.0,,3,47,1
590,2,0,3,8,0,0.0,0.0,0.0,0.0,0.0,,4,41,0
591,2,1,1,28,0,0.0,0.0,0.0,0.0,0.0,,4,41,0
592,2,0,3,19,0,0.0,498.0,0.0,10.0,2882.0,,2,52,0
593,2,1,3,23,0,0.0,0.0,0.0,0.0,0.0,,2,52,0
594,3,1,1,47,0,0.0,0.0,0.0,0.0,0.0,,6,233,0
595,3,0,1,17,0,222.89785157787045,583.0,2936.0,0.0,0.0,,4,42,0
596,3,1,1,33,0,0.0,0.0,0.0,0.0,0.0,,6,234,0
597,3,1,1,43,0,0.0,0.0,0.0,0.0,0.0,,6,234,0
598,2,1,1,28,0,0.0,0.0,0.0,0.0,306.7894819713431,,5,88,0
599,1,0,1,32,0,0.0,451.96167494677076,777.0,1.0,0.0,,6,247,1
600,1,0,1,13,0,539.0,101.0,0.0,0.0,41.0,,6,248,1
601,3,1,1,18,0,0.0,0.0,0.0,0.0,0.0,,6,249,1
602,1,1,1,16,0,0.0,0.0,0.0,0.0,0.0,,7,190,0
603,3,1,1,6,0,0.0,0.0,0.0,0.0,0.0,,6,250,1
604,1,0,1,27,0,0.0,610.0,0.0,948.0,0.0,,6,251,1
605,3,1,1,29,0,0.0,0.0,0.0,0.0,0.0,,4,43,0
606,1,0,3,32,0,0.0,0.0,8.0,1612.0,0.0,,5,90,0
607,1,0,1,23,0,72.0,0.0,0.0,910.0,0.0,,5,91,0
608,2,1,1,33,0,0.0,0.0,0.0,0.0,0.0,,3,51,0
609,2,1,1,51,0,0.0,0.0,0.0,0.0,0.0,,3,51,0
610,2,0,1,41,0,0.0,297.0,8292.0,601.0,275.0,,3,51,0
611,2,0,1,20,0,0.0,2081.0,0.0,3.0,79.0,,3,51,0
612,1,0,3,0,0,0.0,0.0,0.0,0.0,0.0,,7,187,1
613,1,0,3,13,0,501.0,287.0,0.0,7.0,2.0,,6,252,1
614,1,1,1,13,0,0.0,0.0,0.0,0.0,0.0,,7,188,1
615,3,0,1,13,0,1363.0,259.0,75.0,0.0,0.0,,6,245,0
616,3,1,3,24,0,0.0,0.0,0.0,0.0,0.0,,6,253,1
617,2,0,3,28,0,0.0,6860.0,1.0,131.0,27.0,,2,54,0
618,1,0,3,32,0,1.0,0.0,0.0,636.0,172.0,,7,192,0
619,1,0,1,24,0,3.0,53.0,4.0,0.0,656.0,,6,255,1
620,3,0,1,27,0,0.0,0.0,0.0,0.0,0.0,,5,93,0
621,1,0,1,24,0,673.0,0.0,65.0,308.4769036733407,0.0,,6,256,1
622,3,0,1,34,0,987.0,0.0,54.0,200.0,0.0,,6,249,0
623,1,0,2,26,0,153.0,1.0,0.0,0.0,538.0,,6,262,1
624,1,0,1,22,0,0.0,0.0,2438.0,22.0,26.0,,6,263,1
625,1,0,1,10,0,0.0,0.0,0.0,0.0,0.0,,7,196,0
626,1,0,1,28,0,124.0,328.0,423.0,17.0,36.0,,7,197,0
627,1,1,1,5,0,0.0,0.0,0.0,0.0,306.7894819713431,,7,197,0
628,1,1,1,28,0,0.0,0.0,0.0,0.0,0.0,,7,197,0
629,1,0,1,29,0,222.89785157787045,0.0,430.0,6.0,0.0,,6,252,0
630,1,0,1,17,0,97.0,1882.0,7.0,0.0,32.0,,6,253,0
631,1,0,1,18,0,39.0,653.0,92.0,0.0,6.0,,5,83,1
632,1,0,2,35,0,9.0,0.0,0.0,1446.0,0.0,,6,254,0
633,1,0,1,42,0,99.0,806.0,0.0,0.0,2.0,,7,198,0
634,3,1,3,35,0,0.0,0.0,0.0,0.0,0.0,,6,255,0
635,2,0,1,42,0,13.0,2983.0,0.0,0.0,3311.0,,1,11,1
636,2,0,1,33,0,0.0,139.0,1.0,1707.0,341.0,,1,11,1
637,1,1,2,20,0,0.0,0.0,0.0,0.0,0.0,,7,195,1
638,1,1,1,2,0,0.0,0.0,0.0,0.0,0.0,,7,195,1
639,1,1,1,2,0,0.0,0.0,0.0,0.0,0.0,,7,195,1
640,3,1,1,43,0,0.0,0.0,0.0,0.0,0.0,,5,96,0
641,3,1,1,10,0,0.0,0.0,0.0,0.0,0.0,,6,256,0
642,3,0,1,26,0,2246.0,0.0,332.0,17.0,8.0,,6,256,0
643,3,0,1,42,0,26.0,0.0,842.0,430.0,0.0,,5,96,0
644,1,1,1,24,0,0.0,0.0,0.0,0.0,0.0,,7,197,1
645,3,0,1,32,0,1006.0,0.0,372.0,126.0,0.0,,6,268,1
646,1,0,1,23,0,0.0,38.0,0.0,337.0,448.0,,6,270,1
647,2,1,3,28,0,0.0,0.0,0.0,0.0,0.0,,3,51,1
648,2,1,1,15,0,0.0,0.0,0.0,0.0,0.0,,3,51,1
649,1,1,1,15,0,0.0,0.0,0.0,0.0,0.0,,7,202,0
650,1,0,1,28,0,0.0,306.0,1.0,602.0,0.0,,7,204,0
651,1,1,1,15,0,0.0,0.0,0.0,308.4769036733407,0.0,,7,204,0
652,1,0,3,13,0,0.0,474.0,0.0,0.0,0.0,,7,204,0
653,2,0,1,33,0,3.0,977.0,0.0,1908.0,7557.0,,1,12,1
654,2,0,1,47,0,0.0,4192.0,888.0,901.0,2.0,,1,12,1
655,2,0,3,27,0,2201.0,461.0,0.0,251.0,159.0,,1,12,1
656,1,0,2,18,0,34.0,451.96167494677076,0.0,1.0,611.0,,6,259,0
657,1,0,1,10,0,0.0,0.0,0.0,308.4769036733407,0.0,,7,201,1
658,1,1,1,40,0,0.0,0.0,0.0,0.0,0.0,,7,205,0
659,1,1,3,28,0,0.0,0.0,0.0,0.0,0.0,,7,205,0
660,3,0,3,23,0,1242.0,26.0,0.0,19.0,0.0,,6,263,0
661,3,0,1,23,0,0.0,0.0,0.0,0.0,0.0,,5,99,0
662,3,1,3,41,0,0.0,0.0,0.0,0.0,0.0,,6,263,0
663,3,0,1,20,0,89.0,0.0,2620.0,0.0,0.0,,4,47,0
664,3,1,1,29,0,0.0,0.0,0.0,0.0,0.0,,6,263,0
665,3,1,1,17,0,0.0,0.0,0.0,0.0,0.0,,6,263,0
666,3,0,1,21,0,23.0,0.0,1247.0,17.0,1.0,,6,263,0
667,3,1,1,25,0,0.0,0.0,0.0,0.0,0.0,,6,273,1
668,3,0,1,25,0,807.0,168.0,45.0,0.0,0.0,,5,84,1
669,1,0,1,28,0,0.0,171.0,174.90603284902085,0.0,280.0,,7,204,1
670,3,1,1,24,0,0.0,0.0,0.0,0.0,0.0,,6,264,0
671,3,0,1,56,0,936.0,0.0,363.0,0.0,0.0,,5,101,0
672,1,0,1,36,0,63.0,556.0,0.0,192.0,0.0,,7,205,1
673,1,0,2,20,0,1018.0,0.0,0.0,201.0,11.0,,6,266,0
674,1,0,1,50,0,90.0,681.0,10.0,0.0,22.0,,6,266,0
675,1,1,2,29,0,0.0,0.0,0.0,0.0,0.0,,7,207,1
676,1,0,1,34,0,10.0,900.0,0.0,23.0,0.0,,6,274,1
677,1,1,2,40,0,0.0,0.0,0.0,0.0,0.0,,7,209,1
678,1,0,1,20,0,0.0,1822.0,0.0,0.0,6.0,,7,209,1
679,1,1,1,36,0,0.0,0.0,0.0,0.0,0.0,,7,210,1
680,1,0,1,25,0,2.0,145.0,830.0,14.0,1.0,,5,103,0
681,2,1,3,25,1,0.0,0.0,0.0,0.0,0.0,,2,59,0
682,1,1,2,17,0,0.0,0.0,0.0,0.0,0.0,,7,211,0
683,2,0,1,42,0,0.0,2799.0,23.0,151.0,1260.0,,2,46,1
684,1,1,2,47,0,0.0,0.0,0.0,0.0,0.0,,7,213,0
685,1,0,1,23,0,212.0,832.0,363.0,35.0,0.0,,6,277,1
686,3,0,1,28,0,133.0,0.0,1166.0,0.0,0.0,,5,87,1
687,3,0,1,39,1,2012.0,38.0,1274.0,0.0,0.0,,4,50,0
688,3,1,1,43,0,0.0,0.0,0.0,0.0,0.0,,5,107,0
689,1,0,1,23,0,0.0,1589.0,0.0,0.0,50.0,,5,88,1
690,1,0,1,46,0,0.0,550.0,346.0,6.0,0.0,,6,281,1
691,2,1,3,31,0,0.0,0.0,0.0,0.0,0.0,,1,15,0
692,2,0,1,37,0,45.0,17.0,213.0,3183.0,161.0,,1,15,0
693,2,0,3,48,0,58.0,105.0,0.0,7536.0,103.0,,1,15,0
694,3,0,1,28,0,300.0,0.0,741.0,0.0,0.0,,6,276,0
695,3,0,1,38,0,473.0,0.0,871.0,2.0,0.0,,6,277,0
696,3,0,1,31,0,2565.0,9.0,4.0,0.0,0.0,,4,51,0
697,1,0,1,35,0,18.0,4.0,926.0,0.0,0.0,,6,278,0
698,1,0,2,28,0,0.0,0.0,0.0,422.0,351.0,,7,224,1
699,1,0,1,29,0,34.0,260.0,24.0,485.0,0.0,,6,284,1
700,1,0,1,19,0,0.0,174.0,0.0,490.0,10.0,,7,226,1
701,1,0,1,28,0,20.0,571.0,0.0,36.0,0.0,,7,228,1
702,3,0,1,44,0,1042.0,0.0,5.0,1.0,0.0,,5,90,1
703,1,0,1,59,0,1.0,1.0,0.0,771.0,0.0,,7,222,0
704,1,0,3,23,0,183.0,36.0,0.0,0.0,419.0,,6,281,0
705,1,0,2,48,0,2.0,0.0,0.0,783.0,0.0,,7,232,1
706,1,1,1,49,0,0.0,0.0,0.0,0.0,0.0,,7,225,0
707,1,0,1,15,0,0.0,628.0,0.0,0.0,0.0,,7,234,1
708,3,0,1,30,0,799.0,0.0,98.0,40.0,661.0,,6,283,0
709,3,0,1,20,0,679.0,35.0,1090.0,50.0,0.0,,6,283,0
710,1,1,1,20,0,0.0,0.0,0.0,0.0,0.0,,7,235,1
711,1,0,1,6,0,0.0,0.0,0.0,0.0,0.0,,7,226,0
712,1,1,1,1,0,0.0,0.0,0.0,0.0,0.0,,7,226,0
713,1,0,1,1,0,0.0,0.0,0.0,0.0,0.0,,6,82,0
714,1,0,1,2,0,0.0,0.0,0.0,0.0,0.0,,7,226,0
715,1,1,1,8,0,0.0,0.0,0.0,0.0,0.0,,7,226,0
716,1,1,2,29,0,0.0,0.0,0.0,0.0,0.0,,7,236,1
717,1,0,1,43,0,41.0,0.0,0.0,0.0,570.0,,6,286,1
718,1,0,1,73,0,5.0,0.0,0.0,568.0,55.0,,7,237,1
719,1,0,1,48,0,0.0,2.0,774.0,0.0,95.0,,6,288,1
720,1,0,3,24,0,515.0,16.0,0.0,76.0,106.0,,7,227,0
721,2,0,1,20,0,987.0,3691.0,0.0,0.0,796.0,,2,48,1
722,2,0,1,17,0,1.0,1598.0,0.0,7498.0,0.0,,2,48,1
723,1,1,1,42,0,0.0,0.0,0.0,0.0,0.0,,7,238,1
724,3,1,1,22,0,0.0,0.0,0.0,0.0,0.0,,6,284,0
725,1,0,2,54,0,240.0,0.0,629.0,0.0,0.0,,5,92,1
726,1,1,1,41,0,0.0,0.0,0.0,0.0,0.0,,7,228,0
727,1,1,2,0,0,0.0,0.0,0.0,0.0,0.0,,7,239,1
728,1,0,1,20,0,0.0,619.0,165.0,0.0,0.0,,7,239,1
729,2,0,3,54,0,1.0,695.0,174.90603284902085,522.0,7382.0,,3,57,0
730,2,0,3,73,0,22.0,30.0,0.0,1616.0,103.0,,3,57,0
731,1,0,3,17,0,583.0,1.0,0.0,0.0,6.0,,6,286,0
732,1,0,1,21,0,0.0,0.0,18.0,758.0,0.0,,6,82,0
733,1,1,3,60,0,0.0,0.0,0.0,0.0,0.0,,7,241,1
734,1,1,1,50,0,0.0,0.0,0.0,0.0,0.0,,7,242,1
735,3,1,1,17,0,0.0,0.0,0.0,0.0,0.0,,6,294,1
736,3,1,1,18,0,0.0,0.0,0.0,0.0,0.0,,6,294,1
737,1,0,3,25,0,0.0,170.0,1.0,601.0,7470.0,,3,54,1
738,2,0,3,57,1,1.0,3637.0,0.0,3.0,306.7894819713431,,3,54,1
739,2,1,3,46,0,0.0,0.0,0.0,0.0,0.0,,3,54,1
740,2,1,1,71,0,0.0,0.0,0.0,0.0,0.0,,3,54,1
741,1,0,1,21,0,3.0,5.0,3.0,699.0,0.0,,6,296,1
742,3,0,1,38,0,316.0,0.0,36.0,920.0,0.0,,6,297,1
743,1,0,1,23,0,8.0,0.0,0.0,671.0,12.0,,6,290,0
744,3,0,1,24,0,16.0,15.0,1277.0,452.0,0.0,,6,292,0
745,1,1,2,25,0,0.0,0.0,0.0,0.0,0.0,,7,232,0
746,1,1,2,35,0,0.0,0.0,0.0,0.0,0.0,,7,233,0
747,1,0,2,21,0,0.0,40.0,610.0,7.0,47.0,,7,234,0
748,1,0,1,22,0,628.0,212.0,0.0,0.0,63.0,,6,294,0
749,2,0,3,60,0,0.0,63.0,0.0,0.0,5824.0,,2,49,1
750,2,0,1,29,0,0.0,3577.0,216.0,723.0,2188.0,,2,49,1
751,1,0,1,49,0,674.0,22.0,301.0,0.0,0.0,,5,112,0
752,3,1,1,27,0,222.89785157787045,0.0,0.0,0.0,0.0,,6,296,0
753,1,0,1,23,0,1.0,0.0,2521.0,0.0,59.0,,6,301,1
754,3,0,1,23,0,1556.0,0.0,31.0,0.0,0.0,,5,113,0
755,3,0,1,33,0,3303.0,0.0,40.0,1.0,0.0,,4,55,0
756,1,0,2,35,0,0.0,422.0,0.0,0.0,2735.0,,6,302,1
757,2,0,1,27,0,0.0,5113.0,0.0,0.0,7.0,,2,66,0
758,3,0,1,44,0,1692.0,0.0,52.0,0.0,7.0,,6,303,1
759,3,0,3,18,0,1106.0,0.0,74.0,0.0,0.0,,4,51,1
760,1,1,3,31,0,0.0,0.0,0.0,0.0,0.0,,7,238,0
761,1,0,1,21,0,86.0,2209.0,994.0,535.0,142.0,,7,239,0
762,3,1,1,27,0,0.0,0.0,0.0,0.0,0.0,,6,302,0
763,1,0,1,36,0,1093.0,0.0,1566.0,0.0,0.0,,6,302,0
764,1,1,2,33,0,0.0,0.0,0.0,0.0,0.0,,7,246,1
765,1,0,1,30,0,0.0,0.0,704.0,0.0,0.0,,6,304,1
766,1,1,1,29,0,0.0,451.96167494677076,0.0,0.0,0.0,,7,241,0
767,2,0,3,32,0,0.0,10711.0,0.0,189.0,20.0,,2,67,0
768,2,1,3,31,0,0.0,0.0,0.0,0.0,0.0,,2,51,1
769,2,1,1,27,0,0.0,0.0,0.0,0.0,0.0,,2,51,1
770,2,1,3,25,0,0.0,0.0,0.0,0.0,0.0,,2,68,0
771,2,1,3,38,0,0.0,0.0,0.0,0.0,0.0,,2,52,1
772,1,0,1,47,0,0.0,0.0,0.0,672.0,89.0,,6,305,0
773,1,0,1,24,0,224.0,0.0,585.0,0.0,0.0,,7,243,0
774,1,1,1,46,0,0.0,0.0,0.0,0.0,0.0,,7,244,0
775,1,1,1,16,0,0.0,0.0,0.0,0.0,0.0,,7,245,0
776,1,0,1,30,0,0.0,691.0,378.0,17.0,0.0,,6,313,1
777,1,0,1,0,0,0.0,0.0,0.0,308.4769036733407,0.0,,7,250,1
778,3,1,1,60,0,0.0,0.0,0.0,308.4769036733407,0.0,,6,306,0
779,2,0,1,50,0,6.0,864.0,0.0,12.0,3877.0,,3,59,0
780,1,1,2,37,0,0.0,0.0,0.0,0.0,0.0,,7,247,0
781,1,1,3,27,0,0.0,0.0,0.0,308.4769036733407,0.0,,7,247,0
782,3,0,1,29,0,633.0,0.0,584.0,0.0,0.0,,6,315,1
783,2,0,1,28,0,172.0,1.0,0.0,8999.0,20.0,,2,69,0
784,2,0,1,22,0,0.0,6158.0,0.0,122.0,578.0,,2,69,0
785,3,0,1,28,0,201.0,1276.0,1121.0,0.0,0.0,,6,316,1
786,3,0,1,28,0,1507.0,0.0,8017.0,0.0,0.0,,5,100,1
787,1,0,1,14,0,98.0,0.0,0.0,251.0,442.0,,5,115,0
788,1,0,1,28,0,0.0,0.0,406.0,298.0,12.0,,6,318,1
789,1,1,2,20,0,0.0,0.0,0.0,0.0,0.0,,7,258,1
790,3,0,1,19,0,1022.0,0.0,0.0,0.0,0.0,,5,117,0
791,3,0,3,14,0,110.0,0.0,2768.0,68.0,135.0,,4,52,1
792,1,1,1,69,0,0.0,0.0,0.0,0.0,0.0,,7,260,1
793,2,0,1,26,0,0.0,0.0,0.0,886.0,14268.0,,3,61,0
794,2,0,3,25,0,0.0,1105.0,0.0,1632.0,8003.0,,2,70,0
795,3,0,1,36,0,17.0,0.0,571.0,3.0,591.0,,4,58,0
796,1,1,1,34,0,0.0,0.0,0.0,0.0,0.0,,7,251,0
797,2,0,1,4,0,0.0,0.0,0.0,0.0,0.0,,2,72,0
798,2,0,1,1,0,0.0,0.0,0.0,0.0,0.0,,2,72,0
799,2,1,1,24,0,0.0,0.0,0.0,0.0,0.0,,2,72,0
800,2,0,1,21,0,0.0,0.0,0.0,0.0,0.0,,2,72,0
801,2,1,1,25,0,0.0,451.96167494677076,0.0,0.0,0.0,,2,72,0
802,2,1,3,44,0,0.0,0.0,0.0,0.0,0.0,,2,72,0
803,1,0,1,22,0,0.0,6.0,21.0,1038.0,692.0,,7,256,0
804,3,1,1,64,0,0.0,0.0,0.0,0.0,0.0,,6,326,1
805,2,0,1,32,0,6.0,2902.0,0.0,2818.0,108.0,,5,102,1
806,1,0,1,42,0,0.0,0.0,476.0,402.0,6.0,,7,263,1
807,2,1,1,29,0,0.0,0.0,0.0,0.0,0.0,,5,120,0
808,1,1,2,4,0,0.0,0.0,0.0,0.0,0.0,,7,259,0
809,1,0,1,17,0,980.0,0.0,7.0,0.0,0.0,,5,121,0
810,1,0,1,21,0,0.0,0.0,738.0,86.0,40.0,,6,329,1
811,2,1,1,52,0,0.0,0.0,0.0,0.0,0.0,,3,60,1
812,2,1,1,29,0,0.0,0.0,0.0,0.0,306.7894819713431,,3,60,1
813,1,0,1,35,0,367.0,54.0,0.0,479.0,0.0,,6,315,0
814,3,1,3,23,0,0.0,0.0,0.0,0.0,0.0,,6,319,0
815,1,0,1,27,0,10.0,4.0,12.0,2.0,1124.0,,6,320,0
816,1,1,1,8,0,0.0,0.0,0.0,0.0,0.0,,7,271,1
817,2,0,1,20,0,0.0,54.0,3.0,4976.0,2732.0,,3,63,0
818,2,1,3,16,0,0.0,0.0,0.0,0.0,0.0,,3,63,0
819,1,0,1,35,0,0.0,216.0,9.0,40.0,721.0,,5,123,0
820,3,0,1,44,0,684.0,0.0,605.0,0.0,0.0,,6,332,1
821,1,0,1,19,0,0.0,6.0,1217.0,913.0,3.0,,6,333,1
822,2,1,1,2,0,0.0,0.0,0.0,0.0,0.0,,3,64,0
823,2,0,1,30,0,0.0,3085.0,13.0,212.0,297.0,,3,64,0
824,2,0,1,28,0,0.0,6285.0,0.0,1301.0,108.0,,3,64,0
825,1,1,1,44,0,0.0,0.0,0.0,0.0,0.0,,6,82,0
826,1,0,1,20,0,2.0,673.0,174.90603284902085,0.0,41.0,,6,322,0
827,1,1,1,22,0,0.0,0.0,0.0,0.0,0.0,,7,275,1
828,1,0,1,14,0,0.0,1141.0,0.0,0.0,7.0,,6,323,0
829,1,0,1,20,0,0.0,671.0,56.0,0.0,0.0,,6,337,1
830,1,0,1,45,0,0.0,92.0,202.0,271.0,362.0,,6,324,0
831,1,0,3,19,0,0.0,0.0,0.0,394.0,327.0,,6,325,0
832,3,0,1,42,0,247.0,0.0,27.0,707.0,32.0,,6,82,0
833,1,0,1,23,0,690.0,4.0,10.0,0.0,0.0,,6,340,1
834,1,0,1,43,0,0.0,22.0,0.0,6.0,879.0,,7,279,1
835,3,0,1,20,0,532.0,0.0,747.0,10.0,0.0,,6,329,0
836,3,1,1,11,0,0.0,0.0,0.0,0.0,0.0,,6,329,0
837,3,0,1,20,0,477.0,812.0,0.0,0.0,0.0,,6,329,0
838,1,1,1,21,0,0.0,0.0,0.0,0.0,0.0,,7,282,1
839,1,0,1,17,0,1296.0,613.0,23.0,72.0,0.0,,6,330,0
840,1,0,1,32,0,115.0,0.0,0.0,386.0,308.0,,7,285,1
841,1,0,1,24,0,0.0,69.0,709.0,0.0,31.0,,7,286,1
842,1,1,1,4,0,0.0,0.0,0.0,0.0,0.0,,7,286,1
843,1,0,1,4,0,0.0,0.0,0.0,0.0,0.0,,7,286,1
844,1,0,2,36,0,0.0,0.0,148.0,1220.0,2.0,,6,345,1
845,3,0,1,27,0,157.0,0.0,2345.0,822.0,0.0,,4,62,0
846,1,1,1,46,0,0.0,0.0,0.0,0.0,0.0,,7,289,1
847,3,1,3,24,0,0.0,0.0,0.0,0.0,0.0,,6,332,0
848,3,0,1,3,0,0.0,0.0,0.0,0.0,0.0,,6,332,0
849,1,0,3,21,0,41.0,592.0,0.0,0.0,5.0,,6,346,1
850,1,0,1,42,0,101.0,137.0,574.0,0.0,183.0,,5,131,0
851,3,1,1,26,0,0.0,0.0,0.0,0.0,0.0,,6,335,0
852,1,1,1,38,0,0.0,0.0,0.0,0.0,0.0,,7,290,1
853,1,0,3,36,0,2.0,0.0,174.90603284902085,606.0,140.0,,6,340,0
854,2,0,3,28,0,0.0,75.0,0.0,4764.0,11.0,,2,56,1
855,2,1,1,62,0,0.0,0.0,0.0,0.0,0.0,,2,56,1
856,1,0,1,22,0,9.0,8.0,796.0,5.0,181.0,,6,350,1
857,1,0,1,18,0,234.0,0.0,298.0,317.0,0.0,,7,292,1
858,1,0,1,12,0,0.0,0.0,0.0,0.0,0.0,,7,293,1
859,1,0,1,32,0,0.0,71.0,174.90603284902085,338.0,0.0,,6,343,0
860,1,0,1,11,0,0.0,0.0,0.0,0.0,0.0,,7,282,0
861,1,1,1,47,0,0.0,0.0,0.0,0.0,0.0,,7,294,1
862,1,1,1,48,0,0.0,0.0,0.0,0.0,0.0,,7,294,1
863,3,1,3,38,0,0.0,0.0,174.90603284902085,0.0,0.0,,6,351,1
864,3,1,1,19,0,0.0,0.0,0.0,0.0,0.0,,6,351,1
865,3,0,1,22,0,379.0,87.0,453.0,22.0,1141.0,,5,136,0
866,3,0,1,21,0,1282.0,0.0,6061.0,5.0,0.0,,6,344,0
867,1,0,3,37,0,0.0,2.0,0.0,610.0,0.0,,6,353,1
868,1,0,3,28,0,1402.0,220.0,0.0,0.0,0.0,,5,108,1
869,1,0,1,15,0,18.0,1980.0,0.0,218.0,0.0,,6,345,0
870,1,0,1,57,0,643.0,0.0,0.0,17.0,289.0,,6,345,0
871,1,1,1,22,0,0.0,0.0,0.0,0.0,0.0,,7,296,1
872,1,0,3,22,0,515.0,0.0,0.0,93.0,6.0,,7,286,0
873,1,1,2,29,0,0.0,451.96167494677076,0.0,0.0,0.0,,7,286,0
874,1,0,1,0,0,0.0,0.0,0.0,0.0,0.0,,7,286,0
875,3,1,1,44,0,0.0,0.0,0.0,0.0,0.0,,6,348,0
876,1,0,1,22,0,623.0,24.0,0.0,120.0,1662.0,,6,359,1
877,3,1,1,25,0,0.0,0.0,0.0,0.0,0.0,,5,110,1
878,1,0,1,64,0,0.0,467.0,0.0,351.0,0.0,,7,300,1
879,1,0,1,21,0,33.0,319.0,297.0,0.0,0.0,,6,360,1
880,1,0,1,35,0,246.0,207.0,338.0,0.0,0.0,,5,111,1
881,1,1,2,15,0,0.0,0.0,0.0,0.0,0.0,,7,287,0
882,1,0,1,48,0,0.0,0.0,0.0,1384.0,656.0,,6,353,0
883,2,1,1,22,0,0.0,0.0,0.0,0.0,0.0,,2,76,0
884,2,1,1,42,0,0.0,0.0,0.0,0.0,0.0,,2,76,0
885,2,1,3,13,0,0.0,0.0,0.0,0.0,0.0,,2,77,0
886,3,1,1,35,0,0.0,0.0,0.0,0.0,0.0,,6,363,1
887,3,0,1,27,0,1182.0,0.0,42.0,0.0,0.0,,6,364,1
888,1,1,3,21,0,0.0,0.0,0.0,0.0,0.0,,7,301,1
889,3,0,1,22,0,603.0,0.0,200.0,0.0,0.0,,4,57,1
890,2,0,1,33,0,0.0,11.0,689.0,355.0,6083.0,,3,69,0
891,2,0,3,25,0,582.0,1080.0,0.0,14.0,5550.0,,2,78,0
892,2,1,1,37,0,0.0,0.0,0.0,0.0,0.0,,2,78,0
893,2,1,3,36,0,0.0,0.0,0.0,0.0,0.0,,2,79,0
894,2,0,3,47,0,0.0,1696.0,0.0,308.4769036733407,1.0,,2,79,0
895,2,1,1,34,0,0.0,0.0,0.0,0.0,0.0,,2,79,0
896,2,1,3,29,0,0.0,0.0,0.0,0.0,0.0,,2,79,0
897,2,0,3,39,0,0.0,4205.0,0.0,167.0,0.0,,3,62,1
898,1,0,3,27,0,1156.0,0.0,0.0,0.0,136.0,,6,369,1
899,1,0,3,35,0,557.0,0.0,0.0,393.0,0.0,,7,304,1
900,1,0,1,0,0,0.0,0.0,0.0,0.0,0.0,,7,304,1
901,2,1,3,33,0,0.0,0.0,0.0,0.0,0.0,,3,63,1
902,3,0,1,24,0,1286.0,2.0,1.0,0.0,0.0,,6,373,1
903,3,0,1,19,0,908.0,0.0,845.0,0.0,0.0,,6,359,0
904,3,0,1,33,0,128.0,0.0,574.0,0.0,260.0,,4,65,0
905,1,0,1,19,0,0.0,0.0,262.0,29.0,448.0,,6,360,0
906,3,1,1,16,0,0.0,0.0,0.0,0.0,0.0,,5,114,1
907,1,0,1,47,0,0.0,451.96167494677076,376.0,3.0,7.0,,7,294,0
908,3,1,1,40,0,0.0,0.0,0.0,0.0,0.0,,6,362,0
909,3,1,1,19,0,0.0,0.0,0.0,0.0,0.0,,6,379,1
910,3,0,1,27,0,39.0,0.0,378.0,240.0,652.0,,6,363,0
911,2,0,1,31,0,0.0,891.0,0.0,3748.0,12.0,,5,143,0
912,1,0,1,24,0,0.0,106.0,1126.0,0.0,60.0,,6,380,1
913,2,0,3,31,0,19.0,607.0,0.0,308.4769036733407,2756.0,,1,15,1
914,2,1,2,41,0,0.0,0.0,0.0,0.0,0.0,,3,64,1
915,2,1,1,16,0,0.0,0.0,0.0,0.0,0.0,,3,64,1
916,2,0,1,27,0,0.0,2588.0,0.0,22.0,2149.0,,3,64,1
917,3,0,1,11,0,0.0,0.0,0.0,0.0,0.0,,6,365,0
918,3,0,3,28,0,3529.0,0.0,65.0,3.0,59.0,,6,365,0
919,3,0,1,51,0,311.0,0.0,338.0,741.0,0.0,,6,365,0
920,3,0,1,1,0,0.0,0.0,0.0,308.4769036733407,0.0,,6,365,0
921,1,0,1,56,0,0.0,35.0,4661.0,1641.0,0.0,,7,310,1
922,3,0,1,28,0,261.0,0.0,2338.0,0.0,0.0,,6,381,1
923,3,1,1,57,0,0.0,0.0,0.0,0.0,0.0,,6,381,1
924,3,1,1,13,0,0.0,0.0,0.0,0.0,0.0,,6,381,1
925,1,1,2,32,0,0.0,0.0,0.0,308.4769036733407,0.0,,7,301,0
926,1,0,2,28,0,0.0,547.0,0.0,10.0,0.0,,6,366,0
927,1,0,1,12,0,0.0,0.0,0.0,0.0,0.0,,7,302,0
928,3,0,2,35,0,809.0,0.0,830.0,0.0,0.0,,6,382,1
929,3,0,1,33,1,1651.0,0.0,14.0,245.0,0.0,,6,382,1
930,1,1,2,14,0,0.0,0.0,0.0,0.0,0.0,,7,311,1
931,1,0,1,26,0,407.0,191.0,53.0,0.0,133.0,,7,306,0
932,1,0,3,25,0,599.0,0.0,1.0,0.0,0.0,,6,383,1
933,1,0,1,27,0,0.0,0.0,0.0,145.0,1961.0,,6,367,0
934,1,0,1,23,0,2.0,451.96167494677076,689.0,827.0,0.0,,6,384,1
935,3,0,1,45,0,1285.0,4.0,7.0,1.0,0.0,,5,119,1
936,1,0,3,50,0,21.0,1.0,0.0,185.0,530.0,,6,371,0
937,1,0,1,24,0,0.0,0.0,666.0,221.0,1.0,,7,308,0
938,2,0,1,54,0,0.0,225.0,129.0,308.4769036733407,12226.0,,2,80,0
939,2,1,3,19,0,0.0,0.0,0.0,0.0,0.0,,2,80,0
940,1,0,1,19,0,0.0,0.0,317.0,632.0,0.0,,6,373,0
941,2,1,3,28,0,0.0,0.0,0.0,0.0,0.0,,4,67,0
942,2,0,3,28,0,1.0,1656.0,140.0,4160.0,430.0,,4,67,0
943,3,0,3,39,0,27.0,0.0,81.0,974.0,0.0,,6,388,1
944,1,0,1,20,0,9.0,52.0,1.0,638.0,105.0,,6,389,1
945,1,0,1,30,0,1624.0,0.0,0.0,600.0,105.0,,7,314,1
946,1,1,1,35,0,0.0,0.0,0.0,0.0,0.0,,7,317,1
947,2,0,3,36,0,0.0,1427.0,0.0,1311.0,84.0,,2,81,0
948,1,0,1,33,0,1844.0,213.0,131.0,439.0,0.0,,6,392,1
949,3,0,1,30,0,143.0,0.0,906.0,0.0,0.0,,5,123,1
950,1,0,1,25,0,102.0,0.0,257.0,1260.0,0.0,,5,145,0
951,3,1,1,45,0,0.0,0.0,0.0,0.0,0.0,,6,377,0
952,1,0,1,23,0,0.0,901.0,7.0,0.0,0.0,,7,313,0
953,1,1,3,51,0,0.0,0.0,0.0,0.0,0.0,,7,322,1
954,3,1,1,31,0,0.0,0.0,0.0,0.0,0.0,,6,395,1
955,3,1,3,55,0,0.0,0.0,0.0,0.0,0.0,,6,395,1
956,1,0,2,24,0,85.0,225.0,11.0,53.0,835.0,,6,382,0
957,3,1,1,57,0,0.0,0.0,0.0,0.0,0.0,,6,384,0
958,3,1,1,24,0,0.0,0.0,0.0,0.0,0.0,,5,147,0
959,1,0,1,44,0,40.0,117.0,0.0,214.0,387.0,,6,385,0
960,1,0,1,0,0,0.0,0.0,0.0,0.0,0.0,,7,316,0
961,1,0,1,15,0,262.0,0.0,0.0,391.0,151.0,,6,397,1
962,2,1,1,49,0,0.0,0.0,0.0,0.0,0.0,,5,148,0
963,3,1,1,24,0,0.0,0.0,0.0,0.0,0.0,,6,388,0
964,3,0,1,47,0,878.0,824.0,1.0,389.0,0.0,,6,388,0
965,3,0,1,26,0,0.0,0.0,0.0,0.0,0.0,,5,149,0
966,3,0,1,28,0,664.0,126.0,40.0,11.0,1068.0,,6,389,0
967,1,1,1,4,0,0.0,0.0,0.0,0.0,0.0,,7,319,0
968,2,0,1,30,0,0.0,2052.0,4.0,465.0,117.0,,3,77,0
969,1,1,1,23,0,0.0,0.0,0.0,0.0,0.0,,7,320,0
970,1,0,1,23,0,0.0,0.0,634.0,0.0,87.0,,7,321,0
971,1,1,1,4,0,0.0,0.0,0.0,0.0,0.0,,7,321,0
972,1,1,1,3,0,0.0,0.0,0.0,0.0,0.0,,7,321,0
973,2,0,3,42,1,0.0,305.0,0.0,327.0,7046.0,,2,84,0
974,1,0,1,22,0,286.0,1217.0,0.0,0.0,10.0,,6,401,1
975,1,0,1,21,0,208.0,78.0,0.0,0.0,424.0,,7,325,1
976,1,0,3,28,0,637.0,11.0,1.0,0.0,52.0,,6,392,0
977,3,0,1,35,0,904.0,688.0,112.0,994.0,0.0,,4,64,1
978,3,1,1,20,0,0.0,0.0,0.0,0.0,0.0,,6,403,1
979,1,1,2,22,0,0.0,0.0,0.0,0.0,0.0,,7,326,1
980,1,0,1,30,0,0.0,451.96167494677076,724.0,0.0,0.0,,7,326,1
981,1,0,1,0,0,0.0,0.0,0.0,0.0,0.0,,7,326,1
982,2,1,1,22,0,0.0,0.0,0.0,0.0,0.0,,2,61,1
983,2,0,1,15,0,0.0,411.0,0.0,1757.0,4411.0,,2,61,1
984,3,0,1,4,0,0.0,0.0,0.0,0.0,0.0,,6,405,1
985,3,1,1,19,0,0.0,0.0,0.0,0.0,0.0,,6,405,1
986,3,1,1,29,0,0.0,0.0,0.0,0.0,0.0,,6,405,1
987,1,1,1,17,0,0.0,0.0,0.0,0.0,0.0,,7,325,0
988,1,0,3,21,0,0.0,722.0,0.0,0.0,0.0,,6,406,1
989,1,1,2,20,0,0.0,0.0,0.0,0.0,0.0,,7,326,0
990,1,0,1,24,0,130.0,5.0,0.0,283.0,302.0,,7,329,1
991,1,1,2,6,0,0.0,451.96167494677076,0.0,0.0,0.0,,7,332,1
992,1,0,2,9,0,0.0,0.0,0.0,0.0,0.0,,7,332,1
993,1,0,1,21,0,308.0,367.0,1.0,0.0,108.0,,7,332,1
994,1,1,1,46,0,0.0,0.0,0.0,0.0,0.0,,7,332,1
995,1,0,1,20,0,0.0,0.0,715.0,7.0,1.0,,6,408,1
996,3,0,3,27,0,1226.0,194.0,92.0,18.0,0.0,,6,397,0
997,3,1,1,23,0,0.0,0.0,0.0,0.0,0.0,,6,409,1
998,2,1,1,28,0,0.0,0.0,0.0,0.0,0.0,,3,71,1
999,2,0,3,53,0,0.0,4829.0,0.0,7.0,350.0,,3,71,1
1000,2,0,1,41,0,1.0,2852.0,0.0,67.0,59.0,,3,71,1
1001,2,0,3,32,0,0.0,5950.0,462.0,4257.0,71.0,,3,71,1
1002,2,0,1,27,0,0.0,5931.0,0.0,110.0,1125.0,,3,71,1
1003,1,0,1,31,0,767.0,0.0,8.0,3.0,0.0,,6,399,0
1004,1,0,1,20,0,222.89785157787045,0.0,0.0,449.0,86.0,,5,152,0
1005,1,0,1,19,0,0.0,0.0,82.0,590.0,0.0,,6,400,0
1006,3,1,1,55,0,0.0,0.0,0.0,0.0,0.0,,6,403,0
1007,1,0,1,35,0,222.89785157787045,0.0,43.0,1.0,880.0,,6,404,0
1008,3,1,1,70,0,0.0,0.0,0.0,0.0,0.0,,6,405,0
1009,1,0,3,22,0,240.0,1974.0,0.0,0.0,152.0,,7,330,0
1010,1,0,1,46,0,258.0,57.0,0.0,0.0,654.0,,6,406,0
1011,1,0,1,16,0,32.0,9.0,0.0,0.0,1408.0,,6,406,0
1012,1,0,1,14,0,425.0,0.0,295.0,0.0,50.0,,7,336,1
1013,1,0,1,13,0,51.0,0.0,0.0,308.4769036733407,0.0,,7,332,0
1014,1,1,3,44,0,0.0,0.0,0.0,0.0,0.0,,7,337,1
1015,1,0,1,15,0,0.0,939.0,10.0,0.0,0.0,,6,416,1
1016,1,0,1,32,0,0.0,126.0,692.0,0.0,1055.0,,7,333,0
1017,2,0,3,26,0,399.0,5722.0,0.0,39.0,3155.0,,3,73,1
1018,2,0,1,42,0,0.0,1311.0,0.0,63.0,954.0,,3,73,1
1019,1,1,1,44,0,0.0,0.0,0.0,0.0,0.0,,7,337,0
1020,1,1,1,15,0,0.0,0.0,0.0,0.0,0.0,,6,82,0
1021,1,0,1,35,0,344.0,530.0,0.0,1.0,9.0,,7,340,0
1022,1,1,1,35,0,0.0,0.0,0.0,0.0,0.0,,7,340,0
1023,1,0,2,24,0,0.0,618.0,174.90603284902085,308.4769036733407,0.0,,5,154,0
1024,1,1,2,19,0,0.0,0.0,0.0,0.0,0.0,,7,342,0
1025,2,0,1,37,0,210.0,4618.0,0.0,17.0,492.0,,2,62,1
1026,2,1,3,31,0,0.0,0.0,0.0,0.0,0.0,,2,62,1
1027,1,1,1,39,0,0.0,0.0,0.0,0.0,0.0,,7,346,0
1028,1,0,1,35,0,0.0,445.0,451.0,3.0,0.0,,6,427,1
1029,1,0,1,26,0,0.0,0.0,0.0,0.0,872.0,,6,422,0
1030,3,0,1,26,0,1775.0,0.0,28.0,0.0,796.0,,6,82,0
1031,3,1,3,0,0,0.0,0.0,0.0,0.0,0.0,,6,428,1
1032,3,1,1,8,0,0.0,451.96167494677076,0.0,0.0,0.0,,6,428,1
1033,1,0,1,44,0,0.0,74.0,174.90603284902085,0.0,0.0,,6,426,0
1034,1,0,1,20,0,152.0,770.0,0.0,0.0,26.0,,6,430,1
1035,1,0,1,56,0,0.0,0.0,0.0,147.0,872.0,,7,350,1
1036,1,0,1,31,0,0.0,46.0,29.0,84.0,617.0,,6,432,1
1037,1,0,3,16,0,0.0,1.0,0.0,19.0,878.0,,6,434,1
1038,1,1,2,29,0,0.0,0.0,0.0,0.0,0.0,,7,353,1
1039,1,0,1,22,0,11.0,399.0,79.0,0.0,297.0,,7,349,0
1040,1,0,1,39,0,0.0,451.96167494677076,0.0,593.0,21.0,,6,436,1
1041,2,1,3,25,0,0.0,0.0,0.0,0.0,0.0,,3,81,0
1042,2,0,1,43,0,0.0,0.0,0.0,0.0,0.0,,3,81,0
1043,2,1,3,37,0,0.0,0.0,0.0,0.0,0.0,,3,82,0
1044,1,0,2,24,0,286.0,31.0,208.0,207.0,39.0,,7,351,0
1045,1,0,3,53,0,13.0,522.0,0.0,137.0,1.0,,7,353,0
1046,1,0,3,19,0,0.0,5.0,573.0,124.0,0.0,,6,82,0
1047,3,0,1,24,0,693.0,0.0,727.0,0.0,2.0,,6,444,1
1048,3,0,1,31,0,1423.0,0.0,686.0,0.0,0.0,,5,131,1
1049,1,0,1,27,0,0.0,674.0,0.0,951.0,0.0,,5,132,1
1050,1,0,2,57,0,0.0,545.0,0.0,0.0,0.0,,6,446,1
1051,2,0,1,26,0,132.0,2576.0,0.0,2060.0,3.0,,8,1,0
1052,1,0,1,15,0,167.0,0.0,532.0,0.0,89.0,,5,133,1
1053,3,1,1,19,0,0.0,0.0,0.0,0.0,0.0,,6,447,1
1054,1,0,2,27,0,142.0,0.0,99.0,232.0,0.0,,7,357,1
1055,3,1,1,23,0,0.0,0.0,0.0,0.0,0.0,,6,436,0
1056,1,1,1,6,0,0.0,0.0,0.0,0.0,306.7894819713431,,7,358,1
1057,1,0,1,15,0,0.0,465.0,494.0,0.0,18.0,,5,160,0
1058,1,1,3,2,0,0.0,0.0,0.0,0.0,0.0,,7,360,1
1059,1,0,1,21,0,12.0,555.0,0.0,0.0,882.0,,6,450,1
1060,1,0,1,0,0,0.0,0.0,0.0,0.0,0.0,,7,360,1
1061,1,1,3,18,0,0.0,0.0,0.0,0.0,0.0,,7,361,1
1062,1,0,1,46,0,0.0,0.0,969.0,1.0,0.0,,6,440,0
1063,1,1,3,43,0,0.0,0.0,0.0,0.0,0.0,,1,17,1
1064,2,1,1,45,1,0.0,0.0,0.0,0.0,0.0,,1,17,1
1065,2,0,3,40,0,224.0,5672.0,174.90603284902085,663.0,779.0,,3,74,1
1066,2,0,1,44,0,0.0,18.0,0.0,980.0,2601.0,,3,74,1
1067,1,0,3,27,0,0.0,3.0,0.0,0.0,1917.0,,6,452,1
1068,1,0,1,55,0,48.0,0.0,127.0,929.0,131.0,,6,453,1
1069,1,0,1,24,0,0.0,1606.0,0.0,0.0,2.0,,5,135,1
1070,1,0,1,27,0,76.0,0.0,1.0,27.0,865.0,,6,454,1
1071,2,0,3,33,0,0.0,2333.0,0.0,106.0,896.0,,3,77,1
1072,2,1,3,35,0,0.0,451.96167494677076,0.0,0.0,0.0,,3,77,1
1073,2,1,1,33,0,0.0,451.96167494677076,0.0,0.0,0.0,,4,67,1
1074,1,0,1,34,0,0.0,451.96167494677076,0.0,529.0,0.0,,6,443,0
1075,2,0,3,37,0,567.0,32.0,0.0,1273.0,11632.0,,3,78,1
1076,1,1,1,46,0,0.0,0.0,0.0,0.0,0.0,,7,361,0
1077,1,0,1,45,0,1259.0,210.0,0.0,0.0,1.0,,6,444,0
1078,1,0,1,14,0,0.0,25.0,116.0,897.0,2.0,,6,462,1
1079,1,0,2,28,0,0.0,20.0,36.0,0.0,788.0,,7,363,0
1080,1,0,1,56,0,0.0,6.0,0.0,406.0,355.0,,7,368,1
1081,1,1,2,24,0,0.0,0.0,0.0,0.0,0.0,,7,364,0
1082,1,1,2,19,0,0.0,0.0,0.0,0.0,0.0,,7,366,0
1083,3,1,1,51,0,0.0,0.0,0.0,0.0,0.0,,6,446,0
1084,2,0,3,24,0,204.0,2322.0,874.0,0.0,252.0,,3,84,0
1085,1,0,1,23,0,839.0,0.0,0.0,38.0,0.0,,6,447,0
1086,1,1,1,21,0,0.0,0.0,0.0,0.0,0.0,,7,370,1
1087,1,1,1,6,0,0.0,0.0,0.0,0.0,0.0,,5,164,0
1088,1,0,1,11,0,0.0,0.0,0.0,0.0,0.0,,5,164,0
1089,1,0,1,4,0,0.0,0.0,0.0,0.0,0.0,,5,164,0
1090,1,0,1,0,0,0.0,0.0,0.0,0.0,0.0,,5,164,0
1091,1,1,1,7,0,0.0,0.0,0.0,0.0,0.0,,5,164,0
1092,1,0,1,24,0,51.0,1.0,199.0,536.0,0.0,,5,165,0
1093,1,0,1,32,0,12.0,0.0,0.0,1123.0,19.0,,6,451,0
1094,1,0,1,43,0,340.0,10.0,22.0,0.0,272.0,,6,452,0
1095,1,1,1,24,0,0.0,0.0,0.0,0.0,0.0,,7,374,1
1096,1,0,1,49,0,9.0,146.0,207.0,688.0,2.0,,6,471,1
1097,1,0,2,21,0,17.0,0.0,0.0,595.0,0.0,,6,473,1
1098,2,1,3,29,0,0.0,0.0,0.0,0.0,0.0,,6,82,0
1099,1,0,1,25,0,877.0,0.0,0.0,37.0,0.0,,7,375,0
1100,1,1,2,27,0,0.0,0.0,0.0,0.0,0.0,,7,376,0
1101,1,1,2,14,0,0.0,0.0,0.0,0.0,0.0,,7,375,1
1102,1,0,1,67,0,0.0,1.0,3.0,788.0,15.0,,7,377,0
1103,2,1,3,17,0,0.0,0.0,0.0,0.0,0.0,,2,69,1
1104,2,0,1,44,0,0.0,0.0,0.0,0.0,0.0,,2,69,1
1105,1,0,3,52,0,0.0,142.0,0.0,378.0,3209.0,,2,70,1
1106,2,1,3,14,0,222.89785157787045,0.0,0.0,0.0,0.0,,2,70,1
1107,1,0,1,17,0,817.0,0.0,0.0,0.0,0.0,,6,476,1
1108,3,0,1,19,0,99.0,0.0,1522.0,276.0,0.0,,5,138,1
1109,3,0,1,36,0,853.0,382.0,8.0,14.0,30.0,,6,478,1
1110,3,1,3,19,0,0.0,0.0,0.0,0.0,0.0,,6,478,1
1111,3,0,1,25,0,1872.0,189.0,438.0,4.0,269.0,,4,70,1
1112,3,0,1,39,0,995.0,0.0,169.0,27.0,0.0,,6,479,1
1113,3,0,3,32,0,103.0,0.0,856.0,0.0,666.0,,6,456,0
1114,3,0,1,75,0,940.0,0.0,0.0,1188.0,60.0,,6,458,0
1115,2,1,1,37,0,0.0,0.0,0.0,308.4769036733407,0.0,,4,79,0
1116,2,1,3,25,0,0.0,0.0,0.0,0.0,0.0,,4,79,0
1117,2,0,1,33,0,651.0,275.0,0.0,0.0,1128.0,,4,79,0
1118,2,0,3,25,0,0.0,5619.0,0.0,0.0,11.0,,4,79,0
1119,1,0,1,24,0,1105.0,357.0,13.0,0.0,303.0,,7,378,1
1120,1,0,1,22,0,1448.0,0.0,0.0,0.0,1.0,,6,480,1
1121,1,0,1,22,0,222.89785157787045,170.0,0.0,0.0,1.0,,5,140,1
1122,1,1,1,36,0,0.0,0.0,0.0,0.0,0.0,,7,382,1
1123,1,1,1,4,0,0.0,0.0,0.0,0.0,0.0,,7,382,1
1124,1,0,1,61,0,17.0,21.0,174.90603284902085,0.0,111.0,,7,382,1
1125,1,0,1,0,0,0.0,0.0,0.0,0.0,0.0,,7,382,1
1126,1,0,1,15,0,1.0,0.0,859.0,0.0,0.0,,6,485,1
1127,3,0,1,42,0,884.0,336.0,0.0,8.0,0.0,,6,486,1
1128,3,0,1,27,0,343.0,0.0,706.0,0.0,0.0,,5,167,0
1129,3,1,1,5,0,0.0,0.0,0.0,0.0,0.0,,6,460,0
1130,2,0,1,32,0,0.0,3561.0,45.0,1552.0,7161.0,,1,31,0
1131,2,1,3,38,0,0.0,0.0,0.0,308.4769036733407,0.0,,1,31,0
1132,1,1,2,21,0,0.0,0.0,0.0,0.0,0.0,,7,381,0
1133,1,0,2,23,0,169.0,5.0,0.0,371.0,1235.0,,7,382,0
1134,1,0,1,34,0,874.0,0.0,0.0,30.0,4.0,,7,382,0
1135,3,1,1,28,0,0.0,0.0,174.90603284902085,0.0,0.0,,6,489,1
1136,1,0,1,23,0,101.0,0.0,770.0,917.0,0.0,,7,384,1
1137,1,1,1,14,0,0.0,0.0,0.0,0.0,0.0,,7,384,1
1138,1,0,1,60,0,858.0,0.0,4.0,2.0,0.0,,6,462,0
1139,1,1,2,78,0,0.0,0.0,0.0,0.0,0.0,,7,385,0
1140,1,1,3,6,0,0.0,0.0,0.0,0.0,0.0,,7,385,0
1141,1,0,3,17,0,0.0,13.0,395.0,161.0,307.0,,6,463,0
1142,1,0,3,41,0,574.0,173.0,0.0,2.0,0.0,,6,491,1
1143,1,0,2,40,0,2.0,10.0,0.0,14.0,657.0,,6,464,0
1144,2,0,3,47,0,0.0,0.0,0.0,0.0,0.0,,3,87,0
1145,1,0,1,23,0,62.0,0.0,0.0,0.0,643.0,,7,389,0
1146,1,0,1,41,0,98.0,2634.0,0.0,3.0,0.0,,6,494,1
1147,1,0,1,60,0,0.0,0.0,2.0,24.0,1593.0,,5,144,1
1148,1,0,1,46,0,611.0,0.0,296.0,0.0,0.0,,7,392,0
1149,2,0,3,19,0,0.0,799.0,0.0,38.0,15125.0,,2,93,0
1150,2,1,3,18,0,0.0,0.0,0.0,0.0,0.0,,2,93,0
1151,1,1,1,0,0,0.0,0.0,174.90603284902085,0.0,0.0,,7,396,1
1152,1,0,2,28,0,0.0,451.96167494677076,1059.0,8.0,83.0,,7,396,1
1153,1,0,1,30,0,0.0,1307.0,848.0,246.0,0.0,,6,495,1
1154,1,0,3,9,0,0.0,0.0,0.0,0.0,0.0,,7,396,1
1155,1,1,1,0,0,0.0,0.0,0.0,0.0,0.0,,6,82,0
1156,1,1,1,4,0,0.0,0.0,0.0,0.0,0.0,,7,396,1
1157,1,0,2,22,0,470.0,451.96167494677076,67.0,16.0,0.0,,6,496,1
1158,1,1,1,32,0,0.0,0.0,0.0,0.0,0.0,,7,394,0
1159,1,0,1,7,0,0.0,0.0,0.0,0.0,0.0,,7,394,0
1160,1,0,1,19,0,785.0,0.0,0.0,0.0,0.0,,7,394,0
1161,1,1,1,34,0,0.0,0.0,0.0,0.0,0.0,,7,397,1
1162,1,0,1,24,0,17.0,458.0,0.0,0.0,227.0,,6,500,1
1163,1,0,1,17,0,12.0,0.0,0.0,260.0,2358.0,,6,502,1
1164,1,0,1,31,0,25.0,1.0,740.0,0.0,0.0,,7,398,1
1165,1,0,1,42,0,549.0,451.96167494677076,2.0,252.0,0.0,,6,469,0
1166,2,1,3,14,0,0.0,0.0,0.0,0.0,0.0,,2,71,1
1167,2,1,3,27,0,0.0,0.0,0.0,0.0,0.0,,2,71,1
1168,1,0,1,21,0,0.0,0.0,19.0,52.0,2006.0,,6,509,1
1169,1,1,3,24,0,0.0,0.0,0.0,0.0,0.0,,7,401,1
1170,3,0,1,34,0,2138.0,138.0,31.0,308.4769036733407,40.0,,5,148,1
1171,3,0,3,35,0,667.0,0.0,387.0,0.0,0.0,,4,82,0
1172,2,1,3,43,0,0.0,0.0,0.0,0.0,0.0,,5,172,0
1173,3,1,1,25,0,0.0,0.0,0.0,0.0,0.0,,6,473,0
1174,3,0,1,19,0,278.0,0.0,311.0,560.0,0.0,,6,473,0
1175,1,0,1,25,0,0.0,0.0,3.0,867.0,0.0,,6,474,0
1176,1,1,3,22,0,0.0,0.0,0.0,0.0,0.0,,7,400,0
1177,1,0,1,23,0,460.0,182.0,40.0,40.0,65.0,,6,82,0
1178,2,0,3,42,0,3.0,2477.0,0.0,1585.0,1765.0,,4,84,0
1179,2,0,3,40,0,33.0,3030.0,0.0,3588.0,377.0,,4,84,0
1180,3,1,1,71,0,0.0,0.0,174.90603284902085,0.0,0.0,,6,478,0
1181,3,0,1,18,0,572.0,0.0,21.0,441.0,5.0,,6,478,0
1182,3,0,1,34,1,617.0,0.0,478.0,0.0,203.0,,5,175,0
1183,3,0,1,4,0,0.0,451.96167494677076,0.0,0.0,0.0,,6,514,1
1184,3,1,1,18,0,0.0,0.0,0.0,0.0,0.0,,6,514,1
1185,3,0,1,22,0,1938.0,475.0,165.0,0.0,0.0,,4,73,1
1186,1,0,1,38,0,41.0,0.0,19.0,57.0,685.0,,6,479,0
1187,2,0,3,33,0,1.0,451.96167494677076,0.0,0.0,6031.0,,3,88,0
1188,2,0,2,27,1,0.0,11984.0,1610.0,709.0,19086.0,,3,88,0
1189,2,1,1,18,0,0.0,0.0,0.0,0.0,0.0,,2,95,0
1190,2,0,3,34,0,65.0,1612.0,0.0,5831.0,631.0,,2,95,0
1191,1,0,3,66,0,595.0,0.0,0.0,33.0,0.0,,7,402,0
1192,2,1,1,47,0,0.0,451.96167494677076,174.90603284902085,0.0,0.0,,3,90,0
1193,1,0,1,35,0,127.0,629.0,59.0,86.0,0.0,,6,482,0
1194,1,1,1,23,0,0.0,0.0,0.0,0.0,0.0,,7,405,1
1195,1,0,1,36,0,59.0,59.0,850.0,0.0,2.0,,6,518,1
1196,1,0,1,36,0,3.0,755.0,0.0,33.0,0.0,,6,82,0
1197,3,1,1,35,0,0.0,0.0,0.0,0.0,0.0,,6,484,0
1198,1,0,1,15,0,756.0,3.0,43.0,30.0,45.0,,6,486,0
1199,2,0,1,39,1,381.0,1222.0,1104.0,121.0,2827.0,,3,89,1
1200,1,0,3,48,0,283.0,0.0,3.0,0.0,106.0,,7,408,1
1201,3,1,1,47,0,0.0,0.0,0.0,0.0,0.0,,6,490,0
1202,2,1,3,21,0,222.89785157787045,0.0,0.0,0.0,0.0,,2,76,1
1203,2,1,1,31,0,0.0,0.0,0.0,0.0,0.0,,2,76,1
1204,1,0,1,13,0,0.0,956.0,22.0,41.0,0.0,,6,82,0
1205,1,0,1,32,0,0.0,1010.0,0.0,0.0,0.0,,6,521,1
1206,1,0,2,22,0,0.0,1185.0,3.0,0.0,306.7894819713431,,6,493,0
1207,3,1,3,40,0,0.0,0.0,0.0,0.0,0.0,,6,524,1
1208,1,1,1,15,0,0.0,0.0,0.0,0.0,0.0,,7,409,0
1209,1,0,1,33,0,878.0,10.0,0.0,0.0,0.0,,7,410,0
1210,3,1,1,28,0,0.0,0.0,0.0,0.0,0.0,,5,180,0
1211,3,1,1,17,0,0.0,0.0,0.0,0.0,0.0,,6,494,0
1212,1,0,1,20,0,0.0,636.0,0.0,4.0,0.0,,6,495,0
1213,1,0,1,42,0,0.0,592.0,112.0,0.0,0.0,,6,528,1
1214,1,1,1,18,0,0.0,0.0,0.0,0.0,0.0,,7,413,1
1215,3,0,3,27,0,824.0,0.0,5649.0,133.0,0.0,,6,529,1
1216,3,1,1,32,0,0.0,0.0,0.0,0.0,306.7894819713431,,6,497,0
1217,1,1,1,19,0,0.0,0.0,0.0,0.0,0.0,,7,411,0
1218,1,1,1,9,0,0.0,0.0,0.0,0.0,0.0,,7,411,0
1219,3,0,1,36,0,904.0,49.0,123.0,199.0,72.0,,6,530,1
1220,1,1,1,21,0,0.0,0.0,0.0,0.0,0.0,,7,416,1
1221,2,1,1,40,0,0.0,0.0,0.0,0.0,0.0,,2,79,1
1222,1,1,1,42,0,222.89785157787045,0.0,0.0,0.0,0.0,,7,418,1
1223,3,1,1,40,0,0.0,0.0,0.0,0.0,0.0,,6,532,1
1224,3,1,1,22,0,0.0,0.0,0.0,0.0,0.0,,6,532,1
1225,3,0,1,15,0,81.0,0.0,2267.0,0.0,0.0,,5,157,1
1226,1,1,1,38,0,0.0,0.0,0.0,0.0,0.0,,7,414,0
1227,1,0,3,15,0,0.0,156.0,699.0,45.0,0.0,,6,501,0
1228,1,1,2,24,0,0.0,0.0,0.0,0.0,0.0,,7,423,1
1229,1,1,1,22,0,0.0,0.0,0.0,0.0,0.0,,7,415,0
1230,1,0,1,24,0,2469.0,0.0,0.0,0.0,56.0,,6,502,0
1231,1,0,1,25,0,5.0,524.0,267.0,0.0,982.0,,7,417,0
1232,1,0,1,22,0,644.0,2.0,0.0,83.0,0.0,,6,538,1
1233,1,0,1,57,0,4.0,0.0,702.0,37.0,0.0,,6,539,1
1234,3,0,1,25,0,938.0,0.0,206.0,0.0,289.0,,6,503,0
1235,1,0,1,21,0,0.0,0.0,1352.0,0.0,182.0,,6,540,1
1236,1,1,3,41,0,0.0,0.0,0.0,0.0,0.0,,7,425,1
1237,2,0,3,27,0,11567.0,246.0,0.0,5957.0,496.0,,3,94,0
1238,1,0,1,18,0,419.0,134.0,0.0,311.0,0.0,,6,506,0
1239,1,0,1,61,0,1.0,0.0,328.0,241.0,873.0,,6,507,0
1240,1,1,1,9,0,0.0,0.0,0.0,0.0,0.0,,7,418,0
1241,1,0,1,1,0,0.0,0.0,0.0,0.0,0.0,,7,418,0
1242,1,0,1,27,0,0.0,196.0,7.0,0.0,1325.0,,6,546,1
1243,1,0,1,20,0,0.0,0.0,0.0,631.0,350.0,,6,82,0
1244,1,1,2,2,0,0.0,0.0,0.0,0.0,0.0,,7,429,1
1245,1,0,1,0,0,0.0,0.0,0.0,0.0,0.0,,7,429,1
1246,3,1,1,25,0,0.0,0.0,0.0,0.0,0.0,,6,509,0
1247,1,0,1,22,0,2.0,12.0,0.0,630.0,59.0,,6,512,0
1248,3,0,1,32,1,733.0,11.0,1819.0,34.0,1.0,,6,548,1
1249,3,0,1,28,0,1.0,451.96167494677076,195.0,62.0,2406.0,,4,89,0
1250,2,1,1,43,0,0.0,0.0,0.0,0.0,0.0,,3,96,0
1251,2,0,3,28,0,0.0,774.0,2760.0,4171.0,118.0,,3,92,1
1252,2,1,3,32,0,0.0,0.0,0.0,0.0,0.0,,2,101,0
1253,2,0,1,54,0,0.0,373.0,174.90603284902085,400.0,3217.0,,2,101,0
1254,2,0,1,27,0,0.0,0.0,0.0,6.0,3223.0,,2,101,0
1255,2,1,1,30,0,0.0,0.0,0.0,0.0,0.0,,2,101,0
1256,2,1,3,25,0,0.0,0.0,0.0,0.0,0.0,,2,101,0
1257,3,0,1,39,0,1236.0,0.0,849.0,308.4769036733407,0.0,,6,553,1
1258,1,0,1,14,0,100.0,3821.0,133.0,116.0,8.0,,7,433,1
1259,1,0,1,8,0,0.0,0.0,0.0,0.0,0.0,,7,425,0
1260,1,0,1,22,0,0.0,75.0,688.0,42.0,3.0,,7,425,0
1261,2,0,1,27,0,0.0,263.0,1.0,8580.0,0.0,,2,82,1
1262,1,1,2,43,0,0.0,0.0,0.0,0.0,0.0,,7,427,0
1263,1,0,1,16,0,2730.0,397.0,0.0,0.0,56.0,,6,518,0
1264,1,0,1,40,0,4.0,451.96167494677076,0.0,1759.0,0.0,,7,436,1
1265,2,1,1,48,0,0.0,0.0,0.0,0.0,0.0,,2,84,1
1266,2,0,1,25,0,0.0,10754.0,3.0,345.0,478.0,,3,93,1
1267,2,0,1,29,0,0.0,2074.0,0.0,6.0,320.0,,3,98,0
1268,1,0,2,60,0,0.0,245.0,0.0,985.0,0.0,,6,519,0
1269,1,1,1,22,0,0.0,0.0,0.0,0.0,0.0,,7,430,0
1270,2,1,3,37,0,0.0,0.0,174.90603284902085,0.0,0.0,,2,104,0
1271,2,1,3,35,0,0.0,0.0,0.0,308.4769036733407,0.0,,2,104,0
1272,3,0,1,23,0,855.0,1296.0,3765.0,0.0,0.0,,6,560,1
1273,3,0,1,24,0,671.0,0.0,344.0,0.0,6.0,,5,162,1
1274,3,0,1,15,0,1416.0,0.0,1184.0,3.0,0.0,,6,562,1
1275,2,0,1,18,0,0.0,451.96167494677076,0.0,1685.0,306.7894819713431,,4,80,1
1276,2,1,3,14,0,0.0,0.0,0.0,0.0,0.0,,4,80,1
1277,3,0,1,39,0,2194.0,1034.0,21.0,0.0,0.0,,4,92,0
1278,3,1,1,12,0,0.0,0.0,0.0,0.0,0.0,,6,524,0
1279,3,0,1,43,0,1259.0,0.0,0.0,963.0,0.0,,6,524,0
1280,3,0,1,45,0,16.0,0.0,1103.0,308.4769036733407,0.0,,6,526,0
1281,1,1,1,24,0,0.0,0.0,0.0,0.0,0.0,,7,434,0
1282,1,0,1,52,0,0.0,295.0,0.0,308.4769036733407,233.0,,6,566,1
1283,1,0,1,18,0,798.0,2.0,0.0,8.0,0.0,,7,441,1
1284,1,1,2,38,0,0.0,0.0,0.0,0.0,0.0,,7,436,0
1285,1,0,3,28,0,0.0,765.0,3.0,14.0,1.0,,7,443,1
1286,1,1,1,28,0,0.0,0.0,0.0,0.0,0.0,,7,437,0
1287,1,0,1,19,0,0.0,0.0,0.0,802.0,7.0,,7,445,1
1288,1,0,2,45,0,3.0,31.0,60.0,515.0,0.0,,6,531,0
1289,1,0,1,27,0,0.0,0.0,1388.0,0.0,15.0,,6,531,0
1290,1,1,3,15,0,0.0,0.0,0.0,0.0,0.0,,7,440,0
1291,1,0,1,22,0,0.0,130.0,39.0,457.0,0.0,,7,441,0
1292,1,0,1,23,0,0.0,102.0,0.0,0.0,587.0,,6,574,1
1293,2,0,1,32,0,0.0,442.0,0.0,1700.0,315.0,,3,101,0
1294,1,0,1,15,0,0.0,34.0,861.0,0.0,47.0,,7,445,0
1295,2,1,1,30,1,0.0,0.0,0.0,0.0,0.0,,1,33,0
1296,1,0,1,60,0,454.0,1.0,91.0,1.0,227.0,,6,577,1
1297,1,0,1,50,0,0.0,104.0,6.0,1940.0,1.0,,6,534,0
1298,1,0,1,45,0,545.0,63.0,38.0,3.0,369.0,,7,451,1
1299,3,0,1,24,0,915.0,0.0,67.0,0.0,67.0,,5,170,1
1300,3,0,1,22,0,842.0,451.96167494677076,431.0,52.0,0.0,,6,579,1
1301,3,0,1,20,0,1.0,0.0,2638.0,0.0,0.0,,6,579,1
1302,3,1,3,19,0,0.0,0.0,0.0,0.0,0.0,,6,579,1
1303,3,0,1,40,0,203.0,2.0,112.0,0.0,1065.0,,6,579,1
1304,3,1,1,14,0,0.0,0.0,0.0,0.0,0.0,,6,579,1
1305,3,1,1,18,0,0.0,0.0,0.0,0.0,0.0,,6,579,1
1306,3,1,3,20,0,0.0,0.0,0.0,0.0,0.0,,5,191,0
1307,2,1,1,35,0,0.0,0.0,0.0,0.0,0.0,,4,84,1
1308,1,1,1,24,0,0.0,0.0,0.0,0.0,0.0,,7,448,0
1309,2,1,3,30,0,0.0,0.0,0.0,0.0,0.0,,3,95,1
1310,2,0,1,44,0,0.0,9662.0,0.0,1.0,1260.0,,3,95,1
1311,1,0,1,42,0,0.0,0.0,85.0,0.0,703.0,,5,172,1
1312,1,1,1,3,0,0.0,0.0,0.0,0.0,0.0,,7,456,1
1313,1,0,1,19,0,6.0,697.0,0.0,0.0,0.0,,6,583,1
1314,2,1,1,69,0,0.0,0.0,0.0,0.0,0.0,,4,85,1
1315,1,1,3,50,0,0.0,0.0,0.0,0.0,0.0,,7,451,0
1316,1,0,2,15,0,144.0,0.0,0.0,6.0,379.0,,7,459,1
1317,1,1,1,18,0,0.0,0.0,0.0,0.0,0.0,,7,460,1
1318,1,1,2,25,0,0.0,0.0,0.0,0.0,0.0,,7,461,1
1319,1,1,2,15,0,0.0,0.0,0.0,0.0,0.0,,7,462,1
1320,2,0,3,62,0,0.0,9724.0,0.0,47.0,14.0,,3,106,0
1321,1,0,1,19,0,0.0,9.0,0.0,1118.0,0.0,,6,589,1
1322,1,1,1,29,0,0.0,0.0,0.0,0.0,0.0,,7,463,1
1323,1,0,3,28,0,16.0,0.0,0.0,308.4769036733407,1317.0,,6,541,0
1324,2,1,3,25,0,0.0,0.0,0.0,0.0,0.0,,3,97,1
1325,2,1,1,22,0,0.0,0.0,0.0,0.0,0.0,,3,97,1
1326,2,1,1,35,0,0.0,0.0,0.0,0.0,0.0,,1,34,0
1327,2,1,1,61,0,0.0,0.0,0.0,0.0,0.0,,1,34,0
1328,2,1,3,26,0,0.0,0.0,0.0,0.0,0.0,,1,34,0
1329,1,0,1,19,0,0.0,0.0,0.0,0.0,1201.0,,6,82,0
1330,3,0,1,2,0,0.0,0.0,0.0,0.0,0.0,,6,543,0
1331,3,1,1,0,0,0.0,0.0,0.0,0.0,0.0,,6,543,0
1332,3,0,1,26,0,1208.0,90.0,1.0,0.0,0.0,,5,192,0
1333,3,1,1,6,0,0.0,0.0,0.0,0.0,0.0,,6,543,0
1334,1,0,3,23,0,5.0,0.0,0.0,49.0,668.0,,6,590,1
1335,1,1,3,50,0,0.0,0.0,0.0,0.0,0.0,,4,87,1
1336,3,0,1,18,0,2366.0,0.0,238.0,0.0,0.0,,6,548,0
1337,1,1,1,7,0,0.0,0.0,0.0,0.0,0.0,,7,453,0
1338,1,1,1,3,0,0.0,0.0,0.0,0.0,0.0,,7,453,0
1339,1,0,1,3,0,0.0,0.0,0.0,0.0,0.0,,7,453,0
1340,1,0,1,37,0,0.0,0.0,1631.0,0.0,75.0,,7,453,0
1341,1,0,1,25,0,222.89785157787045,5.0,12.0,978.0,0.0,,5,177,1
1342,1,0,1,22,0,0.0,451.96167494677076,0.0,0.0,1128.0,,6,594,1
1343,3,0,1,20,0,91.0,0.0,10.0,1187.0,0.0,,6,549,0
1344,3,0,1,32,0,2436.0,0.0,18.0,9.0,0.0,,6,596,1
1345,1,0,1,34,0,0.0,0.0,573.0,214.0,0.0,,5,195,0
1346,2,1,3,47,0,0.0,0.0,0.0,0.0,0.0,,3,111,0
1347,1,0,1,23,0,11.0,0.0,0.0,0.0,1281.0,,6,550,0
1348,2,0,1,22,0,0.0,4313.0,0.0,0.0,25.0,,2,90,1
1349,2,1,1,35,0,0.0,0.0,0.0,0.0,0.0,,2,90,1
1350,1,0,2,18,0,33.0,1352.0,38.0,0.0,306.7894819713431,,7,472,1
1351,2,0,1,36,0,86.0,290.0,2271.0,2184.0,91.0,,3,99,1
1352,2,1,1,32,0,0.0,0.0,0.0,0.0,0.0,,3,99,1
1353,1,1,1,29,0,0.0,0.0,0.0,0.0,0.0,,7,465,0
1354,2,1,1,19,0,0.0,0.0,0.0,0.0,0.0,,2,91,1
1355,3,1,1,45,0,0.0,0.0,0.0,0.0,0.0,,6,554,0
1356,3,1,1,28,0,0.0,0.0,0.0,0.0,0.0,,6,604,1
1357,1,0,1,14,0,890.0,0.0,75.0,0.0,0.0,,6,605,1
1358,2,0,3,22,0,0.0,562.0,0.0,0.0,3808.0,,2,108,0
1359,1,0,1,31,0,0.0,0.0,0.0,234.0,572.0,,6,607,1
1360,3,0,1,25,0,1.0,72.0,1202.0,33.0,0.0,,6,608,1
1361,1,0,1,15,0,19.0,3673.0,173.0,0.0,314.0,,7,466,0
1362,3,0,1,28,0,2521.0,0.0,303.0,8.0,0.0,,6,556,0
1363,1,1,1,34,0,0.0,0.0,0.0,0.0,0.0,,7,475,1
1364,1,0,1,28,0,743.0,27.0,10.0,0.0,17.0,,6,612,1
1365,2,1,1,45,0,0.0,0.0,0.0,0.0,0.0,,2,109,0
1366,1,0,1,44,0,0.0,72.0,0.0,665.0,0.0,,6,613,1
1367,1,0,1,22,0,0.0,1.0,174.90603284902085,237.0,620.0,,6,614,1
1368,1,0,1,48,0,0.0,0.0,889.0,0.0,0.0,,7,476,1
1369,1,0,1,25,0,1722.0,906.0,0.0,0.0,1.0,,6,616,1
1370,1,0,1,24,0,646.0,202.0,0.0,3.0,2.0,,7,480,1
1371,1,0,1,20,0,0.0,822.0,0.0,65.0,0.0,,7,480,1
1372,1,0,1,46,0,0.0,7.0,327.0,0.0,508.0,,7,480,1
1373,1,1,1,40,0,0.0,0.0,0.0,0.0,0.0,,7,481,1
1374,1,0,2,26,0,368.0,0.0,174.90603284902085,406.0,0.0,,7,483,1
1375,1,0,3,56,0,0.0,88.0,0.0,882.0,207.0,,6,618,1
1376,1,0,1,37,0,262.0,380.0,0.0,39.0,766.0,,6,560,0
1377,1,1,1,35,0,0.0,0.0,0.0,0.0,0.0,,7,484,1
1378,1,0,1,15,0,152.0,630.0,124.0,1.0,0.0,,7,471,0
1379,1,0,1,21,0,0.0,934.0,0.0,308.4769036733407,0.0,,6,623,1
1380,1,0,1,24,0,0.0,2.0,70.0,707.0,7.0,,5,196,0
1381,1,0,3,30,0,0.0,137.0,15.0,0.0,1292.0,,6,624,1
1382,2,1,3,34,0,0.0,0.0,0.0,0.0,0.0,,2,110,0
1383,2,1,3,16,0,0.0,0.0,0.0,0.0,0.0,,2,110,0
1384,2,1,3,55,0,0.0,0.0,0.0,0.0,0.0,,2,110,0
1385,2,0,3,27,0,0.0,49.0,77.0,2427.0,3590.0,,2,110,0
1386,1,0,1,44,0,48.0,207.0,10.0,443.0,2.0,,6,625,1
1387,1,0,1,17,0,75.0,0.0,816.0,0.0,265.0,,6,625,1
1388,1,0,2,17,0,546.0,0.0,0.0,0.0,203.0,,6,625,1
1389,3,0,1,36,0,3.0,0.0,345.0,1.0,960.0,,6,565,0
1390,1,0,1,18,0,0.0,0.0,111.0,451.0,82.0,,6,566,0
1391,1,1,2,14,0,0.0,0.0,0.0,0.0,0.0,,7,487,1
1392,1,0,1,21,0,0.0,680.0,0.0,0.0,13.0,,6,567,0
1393,1,0,3,26,0,783.0,40.0,77.0,6.0,0.0,,5,184,1
1394,1,0,1,28,0,1.0,395.0,0.0,240.0,12.0,,6,568,0
1395,3,0,1,21,0,1214.0,0.0,88.0,1296.0,0.0,,6,569,0
1396,2,1,3,25,0,0.0,0.0,0.0,0.0,0.0,,2,95,1
1397,2,0,1,27,0,0.0,4.0,549.0,2928.0,354.0,,2,95,1
1398,2,0,3,25,0,0.0,2037.0,2.0,0.0,2166.0,,2,95,1
1399,2,1,1,43,0,0.0,0.0,0.0,0.0,0.0,,2,95,1
1400,3,0,1,35,0,1228.0,0.0,1923.0,19.0,2.0,,4,91,1
1401,1,0,2,21,0,0.0,0.0,0.0,95.0,642.0,,6,628,1
1402,1,0,1,23,0,1.0,0.0,0.0,445.0,0.0,,7,488,1
1403,2,1,3,17,0,0.0,0.0,174.90603284902085,308.4769036733407,0.0,,4,92,1
1404,1,0,1,21,0,0.0,844.0,36.0,2051.0,3178.0,,4,92,1
1405,2,1,1,21,0,0.0,0.0,0.0,0.0,0.0,,4,92,1
1406,2,0,1,39,0,0.0,2061.0,18.0,443.0,157.0,,4,92,1
1407,2,1,3,22,0,0.0,0.0,0.0,0.0,0.0,,4,92,1
1408,2,1,3,40,0,0.0,0.0,0.0,0.0,0.0,,4,92,1
1409,1,1,1,25,0,0.0,0.0,0.0,0.0,0.0,,7,489,1
1410,1,0,1,6,0,0.0,0.0,0.0,0.0,0.0,,7,490,1
1411,1,1,1,1,0,0.0,0.0,0.0,0.0,0.0,,7,490,1
1412,1,1,1,1,0,0.0,0.0,0.0,0.0,0.0,,7,490,1
1413,1,0,1,20,0,768.0,451.96167494677076,0.0,0.0,3.0,,5,186,1
1414,1,0,1,17,0,0.0,4738.0,188.0,0.0,306.7894819713431,,7,491,1
1415,1,1,1,22,0,0.0,0.0,0.0,0.0,0.0,,7,494,1
1416,3,1,3,18,0,0.0,0.0,0.0,0.0,0.0,,6,633,1
1417,3,0,1,49,0,0.0,0.0,0.0,0.0,0.0,,5,188,1
1418,2,1,3,27,0,0.0,0.0,0.0,0.0,0.0,,3,104,1
1419,2,1,1,40,0,0.0,0.0,0.0,0.0,0.0,,3,104,1
1420,1,0,1,22,0,1.0,0.0,55.0,183.0,552.0,,5,189,1
1421,3,0,1,55,0,174.0,0.0,958.0,84.0,0.0,,6,635,1
1422,1,0,1,45,0,0.0,2203.0,0.0,895.0,0.0,,4,93,1
1423,1,0,1,33,0,1726.0,0.0,2.0,0.0,50.0,,7,495,1
1424,1,0,1,42,0,56.0,3.0,0.0,1771.0,514.0,,7,496,1
1425,2,0,1,27,0,0.0,351.0,0.0,3829.0,76.0,,3,116,0
1426,1,1,1,16,0,0.0,0.0,0.0,0.0,0.0,,7,497,1
1427,3,0,1,23,0,222.89785157787045,0.0,178.0,0.0,0.0,,6,580,0
1428,1,0,1,31,0,885.0,0.0,0.0,0.0,22.0,,7,481,0
1429,2,1,1,62,0,0.0,0.0,0.0,0.0,0.0,,2,100,1
1430,1,0,2,43,0,472.0,52.0,160.0,0.0,0.0,,6,582,0
1431,3,1,3,57,0,0.0,0.0,0.0,0.0,0.0,,6,639,1
1432,1,0,2,23,0,0.0,0.0,1342.0,7.0,0.0,,6,583,0
1433,1,0,3,20,0,107.0,476.0,982.0,20.0,0.0,,6,641,1
1434,2,1,3,21,0,0.0,0.0,0.0,0.0,0.0,,2,114,0
1435,2,1,3,27,0,0.0,0.0,0.0,0.0,0.0,,2,114,0
1436,2,0,3,31,0,0.0,573.0,0.0,15733.0,32.0,,3,117,0
1437,2,0,1,31,1,0.0,998.0,103.0,15255.0,432.0,,3,117,0
1438,2,1,1,24,0,0.0,0.0,0.0,0.0,0.0,,3,117,0
1439,2,0,1,27,0,0.0,2995.0,0.0,5534.0,4484.0,,3,117,0
1440,1,0,1,28,0,0.0,488.0,307.0,9.0,0.0,,6,643,1
1441,3,1,1,44,0,0.0,0.0,0.0,0.0,0.0,,5,202,0
1442,1,1,1,19,0,0.0,0.0,0.0,0.0,0.0,,7,484,0
1443,3,1,1,14,0,0.0,0.0,0.0,0.0,306.7894819713431,,6,644,1
1444,1,0,1,65,0,19.0,33.0,168.0,62.0,1387.0,,5,195,1
1445,3,0,1,73,0,1858.0,0.0,382.0,8.0,329.0,,4,104,0
1446,2,1,1,28,0,0.0,0.0,0.0,0.0,0.0,,3,105,1
1447,2,0,1,25,0,0.0,4827.0,0.0,75.0,1919.0,,3,105,1
1448,2,1,1,28,0,0.0,0.0,0.0,0.0,0.0,,3,105,1
1449,1,0,1,34,0,2.0,768.0,8.0,0.0,0.0,,6,587,0
1450,1,1,1,63,0,0.0,0.0,0.0,308.4769036733407,0.0,,7,486,0
1451,1,1,1,53,0,0.0,0.0,0.0,0.0,0.0,,7,508,1
1452,1,0,1,18,0,2.0,807.0,0.0,0.0,0.0,,7,487,0
1453,1,1,2,40,0,0.0,0.0,0.0,0.0,0.0,,7,489,0
1454,3,0,1,28,0,783.0,451.96167494677076,274.0,0.0,0.0,,4,98,1
1455,3,0,1,45,0,951.0,93.0,0.0,0.0,194.0,,6,647,1
1456,3,0,1,32,0,3337.0,6.0,1.0,0.0,0.0,,4,99,1
1457,1,0,3,19,0,24.0,0.0,1.0,1742.0,0.0,,4,99,1
1458,2,1,3,65,0,0.0,0.0,0.0,0.0,0.0,,3,106,1
1459,1,0,1,20,0,0.0,0.0,977.0,0.0,4.0,,5,205,0
1460,1,0,3,18,0,298.0,0.0,0.0,342.0,0.0,,6,650,1
1461,1,1,2,18,0,0.0,0.0,0.0,0.0,0.0,,6,651,1
1462,1,0,1,58,0,0.0,451.96167494677076,0.0,0.0,208.0,,6,589,0
1463,3,1,1,25,0,0.0,0.0,0.0,0.0,0.0,,6,590,0
1464,1,0,1,13,0,0.0,6.0,316.0,401.0,0.0,,6,593,0
1465,1,0,2,28,0,208.0,594.0,0.0,0.0,473.0,,6,653,1
1466,1,0,1,22,0,0.0,902.0,2.0,0.0,0.0,,6,595,0
1467,1,0,1,22,0,0.0,0.0,0.0,381.0,403.0,,7,493,0
1468,1,0,1,10,0,0.0,0.0,174.90603284902085,0.0,0.0,,7,495,0
1469,2,1,3,14,0,0.0,0.0,0.0,0.0,0.0,,3,107,1
1470,1,0,1,44,0,126.0,0.0,4.0,655.0,0.0,,7,497,0
1471,1,1,3,10,0,0.0,0.0,0.0,0.0,0.0,,7,497,0
1472,1,1,1,37,0,0.0,0.0,0.0,0.0,0.0,,7,498,0
1473,2,1,3,37,0,0.0,0.0,0.0,0.0,0.0,,2,103,1
1474,2,0,3,44,0,0.0,4701.0,4.0,1.0,1133.0,,2,103,1
1475,1,0,2,42,0,854.0,25.0,174.90603284902085,11.0,0.0,,7,499,0
1476,3,0,1,18,0,966.0,0.0,271.0,106.0,218.0,,6,82,0
1477,3,0,1,34,0,1768.0,0.0,174.90603284902085,0.0,0.0,,6,655,1
1478,1,0,1,15,0,193.0,84.0,0.0,592.0,6.0,,6,597,0
1479,1,0,1,36,0,0.0,1.0,1001.0,0.0,16.0,,7,517,1
1480,1,1,1,27,0,0.0,0.0,0.0,0.0,0.0,,7,501,0
1481,1,1,1,33,0,0.0,0.0,0.0,0.0,0.0,,7,503,0
1482,1,0,1,27,0,0.0,261.0,0.0,9.0,551.0,,6,661,1
1483,3,1,1,22,0,0.0,0.0,0.0,0.0,0.0,,6,662,1
1484,1,0,1,19,0,273.0,566.0,0.0,68.0,0.0,,7,518,1
1485,3,1,1,18,0,0.0,0.0,0.0,0.0,0.0,,6,664,1
1486,2,0,3,31,0,45.0,3150.0,0.0,1656.0,0.0,,1,26,1
1487,3,0,1,41,0,25.0,0.0,84.0,0.0,1239.0,,6,602,0
1488,3,1,1,48,0,0.0,0.0,0.0,0.0,0.0,,5,210,0
1489,1,0,1,23,0,0.0,138.0,0.0,308.4769036733407,45.0,,7,504,0
1490,3,0,1,29,0,168.0,2.0,45.0,2405.0,3.0,,6,604,0
1491,2,0,1,38,0,320.0,4398.0,0.0,250.0,137.0,,3,108,1
1492,1,0,2,21,0,0.0,1.0,673.0,24.0,1.0,,7,519,1
1493,1,0,2,20,0,2.0,0.0,1008.0,1090.0,1.0,,6,671,1
1494,2,0,1,27,0,0.0,11293.0,0.0,297.0,4736.0,,8,4,1
1495,3,1,1,33,0,0.0,0.0,0.0,0.0,0.0,,6,605,0
1496,1,0,1,24,0,684.0,87.0,0.0,0.0,0.0,,7,512,0
1497,3,1,1,23,0,0.0,0.0,0.0,0.0,0.0,,6,608,0
1498,3,0,3,22,0,2545.0,0.0,460.0,7.0,0.0,,4,105,0
1499,1,1,3,13,0,0.0,0.0,0.0,0.0,0.0,,7,514,0
1500,1,0,3,24,0,0.0,981.0,156.0,14.0,0.0,,6,675,1
1501,1,0,1,32,0,26.0,0.0,129.0,0.0,712.0,,5,199,1
1502,3,0,1,17,0,33.0,8.0,199.0,0.0,808.0,,5,201,1
1503,2,1,1,28,0,0.0,0.0,0.0,0.0,0.0,,1,38,0
1504,2,1,1,46,0,0.0,0.0,0.0,0.0,0.0,,1,38,0
1505,2,1,3,18,0,0.0,0.0,0.0,0.0,0.0,,1,38,0
1506,1,0,1,24,0,26.0,0.0,676.0,121.0,0.0,,6,611,0
1507,1,0,1,20,0,0.0,0.0,243.0,21.0,2149.0,,6,611,0
1508,1,0,1,17,0,0.0,880.0,0.0,0.0,44.0,,6,612,0
1509,1,0,1,44,0,0.0,0.0,0.0,0.0,803.0,,6,678,1
1510,1,0,2,34,0,1.0,874.0,0.0,51.0,0.0,,7,527,1
1511,1,0,2,19,0,149.0,0.0,37.0,173.0,308.0,,6,679,1
1512,1,0,1,28,0,0.0,0.0,1.0,0.0,739.0,,6,680,1
1513,3,1,1,28,0,0.0,0.0,0.0,0.0,306.7894819713431,,6,614,0
1514,2,0,3,57,0,0.0,6290.0,0.0,5156.0,0.0,,3,109,1
1515,3,1,1,34,0,0.0,0.0,0.0,308.4769036733407,0.0,,6,616,0
1516,3,0,1,18,0,1454.0,15.0,117.0,0.0,0.0,,5,218,0
1517,2,0,1,28,1,59.0,152.0,0.0,23.0,3656.0,,2,119,0
1518,2,0,3,6,0,0.0,0.0,0.0,0.0,0.0,,2,119,0
1519,2,1,3,53,0,0.0,0.0,0.0,0.0,0.0,,2,119,0
1520,2,0,1,6,0,0.0,0.0,0.0,0.0,0.0,,2,119,0
1521,3,0,1,33,0,162.0,354.0,149.0,57.0,0.0,,6,682,1
1522,2,1,3,43,0,0.0,0.0,0.0,0.0,0.0,,1,28,1
1523,1,0,1,44,0,0.0,0.0,0.0,0.0,3762.0,,7,520,0
1524,3,1,1,28,0,0.0,0.0,174.90603284902085,0.0,0.0,,6,683,1
1525,3,1,3,37,0,0.0,0.0,0.0,0.0,0.0,,6,618,0
1526,3,0,1,55,0,6438.0,0.0,1425.0,208.0,0.0,,5,220,0
1527,3,1,1,40,0,0.0,0.0,0.0,0.0,0.0,,5,220,0
1528,1,0,1,38,0,0.0,0.0,11.0,796.0,0.0,,6,620,0
1529,3,1,1,24,0,0.0,0.0,0.0,0.0,0.0,,6,685,1
1530,3,1,1,53,0,0.0,0.0,0.0,0.0,0.0,,6,622,0
1531,3,0,1,61,0,2647.0,0.0,0.0,0.0,127.0,,4,106,0
1532,1,1,1,17,0,0.0,0.0,0.0,0.0,0.0,,7,523,0
1533,1,0,1,20,0,0.0,0.0,0.0,784.0,0.0,,7,526,0
1534,1,0,1,22,0,0.0,42.0,0.0,19.0,709.0,,7,527,0
1535,3,0,1,27,0,1338.0,0.0,30.0,20.0,1569.0,,6,689,1
1536,1,0,1,19,0,0.0,0.0,712.0,1.0,0.0,,6,625,0
1537,1,0,1,23,0,2.0,1447.0,0.0,0.0,0.0,,6,628,0
1538,2,0,3,33,0,0.0,2455.0,0.0,5252.0,159.0,,2,124,0
1539,2,0,3,26,0,53.0,7.0,0.0,3752.0,16.0,,2,124,0
1540,3,1,1,33,0,0.0,0.0,0.0,0.0,0.0,,6,629,0
1541,1,0,1,39,0,0.0,840.0,0.0,0.0,0.0,,7,545,1
1542,1,1,2,47,0,0.0,0.0,0.0,0.0,0.0,,7,529,0
1543,1,0,1,33,0,399.0,24.0,0.0,364.0,0.0,,5,223,0
1544,3,0,1,40,0,9.0,1.0,79.0,775.0,156.0,,5,204,1
1545,1,1,3,19,0,0.0,0.0,0.0,0.0,0.0,,3,124,0
1546,2,0,3,26,0,1.0,485.0,0.0,12842.0,0.0,,3,124,0
1547,2,1,1,24,0,0.0,0.0,0.0,0.0,0.0,,2,126,0
1548,2,1,1,15,0,0.0,0.0,174.90603284902085,0.0,0.0,,2,126,0
1549,1,0,3,2,0,0.0,0.0,0.0,0.0,0.0,,7,533,0
1550,1,0,3,33,0,1641.0,0.0,8.0,8.0,0.0,,5,224,0
1551,1,1,2,14,0,0.0,0.0,174.90603284902085,0.0,0.0,,7,533,0
1552,1,0,1,22,0,6.0,0.0,723.0,1923.0,15.0,,6,632,0
1553,2,0,3,45,0,64.0,7980.0,0.0,1.0,1470.0,,2,127,0
1554,2,0,3,58,0,0.0,2696.0,0.0,2882.0,1563.0,,2,127,0
1555,1,1,3,13,0,0.0,0.0,0.0,0.0,0.0,,6,82,0
1556,1,0,3,36,0,0.0,0.0,685.0,11.0,8.0,,6,634,0
1557,2,0,1,35,0,0.0,842.0,9.0,2061.0,547.0,,5,226,0
1558,1,1,2,23,0,0.0,0.0,0.0,0.0,0.0,,7,548,1
1559,2,0,1,27,0,0.0,1624.0,0.0,53.0,1152.0,,5,227,0
1560,1,0,1,24,0,684.0,0.0,87.0,0.0,0.0,,7,549,1
1561,2,0,1,43,0,0.0,20809.0,13.0,3745.0,2862.0,,2,128,0
1562,2,0,1,67,1,0.0,6564.0,4.0,3560.0,243.0,,2,128,0
1563,2,1,1,29,0,0.0,0.0,0.0,0.0,0.0,,2,129,0
1564,1,0,1,28,0,0.0,818.0,51.0,0.0,0.0,,6,82,0
1565,3,1,1,18,0,0.0,0.0,0.0,0.0,0.0,,5,228,0
1566,3,1,3,35,0,0.0,0.0,0.0,0.0,0.0,,5,228,0
1567,3,0,1,22,1,1166.0,3.0,130.0,0.0,0.0,,5,228,0
1568,3,1,1,19,0,0.0,0.0,0.0,0.0,0.0,,5,228,0
1569,1,1,1,47,0,0.0,0.0,0.0,308.4769036733407,0.0,,5,228,0
1570,3,0,1,16,0,1639.0,0.0,142.0,308.4769036733407,0.0,,5,228,0
1571,3,0,1,41,0,1545.0,0.0,8.0,0.0,9.0,,5,228,0
1572,2,0,1,26,0,172.0,7508.0,1698.0,109.0,11333.0,,5,229,0
1573,1,1,1,37,0,0.0,0.0,0.0,0.0,0.0,,7,538,0
1574,3,0,1,26,0,493.0,0.0,774.0,9.0,20.0,,5,206,1
1575,3,0,1,21,0,1693.0,1.0,15.0,0.0,0.0,,6,695,1
1576,1,0,2,45,0,0.0,0.0,1320.0,0.0,3.0,,6,637,0
1577,1,0,1,28,0,293.0,588.0,0.0,2.0,0.0,,7,552,1
1578,1,0,1,26,0,1.0,913.0,7.0,0.0,0.0,,6,639,0
1579,1,0,1,35,0,111.0,420.0,271.0,1.0,0.0,,6,640,0
1580,2,0,3,60,0,0.0,4230.0,0.0,308.4769036733407,306.7894819713431,,4,110,0
1581,1,1,1,7,0,0.0,0.0,0.0,0.0,0.0,,7,555,1
1582,3,0,3,15,0,3859.0,1.0,4410.0,0.0,0.0,,5,208,1
1583,1,0,1,26,0,1260.0,0.0,0.0,0.0,396.0,,5,230,0
1584,1,1,1,38,0,0.0,0.0,0.0,0.0,0.0,,7,544,0
1585,1,0,1,24,0,330.0,47.0,356.0,0.0,0.0,,6,644,0
1586,1,0,1,77,0,0.0,0.0,64.0,712.0,0.0,,6,644,0
1587,3,0,1,22,0,446.0,0.0,1630.0,0.0,0.0,,5,232,0
1588,3,0,1,22,0,1127.0,0.0,2451.0,96.0,0.0,,6,82,0
1589,3,0,1,20,0,1481.0,0.0,2183.0,24.0,5.0,,6,645,0
1590,3,0,1,47,0,1696.0,10.0,48.0,0.0,0.0,,6,645,0
1591,3,1,1,25,0,0.0,0.0,0.0,0.0,306.7894819713431,,6,645,0
1592,3,1,1,9,0,0.0,0.0,0.0,0.0,0.0,,6,645,0
1593,3,0,1,19,0,1954.0,0.0,508.0,0.0,0.0,,6,645,0
1594,1,0,1,44,0,0.0,1.0,574.0,1788.0,0.0,,7,560,1
1595,2,0,1,41,1,0.0,2872.0,0.0,6386.0,1113.0,,2,108,1
1596,1,1,1,53,0,0.0,0.0,0.0,0.0,0.0,,7,550,0
1597,2,1,1,27,0,0.0,0.0,0.0,0.0,0.0,,5,235,0
1598,1,0,1,20,0,43.0,0.0,9.0,707.0,7.0,,7,563,1
1599,1,1,3,23,0,0.0,0.0,0.0,0.0,0.0,,7,552,0
1600,3,0,1,20,0,0.0,0.0,0.0,0.0,0.0,,5,236,0
1601,3,0,2,28,0,75.0,0.0,1094.0,28.0,0.0,,6,650,0
1602,1,0,2,51,0,0.0,12.0,0.0,0.0,603.0,,7,566,1
1603,1,0,1,22,0,222.89785157787045,529.0,0.0,175.0,179.0,,7,557,0
1604,1,1,3,36,0,0.0,0.0,0.0,308.4769036733407,0.0,,7,559,0
1605,1,0,1,18,0,0.0,0.0,0.0,716.0,0.0,,6,651,0
1606,1,0,2,19,0,6.0,148.0,936.0,0.0,131.0,,6,652,0
1607,1,0,1,17,0,222.89785157787045,0.0,16.0,4.0,1111.0,,6,653,0
1608,1,0,1,29,0,47.0,29.0,16.0,3762.0,0.0,,7,570,1
1609,1,0,1,18,0,1.0,1.0,714.0,0.0,0.0,,6,713,1
1610,3,0,1,22,0,930.0,0.0,45.0,6307.0,10.0,,6,714,1
1611,3,0,3,43,0,209.0,1977.0,188.0,6.0,0.0,,4,109,1
1612,1,0,2,24,0,0.0,0.0,93.0,506.0,174.0,,7,564,0
1613,3,0,1,25,0,1253.0,0.0,379.0,966.0,0.0,,6,715,1
1614,1,0,1,20,0,2.0,6.0,7.0,0.0,2413.0,,6,716,1
1615,1,1,1,23,0,0.0,0.0,0.0,0.0,0.0,,7,572,1
1616,1,0,1,32,0,0.0,1001.0,8.0,0.0,0.0,,6,721,1
1617,2,0,1,51,0,0.0,526.0,0.0,4467.0,138.0,,2,112,1
1618,2,0,1,22,0,1.0,3748.0,2718.0,217.0,11.0,,4,112,1
1619,1,0,2,22,0,674.0,0.0,0.0,11.0,0.0,,6,657,0
1620,1,0,2,30,0,37.0,938.0,1.0,472.0,0.0,,6,658,0
1621,1,0,1,23,0,337.0,14.0,0.0,884.0,0.0,,6,659,0
1622,1,0,1,61,0,5.0,740.0,0.0,47.0,0.0,,5,210,1
1623,1,0,1,24,0,0.0,0.0,0.0,0.0,645.0,,6,724,1
1624,1,0,1,19,0,0.0,810.0,0.0,77.0,62.0,,6,660,0
1625,1,0,1,27,0,0.0,599.0,2751.0,684.0,518.0,,1,32,1
1626,2,0,1,29,1,0.0,3285.0,0.0,0.0,8.0,,1,32,1
1627,2,1,3,55,0,0.0,0.0,0.0,0.0,0.0,,2,133,0
1628,2,0,1,26,0,0.0,11143.0,0.0,628.0,6076.0,,2,133,0
1629,1,1,3,58,0,0.0,0.0,0.0,0.0,0.0,,7,565,0
1630,2,1,3,60,0,0.0,0.0,0.0,0.0,0.0,,2,134,0
1631,2,1,1,13,0,0.0,0.0,0.0,0.0,0.0,,2,134,0
1632,2,0,3,39,1,0.0,3376.0,0.0,2287.0,0.0,,2,134,0
1633,2,1,3,35,0,0.0,0.0,0.0,0.0,0.0,,2,134,0
1634,1,0,1,21,0,0.0,0.0,0.0,922.0,0.0,,6,726,1
1635,1,0,1,37,0,1.0,6.0,1072.0,0.0,0.0,,6,663,0
1636,1,1,2,31,0,0.0,0.0,0.0,0.0,0.0,,7,567,0
1637,1,0,1,20,0,136.0,0.0,15.0,419.0,0.0,,6,665,0
1638,3,0,1,27,0,1023.0,531.0,245.0,734.0,65.0,,6,728,1
1639,3,1,1,40,0,0.0,0.0,0.0,0.0,0.0,,6,730,1
1640,3,1,1,28,0,0.0,0.0,0.0,0.0,0.0,,6,667,0
1641,2,0,3,36,0,0.0,2384.0,0.0,10232.0,243.0,,3,128,0
1642,1,0,1,19,0,0.0,0.0,223.0,0.0,769.0,,5,240,0
1643,1,0,2,22,0,0.0,0.0,282.0,407.0,0.0,,6,670,0
1644,1,0,1,15,0,28.0,1.0,806.0,0.0,57.0,,7,569,0
1645,1,0,3,18,0,67.0,8.0,1188.0,667.0,0.0,,6,671,0
1646,2,0,1,25,0,55.0,173.0,5.0,3769.0,103.0,,4,114,1
1647,2,1,1,62,0,0.0,0.0,0.0,0.0,0.0,,4,114,1
1648,1,0,1,53,0,42.0,0.0,0.0,25.0,742.0,,7,571,0
1649,1,0,3,28,0,496.0,0.0,2.0,205.0,0.0,,6,734,1
1650,1,0,1,19,0,1194.0,4.0,21.0,0.0,223.0,,6,736,1
1651,1,1,2,21,0,0.0,0.0,0.0,0.0,0.0,,7,575,0
1652,1,0,1,20,0,82.0,503.0,69.0,94.0,24.0,,7,576,0
1653,2,0,3,56,0,977.0,806.0,0.0,3744.0,361.0,,2,137,0
1654,2,0,3,64,0,0.0,2404.0,9.0,0.0,77.0,,4,114,0
1655,2,1,1,28,0,0.0,0.0,0.0,0.0,0.0,,2,138,0
1656,2,0,1,36,0,3635.0,804.0,0.0,3.0,100.0,,3,129,0
1657,3,0,1,51,0,914.0,140.0,2.0,0.0,0.0,,4,115,0
1658,1,1,2,16,0,0.0,0.0,174.90603284902085,0.0,0.0,,7,577,0
1659,1,1,3,21,0,0.0,0.0,0.0,0.0,0.0,,7,578,0
1660,1,0,3,50,0,793.0,0.0,0.0,1.0,0.0,,6,677,0
1661,1,0,1,0,0,0.0,0.0,0.0,0.0,0.0,,7,578,0
1662,1,0,1,34,0,1043.0,0.0,70.0,744.0,0.0,,6,744,1
1663,1,1,1,3,0,0.0,451.96167494677076,0.0,0.0,0.0,,7,587,1
1664,1,1,2,11,0,0.0,0.0,0.0,0.0,0.0,,7,587,1
1665,1,1,2,5,0,0.0,0.0,0.0,0.0,0.0,,7,587,1
1666,1,0,1,47,0,1.0,451.96167494677076,0.0,302.0,0.0,,7,587,1
1667,1,1,1,1,0,0.0,0.0,0.0,0.0,0.0,,7,587,1
1668,1,1,1,0,0,0.0,0.0,0.0,0.0,0.0,,7,587,1
1669,1,0,1,23,0,0.0,4.0,737.0,309.0,558.0,,5,213,1
1670,2,0,1,27,0,0.0,3354.0,23.0,220.0,877.0,,3,117,1
1671,1,0,1,46,0,48.0,856.0,0.0,0.0,4.0,,6,82,0
1672,1,0,1,34,0,270.0,0.0,56.0,549.0,13.0,,7,591,1
1673,1,0,3,2,0,0.0,0.0,0.0,0.0,0.0,,7,591,1
1674,1,1,1,11,0,0.0,0.0,0.0,0.0,0.0,,7,591,1
1675,1,0,3,1,0,0.0,0.0,0.0,0.0,0.0,,7,591,1
1676,1,1,1,13,0,0.0,0.0,0.0,0.0,0.0,,7,591,1
1677,1,0,1,41,0,0.0,18.0,50.0,1317.0,0.0,,6,746,1
1678,1,0,3,11,0,0.0,0.0,0.0,0.0,0.0,,7,591,1
1679,3,1,1,52,0,0.0,0.0,0.0,0.0,0.0,,6,679,0
1680,3,1,1,15,0,0.0,0.0,0.0,0.0,0.0,,6,679,0
1681,1,1,1,58,0,0.0,0.0,0.0,308.4769036733407,0.0,,7,581,0
1682,1,0,1,23,0,0.0,414.0,0.0,1.0,286.0,,6,681,0
1683,1,0,1,34,0,0.0,461.0,0.0,0.0,424.0,,7,585,0
1684,1,0,1,9,0,0.0,0.0,0.0,0.0,0.0,,7,585,0
1685,1,0,1,25,0,12.0,1.0,0.0,1045.0,33.0,,6,683,0
1686,2,1,3,38,0,0.0,0.0,0.0,0.0,0.0,,1,41,0
1687,2,0,3,42,1,0.0,2227.0,76.0,2140.0,5513.0,,1,41,0
1688,2,0,1,40,0,222.89785157787045,4223.0,0.0,0.0,14.0,,1,41,0
1689,2,0,1,18,0,244.0,256.0,0.0,2675.0,89.0,,1,41,0
1690,3,0,1,42,0,1853.0,7.0,37.0,0.0,0.0,,6,750,1
1691,3,0,1,40,0,1114.0,0.0,193.0,0.0,1.0,,6,750,1
1692,1,0,1,28,0,0.0,0.0,949.0,0.0,0.0,,6,751,1
1693,2,0,1,56,0,0.0,7748.0,0.0,0.0,1.0,,3,130,0
1694,1,0,1,22,0,9.0,0.0,485.0,0.0,272.0,,7,587,0
1695,3,0,1,39,0,0.0,0.0,0.0,0.0,0.0,,6,756,1
1696,1,1,3,35,0,0.0,0.0,0.0,0.0,0.0,,7,588,0
1697,1,0,1,36,0,504.0,49.0,0.0,87.0,83.0,,6,684,0
1698,3,0,1,34,0,1604.0,309.0,1.0,0.0,236.0,,5,243,0
1699,1,0,1,22,0,768.0,0.0,0.0,0.0,38.0,,6,685,0
1700,1,1,1,21,0,0.0,0.0,0.0,0.0,0.0,,7,590,0
1701,2,0,1,16,0,7.0,1879.0,0.0,28.0,2186.0,,3,131,0
1702,2,0,1,35,0,0.0,7595.0,32.0,0.0,2922.0,,3,131,0
1703,3,0,1,19,0,89.0,0.0,453.0,686.0,0.0,,6,688,0
1704,2,1,1,36,0,0.0,0.0,0.0,0.0,0.0,,2,141,0
1705,2,0,3,32,0,0.0,2802.0,0.0,21.0,360.0,,5,217,1
1706,2,0,1,69,0,0.0,300.0,0.0,1966.0,93.0,,5,217,1
1707,2,1,3,44,0,0.0,0.0,0.0,0.0,0.0,,5,218,1
1708,2,1,3,34,0,0.0,0.0,0.0,0.0,0.0,,5,218,1
1709,2,0,1,35,0,0.0,5138.0,0.0,720.0,2243.0,,5,218,1
1710,1,0,1,25,0,0.0,1412.0,0.0,9.0,279.0,,7,597,1
1711,1,1,1,3,0,0.0,0.0,0.0,0.0,0.0,,7,597,1
1712,1,0,2,12,0,0.0,0.0,0.0,0.0,0.0,,7,597,1
1713,1,0,1,3,0,0.0,0.0,0.0,0.0,0.0,,7,597,1
1714,1,0,1,13,0,1014.0,0.0,917.0,0.0,43.0,,6,758,1
1715,1,0,1,26,0,0.0,29.0,855.0,0.0,0.0,,7,597,1
1716,1,1,2,2,0,0.0,0.0,0.0,0.0,0.0,,7,597,1
1717,3,0,1,25,0,883.0,0.0,266.0,0.0,0.0,,6,759,1
1718,3,1,1,19,0,0.0,0.0,0.0,0.0,0.0,,6,760,1
1719,1,1,3,33,0,0.0,0.0,0.0,308.4769036733407,0.0,,7,596,0
1720,1,0,3,41,0,184.0,2.0,415.0,0.0,36.0,,6,692,0
1721,1,1,2,55,0,0.0,0.0,0.0,0.0,0.0,,7,597,0
1722,1,0,3,30,0,433.0,0.0,47.0,0.0,252.0,,6,693,0
1723,1,0,2,35,0,320.0,10.0,174.90603284902085,9.0,0.0,,7,598,0
1724,1,0,1,7,0,0.0,0.0,0.0,0.0,0.0,,7,599,0
1725,1,0,1,38,0,84.0,0.0,626.0,0.0,0.0,,7,601,0
1726,1,1,2,51,0,0.0,0.0,0.0,0.0,0.0,,7,601,0
1727,1,1,1,18,0,0.0,0.0,0.0,0.0,0.0,,7,601,0
1728,2,1,1,44,0,0.0,0.0,0.0,0.0,0.0,,2,143,0
1729,2,1,1,18,0,0.0,0.0,0.0,0.0,0.0,,3,122,1
1730,2,1,1,13,0,0.0,0.0,0.0,0.0,0.0,,3,122,1
1731,1,1,1,49,0,0.0,0.0,0.0,0.0,0.0,,7,602,0
1732,1,0,1,8,0,0.0,0.0,0.0,0.0,0.0,,7,602,0
1733,1,0,1,22,0,0.0,522.0,130.0,59.0,0.0,,6,695,0
1734,2,0,3,32,0,0.0,9596.0,36.0,364.0,2.0,,5,248,0
1735,3,0,1,28,0,1110.0,766.0,0.0,0.0,0.0,,6,698,0
1736,1,1,3,56,0,0.0,0.0,0.0,0.0,0.0,,7,599,1
1737,3,0,3,18,0,1757.0,0.0,174.90603284902085,0.0,0.0,,6,764,1
1738,3,1,1,27,0,0.0,0.0,0.0,0.0,0.0,,6,765,1
1739,1,0,1,46,0,0.0,1.0,18.0,770.0,0.0,,5,219,1
1740,1,0,1,18,0,0.0,0.0,63.0,0.0,677.0,,6,766,1
1741,2,1,1,30,0,0.0,0.0,0.0,0.0,0.0,,4,125,1
1742,2,0,3,35,0,2439.0,5172.0,0.0,43.0,17.0,,4,125,1
1743,2,1,1,48,0,0.0,0.0,0.0,0.0,0.0,,4,125,1
1744,1,1,3,33,0,0.0,0.0,0.0,0.0,0.0,,7,605,0
1745,1,1,3,0,0,0.0,0.0,0.0,0.0,0.0,,6,82,0
1746,1,1,3,11,0,0.0,0.0,0.0,0.0,0.0,,7,606,0
1747,1,1,1,0,0,0.0,0.0,0.0,0.0,0.0,,7,606,0
1748,1,0,1,14,0,0.0,853.0,0.0,11.0,0.0,,6,701,0
1749,1,1,2,9,0,0.0,0.0,0.0,0.0,0.0,,7,606,0
1750,1,0,1,37,0,186.0,0.0,16.0,584.0,0.0,,7,607,0
1751,1,1,1,30,0,0.0,0.0,0.0,0.0,0.0,,7,607,0
1752,3,1,1,21,0,0.0,0.0,0.0,0.0,0.0,,6,703,0
1753,3,1,1,32,0,0.0,0.0,0.0,0.0,0.0,,6,705,0
1754,3,0,1,4,0,0.0,0.0,0.0,0.0,0.0,,6,705,0
1755,3,1,1,19,0,0.0,0.0,0.0,0.0,0.0,,6,705,0
1756,3,0,1,25,1,2751.0,0.0,354.0,0.0,68.0,,4,117,0
1757,1,0,1,34,0,281.0,0.0,352.0,8.0,243.0,,7,608,0
1758,1,0,1,19,0,7.0,568.0,17.0,54.0,1.0,,6,771,1
1759,1,1,2,18,0,0.0,0.0,0.0,0.0,0.0,,7,610,0
1760,1,0,2,23,0,0.0,0.0,0.0,37.0,463.0,,7,611,0
1761,3,1,1,53,0,0.0,0.0,0.0,0.0,0.0,,6,82,0
1762,1,1,2,13,0,0.0,0.0,0.0,0.0,0.0,,7,613,0
1763,1,0,1,20,0,0.0,1476.0,2.0,0.0,2.0,,6,773,1
1764,1,0,1,34,0,529.0,22.0,1.0,0.0,251.0,,6,706,0
1765,1,0,1,18,0,388.0,0.0,631.0,1.0,4.0,,7,609,1
1766,1,0,1,0,0,0.0,0.0,0.0,0.0,306.7894819713431,,7,609,1
1767,1,1,1,35,0,0.0,0.0,0.0,0.0,0.0,,7,609,1
1768,1,1,1,0,0,0.0,0.0,0.0,0.0,0.0,,7,609,1
1769,1,0,1,62,0,355.0,0.0,869.0,0.0,74.0,,5,250,0
1770,1,0,3,15,0,0.0,0.0,0.0,718.0,0.0,,6,708,0
1771,1,1,1,28,0,0.0,0.0,0.0,0.0,0.0,,7,614,1
1772,1,1,1,5,0,0.0,0.0,0.0,0.0,0.0,,7,614,1
1773,2,1,1,22,0,0.0,0.0,0.0,0.0,0.0,,4,126,1
1774,2,1,1,14,0,0.0,0.0,0.0,0.0,0.0,,4,126,1
1775,3,1,3,43,0,0.0,0.0,0.0,0.0,0.0,,6,715,0
1776,3,0,1,24,0,801.0,451.96167494677076,1275.0,0.0,0.0,,5,223,1
1777,3,0,1,65,0,5900.0,0.0,17.0,0.0,0.0,,6,779,1
1778,2,0,1,44,0,0.0,1440.0,64.0,6289.0,0.0,,3,135,0
1779,1,1,1,50,0,0.0,0.0,0.0,0.0,0.0,,7,621,0
1780,1,1,2,15,0,0.0,0.0,0.0,0.0,0.0,,7,621,1
1781,1,0,1,18,0,222.89785157787045,17.0,663.0,0.0,108.0,,5,224,1
1782,2,0,3,41,0,0.0,3306.0,0.0,143.0,2334.0,,3,124,1
1783,1,0,1,21,0,136.0,0.0,3.0,0.0,1206.0,,6,781,1
1784,1,1,2,16,0,0.0,0.0,0.0,0.0,0.0,,7,623,1
1785,1,0,1,21,0,0.0,1059.0,14.0,79.0,0.0,,6,785,1
1786,1,0,1,29,0,0.0,18.0,0.0,851.0,60.0,,7,624,1
1787,1,0,1,19,0,0.0,0.0,0.0,0.0,0.0,,7,624,1
1788,1,1,1,18,0,0.0,0.0,0.0,0.0,0.0,,7,625,1
1789,1,0,3,25,0,7.0,0.0,87.0,0.0,678.0,,6,789,1
1790,1,0,1,45,0,438.0,294.0,42.0,0.0,133.0,,7,626,1
1791,1,0,3,32,0,0.0,532.0,103.0,762.0,3.0,,6,720,0
1792,2,0,1,33,0,4.0,6733.0,0.0,14.0,19.0,,2,123,1
1793,2,0,1,28,0,4069.0,74.0,0.0,750.0,25.0,,2,123,1
1794,2,0,3,24,0,0.0,0.0,0.0,0.0,0.0,,2,123,1
1795,1,0,3,29,0,1.0,351.0,0.0,283.0,0.0,,5,254,0
1796,1,0,1,24,0,0.0,734.0,0.0,2.0,2.0,,6,721,0
1797,3,1,3,22,0,0.0,0.0,0.0,0.0,0.0,,6,722,0
1798,1,1,2,18,0,0.0,0.0,0.0,0.0,0.0,,7,628,0
1799,1,0,1,16,0,28.0,240.0,0.0,0.0,1170.0,,7,628,1
1800,1,0,1,17,0,0.0,0.0,174.90603284902085,0.0,2604.0,,6,792,1
1801,1,0,1,18,0,1.0,648.0,0.0,0.0,0.0,,6,724,0
1802,2,0,3,25,0,0.0,215.0,1583.0,541.0,104.0,,3,125,1
1803,2,0,3,46,0,222.89785157787045,6669.0,233.0,90.0,92.0,,3,125,1
1804,1,0,1,36,0,0.0,612.0,7.0,0.0,8.0,,7,629,1
1805,3,1,2,62,0,0.0,0.0,0.0,0.0,0.0,,5,229,1
1806,2,1,1,48,0,0.0,0.0,0.0,0.0,0.0,,5,231,1
1807,2,1,1,16,0,0.0,0.0,0.0,0.0,0.0,,5,231,1
1808,2,0,1,27,0,0.0,1536.0,0.0,45.0,3104.0,,5,231,1
1809,2,0,1,52,0,0.0,2583.0,0.0,537.0,2722.0,,5,231,1
1810,3,1,1,25,0,0.0,0.0,0.0,0.0,0.0,,6,727,0
1811,3,0,3,13,0,4.0,451.96167494677076,3129.0,0.0,0.0,,4,130,1
1812,3,0,1,35,0,443.0,0.0,345.0,601.0,0.0,,6,728,0
1813,1,0,1,20,0,0.0,122.0,320.0,56.0,217.0,,6,730,0
1814,1,1,2,42,0,0.0,0.0,0.0,0.0,0.0,,7,629,0
1815,3,1,1,50,0,0.0,0.0,0.0,0.0,0.0,,5,257,0
1816,2,1,1,66,0,0.0,0.0,0.0,308.4769036733407,0.0,,3,138,0
1817,2,0,1,31,0,0.0,1249.0,0.0,308.4769036733407,959.0,,3,138,0
1818,2,1,3,37,0,0.0,0.0,0.0,0.0,0.0,,3,138,0
1819,1,0,1,72,0,3.0,140.0,0.0,1.0,1004.0,,6,732,0
1820,3,0,3,30,0,1479.0,0.0,772.0,541.0,306.7894819713431,,4,126,0
1821,1,0,1,29,0,0.0,223.0,569.0,0.0,0.0,,5,259,0
1822,1,0,3,21,0,620.0,190.0,0.0,0.0,0.0,,7,632,0
1823,3,1,3,33,0,0.0,0.0,0.0,0.0,0.0,,4,131,1
1824,2,0,1,28,0,0.0,182.0,0.0,991.0,1297.0,,1,33,1
1825,1,0,1,41,0,0.0,125.0,0.0,0.0,1397.0,,6,733,0
1826,2,0,3,44,0,0.0,7271.0,0.0,14.0,0.0,,3,128,1
1827,2,0,1,45,0,0.0,2400.0,1.0,1675.0,3.0,,3,139,0
1828,2,0,3,61,0,0.0,2234.0,0.0,16.0,2019.0,,3,139,0
1829,1,0,1,21,0,24.0,778.0,0.0,6.0,0.0,,7,635,0
1830,1,1,1,25,0,0.0,0.0,0.0,0.0,0.0,,7,634,1
1831,1,0,1,38,0,1542.0,0.0,9.0,0.0,1.0,,6,802,1
1832,3,0,1,68,0,2466.0,0.0,205.0,0.0,0.0,,6,734,0
1833,3,0,3,0,0,0.0,0.0,0.0,0.0,306.7894819713431,,6,734,0
1834,3,0,1,21,0,1380.0,0.0,27.0,0.0,15.0,,6,734,0
1835,1,0,1,55,0,0.0,0.0,0.0,6.0,788.0,,5,235,1
1836,1,0,1,60,0,321.0,12.0,2081.0,0.0,0.0,,6,803,1
1837,3,1,1,19,0,0.0,0.0,0.0,0.0,0.0,,4,127,0
1838,1,1,2,17,0,0.0,0.0,0.0,0.0,0.0,,7,638,0
1839,1,0,1,16,0,26.0,226.0,0.0,4146.0,8.0,,7,637,1
1840,1,0,1,29,0,247.0,0.0,10.0,37.0,409.0,,6,805,1
1841,1,0,1,29,0,134.0,817.0,504.0,122.0,0.0,,5,236,1
1842,1,0,1,0,0,0.0,0.0,0.0,0.0,0.0,,7,638,1
1843,1,1,2,15,0,0.0,0.0,0.0,0.0,0.0,,7,639,1
1844,1,0,1,27,0,578.0,451.96167494677076,174.90603284902085,286.0,0.0,,5,261,0
1845,1,0,1,24,0,222.89785157787045,0.0,0.0,11.0,897.0,,7,640,1
1846,1,0,3,14,0,0.0,105.0,13.0,14.0,534.0,,6,807,1
1847,3,0,1,17,0,5862.0,0.0,15.0,39.0,0.0,,6,809,1
1848,3,0,1,37,0,1039.0,0.0,887.0,210.0,86.0,,6,809,1
1849,1,0,3,23,0,0.0,0.0,693.0,0.0,0.0,,6,739,0
1850,3,1,1,17,0,0.0,0.0,0.0,0.0,0.0,,6,741,0
1851,3,0,1,33,0,16.0,796.0,130.0,356.0,0.0,,5,266,0
1852,1,0,1,30,0,0.0,4.0,879.0,0.0,0.0,,7,646,0
1853,1,1,1,20,0,0.0,0.0,0.0,0.0,0.0,,7,646,0
1854,1,0,1,28,0,715.0,451.96167494677076,0.0,81.0,7.0,,6,744,0
1855,1,0,1,25,0,614.0,230.0,0.0,35.0,0.0,,6,813,1
1856,1,0,1,19,0,3.0,52.0,0.0,12.0,649.0,,6,815,1
1857,1,1,1,31,0,0.0,0.0,0.0,0.0,0.0,,7,645,1
1858,1,0,1,23,0,174.0,467.0,3.0,0.0,0.0,,6,816,1
1859,1,1,1,29,0,0.0,0.0,0.0,0.0,0.0,,6,82,0
1860,1,0,1,20,0,610.0,451.96167494677076,249.0,0.0,0.0,,7,651,0
1861,1,0,1,26,0,0.0,0.0,0.0,745.0,0.0,,6,750,0
1862,2,1,3,26,0,0.0,0.0,0.0,0.0,0.0,,4,133,1
1863,1,0,2,51,0,292.0,215.0,46.0,26.0,92.0,,6,753,0
1864,3,0,1,28,0,15.0,0.0,654.0,65.0,1.0,,6,754,0
1865,1,0,1,17,0,59.0,154.0,0.0,177.0,6495.0,,7,652,1
1866,1,0,1,22,0,23.0,22.0,3.0,0.0,1078.0,,6,821,1
1867,1,0,1,31,0,574.0,288.0,4.0,0.0,42.0,,7,653,0
1868,1,1,1,2,0,0.0,0.0,0.0,0.0,0.0,,7,655,0
1869,1,1,3,0,0,0.0,0.0,0.0,0.0,0.0,,7,655,0
1870,1,0,1,3,0,0.0,451.96167494677076,0.0,0.0,0.0,,7,655,0
1871,1,0,2,28,0,0.0,632.0,48.0,0.0,2.0,,5,267,0
1872,1,1,3,21,0,0.0,0.0,0.0,0.0,0.0,,7,656,0
1873,1,0,1,15,0,854.0,22.0,0.0,0.0,654.0,,6,824,1
1874,1,0,1,18,0,48.0,0.0,30.0,519.0,92.0,,6,828,1
1875,2,0,3,52,0,0.0,10.0,0.0,178.0,2195.0,,1,34,1
1876,2,0,3,49,0,0.0,3227.0,0.0,503.0,123.0,,1,45,0
1877,2,0,3,42,0,0.0,7000.0,8251.0,1523.0,0.0,,2,153,0
1878,2,1,1,28,0,0.0,0.0,0.0,0.0,0.0,,2,153,0
1879,3,1,1,31,0,0.0,0.0,0.0,0.0,0.0,,6,831,1
1880,3,0,1,19,0,172.0,1.0,545.0,236.0,0.0,,5,244,1
1881,2,0,3,41,0,0.0,20229.0,52.0,50.0,2944.0,,3,130,1
1882,1,0,1,31,0,0.0,0.0,2089.0,0.0,1.0,,6,834,1
1883,1,0,1,13,0,0.0,0.0,888.0,0.0,1.0,,7,660,1
1884,3,1,1,35,0,0.0,0.0,0.0,0.0,0.0,,6,763,0
1885,1,1,1,29,0,0.0,0.0,0.0,0.0,0.0,,7,665,0
1886,3,0,1,0,0,0.0,0.0,0.0,0.0,0.0,,6,835,1
1887,3,1,1,19,0,0.0,0.0,0.0,0.0,0.0,,6,835,1
1888,3,0,1,28,0,0.0,0.0,0.0,0.0,0.0,,6,835,1
1889,1,1,1,19,0,0.0,0.0,0.0,0.0,0.0,,7,667,0
1890,1,0,1,26,0,6.0,5903.0,0.0,240.0,72.0,,4,136,1
1891,2,1,1,47,0,0.0,0.0,0.0,0.0,0.0,,4,137,1
1892,2,0,1,29,0,0.0,6901.0,232.0,2.0,0.0,,4,137,1
1893,2,0,1,46,0,793.0,830.0,60.0,644.0,0.0,,4,137,1
1894,1,0,1,18,0,0.0,0.0,37.0,621.0,1.0,,5,249,1
1895,3,0,1,33,0,268.0,0.0,1746.0,0.0,663.0,,6,837,1
1896,2,0,3,20,0,0.0,0.0,0.0,0.0,0.0,,4,138,1
1897,2,0,1,37,0,0.0,2288.0,0.0,1424.0,1568.0,,4,138,1
1898,1,0,3,35,0,180.0,16954.0,171.0,6251.0,8255.0,,3,132,1
1899,1,0,1,25,0,0.0,583.0,0.0,8.0,36.0,,7,666,1
1900,2,1,1,22,0,0.0,0.0,0.0,0.0,0.0,,2,156,0
1901,2,1,3,47,0,0.0,0.0,0.0,308.4769036733407,0.0,,2,156,0
1902,2,0,3,31,0,0.0,4734.0,0.0,1396.0,136.0,,2,156,0
1903,1,0,1,27,0,0.0,0.0,2.0,781.0,91.0,,6,769,0
1904,1,1,1,47,0,0.0,0.0,0.0,0.0,0.0,,7,672,0
1905,1,0,1,46,0,1.0,7.0,24.0,286.0,372.0,,6,770,0
1906,2,0,3,47,0,0.0,375.0,1.0,2284.0,2821.0,,5,251,1
1907,1,0,1,40,0,0.0,749.0,134.0,0.0,0.0,,7,669,1
1908,1,0,1,39,0,0.0,164.0,174.90603284902085,372.0,91.0,,7,673,0
1909,1,1,1,39,0,0.0,451.96167494677076,0.0,0.0,0.0,,7,673,0
1910,1,0,1,35,0,0.0,701.0,0.0,8.0,0.0,,7,673,0
1911,1,0,3,43,0,29.0,677.0,0.0,1.0,9.0,,6,840,1
1912,1,0,1,38,0,4.0,876.0,3.0,0.0,4.0,,7,674,0
1913,1,1,2,31,0,0.0,0.0,0.0,0.0,0.0,,7,670,1
1914,2,0,1,20,0,0.0,86.0,71.0,4695.0,16.0,,2,157,0
1915,2,0,3,44,0,1247.0,583.0,0.0,7068.0,132.0,,2,157,0
1916,2,0,3,25,0,3.0,6315.0,103.0,90.0,0.0,,6,82,0
1917,1,0,1,25,0,0.0,0.0,759.0,5.0,24.0,,5,254,1
1918,1,1,3,20,0,0.0,0.0,174.90603284902085,0.0,0.0,,7,677,0
1919,3,0,1,33,0,634.0,0.0,611.0,44.0,0.0,,6,844,1
1920,3,0,2,58,0,21.0,2.0,461.0,744.0,5.0,,6,775,0
1921,1,0,1,23,0,0.0,896.0,0.0,308.4769036733407,47.0,,6,776,0
1922,2,0,1,35,0,310.0,9058.0,0.0,12437.0,37.0,,2,159,0
1923,1,0,1,13,0,0.0,16.0,1353.0,44.0,206.0,,5,271,0
1924,1,0,1,21,0,1074.0,145.0,0.0,309.0,80.0,,5,256,1
1925,1,1,2,20,0,0.0,451.96167494677076,0.0,0.0,0.0,,7,676,1
1926,1,0,1,15,0,25.0,0.0,0.0,5.0,3295.0,,6,845,1
1927,3,1,1,48,0,0.0,0.0,0.0,0.0,0.0,,6,848,1
1928,3,1,1,58,0,0.0,0.0,0.0,0.0,0.0,,6,848,1
1929,2,1,3,25,0,0.0,0.0,0.0,308.4769036733407,0.0,,1,49,0
1930,2,0,1,43,0,324.0,1286.0,0.0,2347.0,342.0,,1,49,0
1931,1,0,1,53,0,43.0,0.0,0.0,3.0,3081.0,,6,779,0
1932,1,0,3,13,0,1041.0,0.0,105.0,24.0,0.0,,6,850,1
1933,1,0,1,8,0,0.0,0.0,0.0,0.0,0.0,,7,680,1
1934,1,1,1,53,0,0.0,0.0,0.0,0.0,0.0,,7,681,1
1935,1,0,1,22,0,351.0,436.0,4.0,0.0,0.0,,5,272,0
1936,2,1,3,31,0,0.0,0.0,0.0,0.0,0.0,,2,160,0
1937,1,0,1,28,0,97.0,1053.0,36.0,308.4769036733407,271.0,,6,854,1
1938,1,0,1,22,0,0.0,713.0,1.0,0.0,7.0,,7,681,0
1939,1,1,1,27,0,0.0,0.0,0.0,0.0,0.0,,7,682,0
1940,2,1,1,29,0,0.0,0.0,0.0,0.0,0.0,,2,131,1
1941,2,1,1,42,0,0.0,0.0,0.0,0.0,0.0,,2,162,0
1942,2,0,3,42,0,0.0,237.0,0.0,804.0,5883.0,,3,150,0
1943,1,0,1,33,0,137.0,0.0,0.0,926.0,0.0,,6,785,0
1944,2,0,1,32,1,0.0,10163.0,97.0,0.0,89.0,,4,134,0
1945,1,0,3,42,0,310.0,466.0,95.0,38.0,0.0,,7,689,1
1946,1,1,2,22,0,0.0,0.0,0.0,0.0,0.0,,7,690,1
1947,1,0,3,18,0,0.0,5.0,0.0,446.0,255.0,,7,687,0
1948,2,1,1,46,0,0.0,0.0,0.0,0.0,0.0,,5,274,0
1949,1,0,1,20,0,0.0,0.0,624.0,308.4769036733407,0.0,,6,863,1
1950,1,0,1,21,0,154.0,622.0,1.0,27.0,0.0,,6,864,1
1951,3,1,1,26,0,0.0,0.0,0.0,0.0,0.0,,6,788,0
1952,3,0,1,51,0,180.0,0.0,439.0,1603.0,0.0,,6,788,0
1953,1,0,1,53,0,783.0,0.0,0.0,1847.0,0.0,,6,866,1
1954,1,0,1,29,0,1.0,0.0,0.0,308.4769036733407,36.0,,7,692,0
1955,3,0,1,25,1,1251.0,0.0,48.0,0.0,0.0,,5,265,1
1956,3,0,1,69,0,0.0,0.0,2262.0,336.0,0.0,,6,870,1
1957,2,1,1,26,0,0.0,0.0,0.0,0.0,0.0,,1,36,1
1958,2,0,1,38,0,0.0,9159.0,5.0,461.0,6366.0,,1,36,1
1959,1,1,1,37,0,0.0,0.0,174.90603284902085,0.0,0.0,,7,693,0
1960,1,0,1,14,0,8.0,0.0,361.0,346.0,0.0,,6,871,1
1961,3,0,1,36,0,1475.0,256.0,0.0,0.0,19.0,,6,792,0
1962,3,0,1,42,0,65.0,0.0,0.0,957.0,0.0,,5,276,0
1963,1,0,1,25,0,0.0,49.0,1.0,943.0,68.0,,6,793,0
1964,1,1,1,35,0,0.0,0.0,0.0,0.0,306.7894819713431,,7,694,0
1965,3,0,1,26,1,3.0,0.0,1177.0,2.0,0.0,,4,146,1
1966,3,1,1,12,0,0.0,0.0,0.0,0.0,0.0,,6,874,1
1967,1,0,1,48,0,2.0,712.0,135.0,0.0,15.0,,6,876,1
1968,1,1,1,13,0,0.0,0.0,0.0,0.0,0.0,,6,878,1
1969,1,0,1,21,0,0.0,0.0,0.0,619.0,42.0,,6,878,1
1970,1,0,1,26,0,1086.0,463.0,140.0,0.0,8.0,,7,694,1
1971,1,0,1,32,0,156.0,0.0,153.0,138.0,0.0,,7,694,1
1972,1,1,1,25,0,0.0,0.0,0.0,0.0,0.0,,7,695,1
1973,1,0,1,51,0,0.0,451.96167494677076,0.0,0.0,7.0,,6,882,1
1974,1,1,3,15,0,0.0,0.0,0.0,0.0,0.0,,7,699,1
1975,1,1,3,14,0,0.0,0.0,0.0,0.0,0.0,,7,699,1
1976,2,1,3,41,0,0.0,0.0,0.0,0.0,0.0,,3,153,0
1977,1,1,1,13,0,0.0,0.0,0.0,0.0,0.0,,6,798,0
1978,3,1,1,39,0,0.0,0.0,0.0,0.0,0.0,,6,798,0
1979,1,0,1,19,0,22.0,0.0,787.0,0.0,0.0,,7,701,1
1980,1,0,1,17,0,667.0,0.0,0.0,12.0,0.0,,7,702,1
1981,1,0,1,41,0,1764.0,0.0,0.0,0.0,13.0,,7,699,0
1982,1,0,3,43,0,222.89785157787045,737.0,0.0,0.0,4.0,,6,885,1
1983,1,0,3,18,0,688.0,0.0,0.0,85.0,34.0,,7,703,1
1984,1,0,1,22,0,2.0,451.96167494677076,87.0,306.0,0.0,,6,886,1
1985,2,1,3,29,0,0.0,0.0,0.0,308.4769036733407,0.0,,4,138,0
1986,1,0,1,22,0,1.0,762.0,0.0,25.0,0.0,,5,278,0
1987,3,1,1,62,0,0.0,0.0,0.0,0.0,0.0,,6,887,1
1988,3,0,1,29,0,874.0,0.0,415.0,0.0,0.0,,6,887,1
1989,1,0,1,26,0,0.0,1255.0,0.0,308.4769036733407,0.0,,6,888,1
1990,1,0,3,8,0,0.0,0.0,0.0,0.0,0.0,,7,704,1
1991,1,0,2,26,0,498.0,182.0,0.0,0.0,4.0,,6,889,1
1992,1,0,1,38,0,0.0,0.0,0.0,0.0,0.0,,7,704,1
1993,1,0,2,49,0,0.0,0.0,769.0,0.0,0.0,,7,705,1
1994,1,1,3,18,0,0.0,451.96167494677076,0.0,0.0,0.0,,7,700,0
1995,1,0,1,18,0,18.0,0.0,0.0,0.0,770.0,,5,279,0
1996,1,0,1,35,0,0.0,0.0,0.0,1061.0,2.0,,6,800,0
1997,3,0,1,34,1,430.0,0.0,619.0,0.0,0.0,,5,268,1
1998,3,1,1,11,0,0.0,0.0,0.0,0.0,0.0,,6,892,1
1999,3,1,1,28,0,0.0,0.0,0.0,0.0,0.0,,6,892,1
2000,3,0,1,22,0,525.0,439.0,19.0,305.0,0.0,,6,802,0
2001,1,0,1,18,0,0.0,0.0,0.0,794.0,0.0,,6,804,0
2002,3,1,1,36,0,0.0,0.0,0.0,0.0,0.0,,6,806,0
2003,1,1,1,17,0,0.0,0.0,0.0,0.0,0.0,,7,708,1
2004,3,0,1,25,0,517.0,30.0,100.0,1.0,400.0,,5,271,1
2005,1,0,1,29,1,168.0,0.0,881.0,0.0,0.0,,5,280,0
2006,2,0,1,25,0,0.0,0.0,0.0,0.0,0.0,,2,140,1
2007,3,1,1,34,0,0.0,0.0,0.0,0.0,0.0,,6,809,0
2008,1,1,3,16,0,0.0,0.0,0.0,0.0,0.0,,7,712,1
2009,2,1,3,28,0,0.0,0.0,0.0,0.0,0.0,,3,136,1
2010,2,0,1,29,0,0.0,82.0,542.0,1185.0,459.0,,3,136,1
2011,2,0,1,38,0,0.0,2061.0,0.0,267.0,325.0,,3,136,1
2012,2,1,3,39,0,0.0,0.0,0.0,0.0,0.0,,3,136,1
2013,1,0,2,48,0,0.0,717.0,0.0,0.0,56.0,,7,706,0
2014,1,0,1,23,0,30.0,1.0,225.0,308.4769036733407,453.0,,7,713,1
2015,1,1,1,16,0,0.0,0.0,0.0,0.0,0.0,,7,714,1
2016,1,1,1,21,0,0.0,0.0,0.0,0.0,0.0,,7,715,1
2017,1,0,1,21,0,0.0,211.0,793.0,0.0,0.0,,7,716,1
2018,1,0,1,4,0,0.0,0.0,0.0,0.0,0.0,,7,716,1
2019,3,0,1,27,0,65.0,0.0,948.0,0.0,0.0,,5,282,0
2020,1,0,1,18,0,736.0,40.0,0.0,0.0,0.0,,6,817,0
2021,1,1,1,22,0,0.0,0.0,0.0,0.0,0.0,,7,719,1
2022,1,0,1,28,0,0.0,802.0,146.0,1.0,0.0,,6,897,1
2023,1,0,1,22,0,3.0,53.0,4.0,0.0,748.0,,7,721,1
2024,2,1,2,39,0,0.0,0.0,0.0,0.0,0.0,,6,82,0
2025,1,1,1,29,0,0.0,0.0,0.0,0.0,0.0,,7,711,0
2026,1,0,2,42,0,48.0,466.0,3.0,28.0,125.0,,6,823,0
2027,1,1,1,0,0,0.0,0.0,0.0,0.0,0.0,,7,711,0
2028,2,0,1,52,0,0.0,465.0,0.0,1312.0,3521.0,,3,139,1
2029,2,0,3,26,1,0.0,7596.0,0.0,5928.0,681.0,,6,82,0
2030,1,1,1,19,0,0.0,451.96167494677076,0.0,0.0,0.0,,7,712,0
2031,1,0,1,23,0,0.0,0.0,0.0,3.0,1390.0,,6,824,0
2032,1,0,1,36,0,0.0,1084.0,0.0,66.0,0.0,,6,825,0
2033,1,0,1,26,0,0.0,0.0,47.0,531.0,871.0,,6,825,0
2034,1,0,1,62,0,0.0,775.0,0.0,9.0,13.0,,6,826,0
2035,1,0,1,28,0,0.0,0.0,606.0,122.0,39.0,,7,713,0
2036,1,1,1,25,0,0.0,451.96167494677076,0.0,0.0,0.0,,7,713,0
2037,1,0,3,0,0,0.0,0.0,0.0,0.0,0.0,,7,713,0
2038,1,0,1,24,0,0.0,0.0,59.0,744.0,0.0,,6,82,0
2039,1,0,1,49,0,1128.0,0.0,0.0,0.0,0.0,,6,828,0
2040,1,0,2,21,0,0.0,7.0,0.0,652.0,9.0,,6,829,0
2041,1,0,1,29,0,22.0,41.0,3.0,24.0,357.0,,7,718,0
2042,1,0,1,19,0,9.0,3.0,0.0,1390.0,306.7894819713431,,6,907,1
2043,1,1,3,32,0,0.0,0.0,0.0,0.0,0.0,,6,832,0
2044,3,1,1,20,0,0.0,0.0,0.0,0.0,0.0,,6,834,0
2045,1,0,1,48,0,0.0,15.0,28.0,103.0,871.0,,7,723,0
2046,1,0,1,27,0,846.0,451.96167494677076,0.0,0.0,0.0,,5,279,1
2047,1,0,1,49,0,975.0,0.0,6.0,0.0,87.0,,6,908,1
2048,1,0,1,20,0,627.0,6.0,26.0,0.0,0.0,,5,286,0
2049,1,0,2,25,0,0.0,688.0,0.0,128.0,0.0,,7,724,0
2050,1,0,1,28,0,0.0,1486.0,211.0,1038.0,0.0,,6,909,1
2051,2,0,3,73,0,69.0,774.0,0.0,4618.0,40.0,,3,161,0
2052,2,1,3,23,0,0.0,0.0,0.0,0.0,0.0,,2,173,0
2053,2,0,3,23,0,0.0,16071.0,0.0,2848.0,505.0,,2,173,0
2054,3,0,1,26,0,566.0,6.0,579.0,1508.0,0.0,,6,837,0
2055,2,0,3,48,0,0.0,0.0,0.0,0.0,0.0,,2,174,0
2056,2,0,1,28,0,0.0,2065.0,0.0,399.0,387.0,,2,174,0
2057,3,1,1,54,0,0.0,451.96167494677076,0.0,0.0,0.0,,5,289,0
2058,3,0,1,56,0,349.0,152.0,1613.0,0.0,0.0,,5,289,0
2059,2,0,3,30,1,4.0,7026.0,33.0,67.0,1544.0,,3,163,0
2060,1,0,1,24,0,0.0,600.0,174.90603284902085,0.0,0.0,,5,290,0
2061,1,0,3,23,0,222.89785157787045,0.0,445.0,226.0,47.0,,5,290,0
2062,2,1,1,57,0,0.0,0.0,0.0,0.0,0.0,,3,164,0
2063,1,0,1,28,0,0.0,0.0,1168.0,5.0,763.0,,6,915,1
2064,1,0,1,14,0,61.0,0.0,0.0,1.0,726.0,,5,280,1
2065,1,1,1,51,0,0.0,0.0,0.0,0.0,0.0,,7,731,1
2066,1,1,1,16,0,0.0,0.0,0.0,0.0,0.0,,7,732,1
2067,2,1,3,29,0,0.0,0.0,0.0,0.0,0.0,,1,39,1
2068,1,1,1,43,0,0.0,0.0,0.0,0.0,0.0,,7,729,0
2069,1,0,1,16,0,0.0,0.0,16.0,7.0,717.0,,6,840,0
2070,3,0,1,38,0,432.0,926.0,0.0,0.0,0.0,,5,293,0
2071,2,0,1,40,0,0.0,0.0,0.0,0.0,0.0,,2,147,1
2072,1,0,2,44,0,109.0,0.0,0.0,0.0,550.0,,6,842,0
2073,1,0,1,25,0,1.0,0.0,0.0,0.0,715.0,,6,843,0
2074,1,0,1,20,0,0.0,0.0,93.0,552.0,0.0,,6,844,0
2075,1,0,3,19,0,0.0,11.0,413.0,232.0,1885.0,,6,923,1
2076,2,0,1,47,0,0.0,3219.0,0.0,891.0,3641.0,,2,176,0
2077,1,1,1,21,0,0.0,0.0,0.0,0.0,0.0,,7,738,1
2078,1,0,1,15,0,1320.0,71.0,53.0,0.0,4.0,,6,925,1
2079,2,0,1,26,0,0.0,3575.0,442.0,86.0,3.0,,5,282,1
2080,2,0,1,50,1,0.0,1260.0,0.0,274.0,3129.0,,3,141,1
2081,1,0,1,19,0,0.0,667.0,0.0,0.0,34.0,,6,927,1
2082,1,0,1,28,0,1.0,0.0,1444.0,9.0,122.0,,6,928,1
2083,1,0,1,18,0,140.0,1.0,0.0,0.0,643.0,,7,741,1
2084,1,1,1,0,0,0.0,0.0,0.0,0.0,0.0,,7,737,0
2085,1,1,1,34,0,0.0,0.0,0.0,0.0,0.0,,7,737,0
2086,1,0,1,25,0,3.0,0.0,0.0,613.0,128.0,,7,737,0
2087,1,0,3,8,0,0.0,0.0,0.0,0.0,0.0,,7,737,0
2088,1,1,1,0,0,0.0,0.0,0.0,0.0,0.0,,7,737,0
2089,1,0,3,6,0,0.0,0.0,0.0,0.0,0.0,,7,737,0
2090,2,0,3,27,0,0.0,2817.0,0.0,415.0,4111.0,,1,56,0
2091,1,0,1,32,0,222.89785157787045,0.0,996.0,1.0,0.0,,5,284,1
2092,1,0,1,63,0,0.0,0.0,0.0,0.0,1020.0,,6,931,1
2093,3,0,2,36,0,7.0,818.0,913.0,21.0,0.0,,6,932,1
2094,2,0,3,33,0,5.0,2799.0,0.0,3439.0,6.0,,1,41,1
2095,1,1,1,28,0,0.0,0.0,0.0,0.0,0.0,,7,741,0
2096,2,0,3,43,0,395.0,47.0,0.0,1067.0,1420.0,,5,285,1
2097,1,0,1,23,0,808.0,2.0,0.0,33.0,0.0,,7,742,0
2098,2,1,1,22,0,0.0,0.0,0.0,0.0,0.0,,2,179,0
2099,2,0,3,56,0,0.0,3216.0,0.0,31.0,68.0,,3,166,0
2100,2,0,1,25,0,0.0,11963.0,0.0,986.0,592.0,,3,166,0
2101,2,1,3,28,0,0.0,0.0,0.0,0.0,0.0,,3,166,0
2102,2,1,1,44,0,0.0,0.0,0.0,308.4769036733407,0.0,,3,166,0
2103,1,0,1,20,0,0.0,32.0,0.0,1495.0,0.0,,6,938,1
2104,3,0,1,17,0,1214.0,0.0,1365.0,0.0,0.0,,4,145,0
2105,1,0,1,18,0,137.0,21.0,174.90603284902085,30.0,638.0,,6,855,0
2106,1,0,1,15,0,0.0,13.0,7.0,0.0,1109.0,,6,859,0
2107,1,1,1,23,0,0.0,0.0,0.0,0.0,0.0,,7,747,0
2108,1,0,1,27,0,0.0,875.0,0.0,7.0,0.0,,7,748,0
2109,1,0,1,10,0,0.0,0.0,0.0,0.0,0.0,,7,748,0
2110,1,0,1,10,0,0.0,0.0,0.0,0.0,0.0,,7,748,0
2111,1,1,3,0,0,0.0,0.0,0.0,0.0,0.0,,7,748,0
2112,1,1,1,16,0,0.0,0.0,0.0,0.0,0.0,,7,748,0
2113,1,0,1,48,0,0.0,0.0,818.0,65.0,1.0,,7,748,0
2114,1,0,1,7,0,0.0,0.0,0.0,0.0,0.0,,7,748,0
2115,3,1,1,50,0,0.0,0.0,0.0,0.0,0.0,,6,861,0
2116,3,1,1,5,0,0.0,0.0,0.0,0.0,0.0,,6,861,0
2117,3,0,1,50,0,953.0,1628.0,1184.0,0.0,1.0,,4,146,0
2118,1,0,1,35,0,518.0,1.0,344.0,1.0,23.0,,7,749,0
2119,1,0,1,23,0,208.0,0.0,3.0,0.0,434.0,,6,944,1
2120,3,0,1,28,0,122.0,451.96167494677076,219.0,18.0,0.0,,4,152,1
2121,1,0,1,20,0,57.0,177.0,0.0,0.0,539.0,,7,747,1
2122,3,0,1,47,0,1294.0,0.0,5.0,0.0,0.0,,5,288,1
2123,1,1,1,26,0,0.0,0.0,0.0,0.0,0.0,,7,752,0
2124,1,1,2,17,0,0.0,0.0,0.0,0.0,0.0,,7,749,1
2125,1,1,1,43,0,0.0,0.0,0.0,0.0,0.0,,7,749,1
2126,1,0,1,37,0,1394.0,127.0,7.0,0.0,0.0,,6,863,0
2127,3,0,1,25,0,104.0,0.0,780.0,165.0,0.0,,4,153,1
2128,3,0,3,26,0,981.0,0.0,20.0,5.0,0.0,,4,153,1
2129,1,0,1,23,0,0.0,0.0,0.0,419.0,306.7894819713431,,7,756,0
2130,3,0,1,46,1,537.0,0.0,768.0,3.0,0.0,,6,946,1
2131,1,0,1,23,0,3.0,0.0,3091.0,89.0,0.0,,6,867,0
2132,2,1,3,26,0,0.0,0.0,0.0,0.0,0.0,,3,174,0
2133,2,0,1,27,0,1218.0,236.0,0.0,1678.0,0.0,,3,174,0
2134,1,0,1,18,0,0.0,0.0,12.0,308.4769036733407,1421.0,,7,758,0
2135,1,0,1,63,0,0.0,0.0,421.0,341.0,2.0,,6,869,0
2136,1,1,2,2,0,0.0,0.0,0.0,0.0,0.0,,6,82,0
2137,2,0,1,0,0,0.0,0.0,0.0,0.0,0.0,,3,177,0
2138,2,0,1,0,0,0.0,0.0,0.0,0.0,0.0,,3,177,0
2139,2,0,3,37,0,3675.0,451.96167494677076,0.0,5482.0,1535.0,,3,177,0
2140,2,0,3,18,0,2195.0,2515.0,140.0,4072.0,345.0,,3,177,0
2141,1,1,1,33,0,0.0,0.0,0.0,0.0,0.0,,3,177,0
2142,2,0,1,31,0,0.0,0.0,0.0,0.0,0.0,,3,177,0
2143,1,1,1,34,0,0.0,0.0,0.0,0.0,0.0,,7,761,0
2144,1,0,1,18,0,0.0,1020.0,393.0,20.0,0.0,,7,764,0
2145,3,0,1,20,0,64.0,0.0,1214.0,523.0,0.0,,4,154,1
2146,2,1,1,37,0,0.0,0.0,0.0,0.0,0.0,,2,185,0
2147,2,0,1,30,0,0.0,2506.0,0.0,419.0,528.0,,5,292,1
2148,3,0,1,7,0,0.0,0.0,0.0,0.0,0.0,,6,949,1
2149,3,0,1,32,0,0.0,0.0,0.0,0.0,0.0,,6,949,1
2150,1,0,1,68,0,0.0,0.0,0.0,0.0,0.0,,6,949,1
2151,3,0,1,0,0,0.0,0.0,0.0,0.0,0.0,,6,949,1
2152,1,0,1,23,0,355.0,0.0,0.0,1035.0,0.0,,6,877,0
2153,2,0,3,38,0,5333.0,6602.0,174.90603284902085,234.0,0.0,,3,149,1
2154,2,0,1,26,0,0.0,439.0,4460.0,2525.0,11225.0,,3,149,1
2155,2,0,3,29,0,55.0,2699.0,0.0,8096.0,198.0,,2,155,1
2156,1,0,1,43,0,0.0,0.0,0.0,0.0,0.0,,7,767,0
2157,3,1,1,38,0,0.0,0.0,0.0,0.0,0.0,,6,953,1
2158,3,0,1,25,0,247.0,0.0,1062.0,0.0,0.0,,6,953,1
2159,3,1,1,18,0,0.0,0.0,0.0,0.0,0.0,,6,879,0
2160,1,0,1,23,0,6.0,0.0,1.0,783.0,18.0,,7,761,1
2161,1,0,1,26,0,755.0,0.0,109.0,0.0,0.0,,6,880,0
2162,2,0,1,45,0,413.0,835.0,1741.0,0.0,8443.0,,3,183,0
2163,3,1,1,25,0,0.0,0.0,0.0,0.0,0.0,,6,884,0
2164,3,1,3,16,0,0.0,0.0,0.0,0.0,0.0,,6,954,1
2165,2,1,3,25,0,0.0,0.0,0.0,0.0,0.0,,2,157,1
2166,2,0,3,11,0,0.0,0.0,0.0,0.0,0.0,,2,187,0
2167,2,1,3,22,0,0.0,0.0,0.0,0.0,0.0,,2,187,0
2168,2,1,1,38,0,222.89785157787045,0.0,0.0,0.0,0.0,,2,187,0
2169,2,1,1,25,0,0.0,0.0,174.90603284902085,0.0,0.0,,2,187,0
2170,1,1,2,17,0,0.0,0.0,0.0,0.0,0.0,,7,770,0
2171,1,0,1,20,0,416.0,205.0,0.0,0.0,0.0,,7,770,0
2172,2,1,1,24,0,0.0,0.0,0.0,0.0,0.0,,3,184,0
2173,2,1,3,37,0,0.0,0.0,0.0,0.0,0.0,,3,184,0
2174,2,0,1,32,0,0.0,451.96167494677076,0.0,8.0,19.0,,3,185,0
2175,2,0,1,32,0,10.0,924.0,0.0,56.0,2991.0,,3,185,0
2176,1,0,1,20,0,0.0,163.0,0.0,1279.0,0.0,,6,956,1
2177,1,0,1,50,0,222.89785157787045,0.0,0.0,308.4769036733407,0.0,,7,763,1
2178,2,0,1,33,0,0.0,0.0,0.0,0.0,0.0,,2,188,0
2179,1,0,1,47,0,6.0,328.0,0.0,0.0,382.0,,6,886,0
2180,2,1,3,49,0,0.0,0.0,0.0,0.0,0.0,,3,186,0
2181,1,0,1,20,0,827.0,0.0,0.0,0.0,0.0,,6,960,1
2182,2,1,1,26,0,0.0,0.0,0.0,0.0,0.0,,4,157,1
2183,1,0,1,24,0,617.0,9.0,83.0,0.0,0.0,,7,772,0
2184,1,0,1,11,0,0.0,0.0,0.0,0.0,0.0,,7,772,0
2185,3,0,1,47,0,704.0,12.0,11.0,0.0,1638.0,,6,890,0
2186,1,1,1,22,0,0.0,0.0,0.0,0.0,0.0,,7,768,1
2187,3,0,1,35,0,1734.0,0.0,365.0,0.0,0.0,,5,295,1
2188,3,0,3,25,0,854.0,0.0,596.0,0.0,0.0,,6,891,0
2189,3,1,1,33,0,0.0,0.0,0.0,0.0,0.0,,6,892,0
2190,1,0,1,20,0,0.0,40.0,9.0,120.0,622.0,,5,296,1
2191,1,1,1,16,0,0.0,0.0,174.90603284902085,0.0,0.0,,7,774,0
2192,3,0,1,29,0,1071.0,27.0,58.0,0.0,0.0,,6,894,0
2193,1,1,1,16,0,0.0,0.0,0.0,0.0,0.0,,7,769,1
2194,2,1,1,43,0,0.0,0.0,0.0,0.0,0.0,,4,148,0
2195,2,0,1,33,0,0.0,1376.0,26.0,159.0,1649.0,,4,148,0
2196,1,0,1,16,0,262.0,0.0,1.0,825.0,0.0,,6,962,1
2197,1,0,1,22,0,390.0,98.0,0.0,278.0,39.0,,6,963,1
2198,1,0,3,18,0,5.0,526.0,0.0,0.0,122.0,,6,898,0
2199,1,1,3,36,0,0.0,0.0,0.0,0.0,0.0,,7,770,1
2200,1,1,1,17,0,0.0,0.0,0.0,0.0,0.0,,7,770,1
2201,1,0,1,34,0,0.0,919.0,0.0,0.0,51.0,,6,967,1
2202,1,1,1,1,0,0.0,0.0,0.0,0.0,0.0,,7,771,1
2203,3,1,1,24,0,0.0,0.0,0.0,0.0,0.0,,6,899,0
2204,1,0,1,20,0,43.0,443.0,642.0,0.0,0.0,,6,970,1
2205,2,0,1,56,0,0.0,2345.0,39.0,338.0,452.0,,4,158,1
2206,2,1,1,26,0,0.0,0.0,0.0,0.0,0.0,,4,158,1
2207,1,0,1,35,0,0.0,579.0,132.0,0.0,0.0,,6,901,0
2208,3,0,3,3,0,0.0,0.0,0.0,0.0,0.0,,6,973,1
2209,3,0,1,23,0,0.0,0.0,0.0,0.0,0.0,,5,297,1
2210,3,1,1,19,0,0.0,0.0,0.0,0.0,0.0,,6,973,1
2211,3,0,1,0,0,0.0,0.0,0.0,0.0,0.0,,6,973,1
2212,1,0,1,30,0,8.0,18.0,0.0,0.0,1779.0,,7,772,1
2213,1,0,1,50,0,0.0,0.0,9.0,819.0,0.0,,6,902,0
2214,3,1,1,15,0,0.0,0.0,0.0,0.0,0.0,,5,298,1
2215,3,0,1,19,0,794.0,0.0,2.0,0.0,191.0,,6,976,1
2216,3,0,1,28,0,32.0,1017.0,1.0,0.0,755.0,,6,976,1
2217,3,0,1,35,0,611.0,0.0,409.0,0.0,20.0,,6,976,1
2218,1,0,1,45,0,0.0,0.0,61.0,199.0,514.0,,7,784,0
2219,1,1,1,0,0,0.0,0.0,0.0,0.0,0.0,,7,774,1
2220,1,0,2,74,0,568.0,17.0,0.0,308.4769036733407,1.0,,7,774,1
2221,1,1,3,24,0,0.0,0.0,0.0,0.0,0.0,,6,82,0
2222,3,0,1,39,0,1.0,0.0,1048.0,0.0,0.0,,5,312,0
2223,1,0,1,18,0,4.0,13.0,0.0,1784.0,137.0,,6,978,1
2224,1,1,2,39,0,0.0,0.0,0.0,0.0,0.0,,7,787,0
2225,2,1,1,33,0,0.0,0.0,0.0,0.0,0.0,,5,300,1
2226,1,0,2,21,0,101.0,451.96167494677076,71.0,17.0,279.0,,6,908,0
2227,2,0,1,35,0,0.0,6607.0,0.0,706.0,363.0,,2,190,0
2228,2,0,3,66,0,165.0,1329.0,0.0,230.0,7749.0,,2,190,0
2229,1,0,1,14,0,14.0,0.0,135.0,0.0,818.0,,6,909,0
2230,3,0,1,20,0,71.0,2.0,2121.0,0.0,0.0,,4,151,0
2231,3,1,1,18,0,0.0,0.0,0.0,0.0,0.0,,6,910,0
2232,2,0,1,36,0,0.0,2313.0,12.0,194.0,10.0,,5,313,0
2233,2,0,3,27,1,0.0,273.0,0.0,2597.0,4093.0,,1,59,0
2234,2,0,1,51,0,0.0,2387.0,174.90603284902085,1866.0,54.0,,2,191,0
2235,1,1,1,18,0,0.0,0.0,0.0,0.0,0.0,,7,790,0
2236,1,0,1,46,0,2.0,90.0,0.0,1351.0,0.0,,6,985,1
2237,3,0,1,67,0,1365.0,0.0,1296.0,9.0,0.0,,6,914,0
2238,1,0,1,24,0,207.0,0.0,62.0,0.0,452.0,,7,779,1
2239,1,0,2,35,0,222.89785157787045,607.0,0.0,0.0,1145.0,,7,779,1
2240,1,0,1,14,0,40.0,0.0,497.0,0.0,285.0,,6,916,0
2241,3,1,1,22,0,0.0,0.0,0.0,0.0,0.0,,6,987,1
2242,1,1,2,20,0,0.0,0.0,0.0,0.0,0.0,,7,780,1
2243,3,1,1,23,0,0.0,0.0,0.0,0.0,0.0,,6,919,0
2244,1,1,2,23,0,0.0,0.0,0.0,0.0,0.0,,7,781,1
2245,1,1,1,21,0,0.0,0.0,174.90603284902085,0.0,0.0,,7,781,1
2246,3,0,1,36,0,3341.0,0.0,558.0,0.0,0.0,,4,159,1
2247,1,1,1,19,0,0.0,0.0,0.0,0.0,0.0,,7,793,0
2248,1,0,2,22,0,0.0,0.0,292.0,261.0,0.0,,6,921,0
2249,1,0,1,58,0,70.0,0.0,292.0,356.0,0.0,,5,303,1
2250,1,0,1,14,0,1538.0,22.0,0.0,11.0,2.0,,6,988,1
2251,1,0,1,18,0,0.0,8.0,0.0,433.0,482.0,,6,989,1
2252,1,0,1,40,0,48.0,4.0,351.0,54.0,443.0,,6,82,0
2253,1,0,1,24,0,0.0,5.0,6.0,486.0,205.0,,6,924,0
2254,3,0,1,26,0,80.0,0.0,199.0,288.0,0.0,,6,928,0
2255,1,1,1,16,0,0.0,0.0,0.0,0.0,0.0,,7,798,0
2256,1,1,3,28,0,0.0,0.0,0.0,0.0,0.0,,7,792,1
2257,1,0,1,21,0,699.0,0.0,63.0,2.0,19.0,,7,800,0
2258,1,1,1,17,0,0.0,0.0,0.0,0.0,0.0,,7,801,0
2259,1,0,1,23,0,115.0,464.0,0.0,308.4769036733407,20.0,,6,996,1
2260,3,0,1,22,0,1299.0,0.0,0.0,0.0,0.0,,5,318,0
2261,1,0,3,20,0,637.0,451.96167494677076,0.0,193.0,0.0,,6,934,0
2262,2,0,3,38,0,29.0,666.0,0.0,1641.0,7985.0,,2,196,0
2263,1,0,3,37,0,0.0,789.0,0.0,0.0,0.0,,5,319,0
2264,3,0,1,31,0,1596.0,0.0,453.0,0.0,86.0,,5,307,1
2265,3,0,3,27,0,345.0,0.0,1025.0,91.0,0.0,,6,1003,1
2266,1,0,1,31,0,0.0,0.0,1010.0,9.0,0.0,,7,795,1
2267,1,0,1,21,0,97.0,41.0,0.0,436.0,52.0,,7,796,1
2268,1,1,2,36,0,0.0,0.0,0.0,0.0,0.0,,7,796,1
2269,1,0,2,20,0,0.0,0.0,541.0,0.0,0.0,,7,796,1
2270,1,0,2,36,0,55.0,4.0,0.0,0.0,1784.0,,7,797,1
2271,1,0,2,40,0,0.0,20.0,143.0,98.0,461.0,,7,807,0
2272,3,0,1,25,0,1117.0,0.0,33.0,1238.0,0.0,,4,153,0
2273,2,1,1,32,1,0.0,0.0,0.0,0.0,0.0,,3,154,1
2274,2,0,3,25,0,0.0,1255.0,0.0,5229.0,3152.0,,3,154,1
2275,2,1,1,49,0,0.0,0.0,0.0,0.0,0.0,,6,82,0
2276,3,0,1,28,0,1104.0,0.0,163.0,19.0,61.0,,6,1011,1
2277,2,1,3,58,0,0.0,0.0,0.0,0.0,0.0,,3,155,1
2278,3,1,1,28,0,0.0,0.0,0.0,0.0,0.0,,6,940,0
2279,1,0,1,22,0,0.0,0.0,12.0,689.0,2.0,,6,941,0
2280,3,0,1,61,0,0.0,0.0,0.0,0.0,0.0,,6,1012,1
2281,2,0,1,28,0,0.0,9933.0,0.0,134.0,70.0,,2,197,0
2282,2,1,1,24,0,0.0,0.0,0.0,0.0,0.0,,2,197,0
2283,1,0,3,40,0,222.89785157787045,0.0,0.0,0.0,127.0,,6,1013,1
2284,1,1,1,28,0,0.0,0.0,0.0,0.0,0.0,,7,801,1
2285,1,0,3,15,0,78.0,515.0,132.0,0.0,137.0,,6,1014,1
2286,1,0,2,29,0,9.0,0.0,663.0,0.0,0.0,,7,802,1
2287,1,1,2,18,0,0.0,451.96167494677076,0.0,0.0,0.0,,7,812,0
2288,1,0,2,28,0,213.0,451.96167494677076,1317.0,199.0,0.0,,6,82,0
2289,1,1,1,24,0,0.0,0.0,0.0,0.0,0.0,,7,815,0
2290,1,0,1,18,0,0.0,130.0,0.0,429.0,0.0,,6,947,0
2291,1,0,2,21,0,690.0,0.0,0.0,49.0,7.0,,6,947,0
2292,3,1,1,25,0,0.0,0.0,0.0,0.0,0.0,,6,948,0
2293,1,0,3,16,0,0.0,81.0,1.0,0.0,778.0,,6,1017,1
2294,2,1,1,49,0,0.0,0.0,0.0,0.0,0.0,,2,163,1
2295,1,0,1,28,0,0.0,610.0,1014.0,0.0,0.0,,5,320,0
2296,1,0,1,22,0,0.0,0.0,0.0,732.0,306.7894819713431,,7,817,0
2297,1,0,1,11,0,0.0,0.0,0.0,0.0,0.0,,7,819,0
2298,1,1,3,26,0,0.0,0.0,0.0,0.0,0.0,,7,820,0
2299,1,1,3,17,0,0.0,0.0,0.0,0.0,0.0,,7,810,1
2300,1,0,1,26,0,0.0,115.0,307.0,420.0,0.0,,6,82,0
2301,1,0,1,0,0,0.0,0.0,0.0,0.0,0.0,,7,822,0
2302,1,0,1,28,0,0.0,0.0,0.0,0.0,0.0,,7,822,0
2303,1,0,1,4,0,0.0,0.0,0.0,0.0,0.0,,7,822,0
2304,1,0,1,19,0,0.0,0.0,97.0,99.0,449.0,,6,957,0
2305,1,1,3,5,0,0.0,0.0,0.0,0.0,0.0,,7,822,0
2306,1,0,1,35,0,57.0,97.0,455.0,109.0,0.0,,5,311,1
2307,2,1,3,25,0,0.0,0.0,0.0,0.0,0.0,,2,168,1
2308,2,1,1,26,0,0.0,0.0,0.0,0.0,0.0,,2,168,1
2309,1,0,1,34,0,4.0,12.0,858.0,0.0,32.0,,7,823,0
2310,2,0,3,21,0,0.0,438.0,0.0,0.0,2175.0,,1,45,1
2311,2,0,1,26,0,0.0,6442.0,0.0,681.0,756.0,,1,45,1
2312,2,0,1,32,0,0.0,5209.0,0.0,22.0,3062.0,,2,169,1
2313,2,0,1,40,0,0.0,1262.0,0.0,6162.0,6.0,,2,169,1
2314,3,0,1,13,0,0.0,0.0,0.0,0.0,0.0,,5,323,0
2315,3,0,3,29,0,465.0,0.0,169.0,102.0,2104.0,,6,82,0
2316,3,1,1,11,0,0.0,0.0,0.0,0.0,0.0,,6,1025,1
2317,1,0,3,25,0,3.0,414.0,4.0,245.0,143.0,,6,959,0
2318,3,1,1,31,0,0.0,0.0,0.0,0.0,0.0,,6,1027,1
2319,3,1,3,51,0,0.0,0.0,0.0,0.0,0.0,,6,1027,1
2320,3,0,1,20,0,0.0,0.0,0.0,0.0,0.0,,5,312,1
2321,3,1,1,32,0,0.0,0.0,0.0,0.0,0.0,,6,960,0
2322,1,1,1,22,0,0.0,0.0,0.0,0.0,0.0,,7,827,0
2323,1,1,2,38,0,0.0,0.0,0.0,0.0,0.0,,7,828,0
2324,1,0,1,26,0,13.0,1.0,0.0,8.0,765.0,,5,313,1
2325,2,0,1,42,1,2.0,722.0,0.0,1035.0,368.0,,1,46,1
2326,3,0,1,57,0,1337.0,0.0,0.0,1080.0,0.0,,6,962,0
2327,1,1,1,38,0,0.0,0.0,0.0,0.0,0.0,,7,815,1
2328,3,0,1,23,0,663.0,392.0,6023.0,4.0,0.0,,6,1029,1
2329,3,0,3,32,0,38.0,0.0,1423.0,0.0,0.0,,6,1029,1
2330,1,0,1,15,0,0.0,43.0,2837.0,6.0,140.0,,6,1031,1
2331,1,0,1,41,0,222.89785157787045,1478.0,0.0,308.4769036733407,3.0,,6,1032,1
2332,1,0,1,19,0,0.0,5.0,716.0,0.0,0.0,,6,82,0
2333,3,0,1,26,0,830.0,33.0,1030.0,3.0,29.0,,6,1034,1
2334,1,0,2,28,0,1627.0,0.0,0.0,110.0,0.0,,7,819,1
2335,3,1,1,20,0,0.0,0.0,0.0,0.0,0.0,,6,968,0
2336,1,0,1,19,0,1171.0,1460.0,0.0,36.0,0.0,,6,1035,1
2337,2,0,1,30,0,2019.0,1686.0,129.0,99.0,933.0,,3,197,0
2338,3,1,1,58,0,0.0,0.0,0.0,0.0,0.0,,6,971,0
2339,3,0,1,17,0,55.0,0.0,994.0,0.0,0.0,,5,327,0
2340,1,0,1,28,0,7.0,0.0,703.0,66.0,0.0,,6,974,0
2341,1,1,2,19,0,0.0,0.0,0.0,0.0,0.0,,7,822,1
2342,1,0,3,20,0,0.0,68.0,31.0,167.0,381.0,,6,1037,1
2343,3,0,1,54,0,1108.0,0.0,53.0,496.0,0.0,,6,975,0
2344,3,0,1,21,0,542.0,0.0,1222.0,98.0,484.0,,5,328,0
2345,1,0,1,44,0,0.0,83.0,0.0,68.0,586.0,,6,976,0
2346,1,1,2,11,0,0.0,0.0,0.0,0.0,0.0,,6,82,0
2347,1,1,3,2,0,0.0,0.0,0.0,0.0,0.0,,7,832,0
2348,1,0,1,20,0,1330.0,0.0,174.90603284902085,0.0,49.0,,6,1040,1
2349,3,1,1,50,0,0.0,0.0,0.0,0.0,0.0,,6,977,0
2350,1,0,1,27,0,0.0,91.0,945.0,0.0,0.0,,6,978,0
2351,1,0,2,28,0,0.0,0.0,3.0,654.0,0.0,,6,1041,1
2352,1,0,1,33,0,1449.0,0.0,0.0,0.0,0.0,,6,1042,1
2353,3,1,3,23,0,0.0,0.0,0.0,0.0,0.0,,4,155,0
2354,1,0,1,22,0,0.0,0.0,0.0,889.0,0.0,,7,836,0
2355,3,1,1,44,0,0.0,0.0,0.0,0.0,0.0,,6,979,0
2356,3,0,1,45,0,458.0,0.0,838.0,0.0,3.0,,5,318,1
2357,2,0,3,20,0,222.89785157787045,2988.0,0.0,419.0,106.0,,2,198,0
2358,3,0,1,26,0,6.0,0.0,1041.0,308.4769036733407,0.0,,5,319,1
2359,1,0,1,18,0,0.0,0.0,19.0,746.0,5.0,,7,826,1
2360,1,0,2,21,0,742.0,0.0,15.0,0.0,0.0,,6,1043,1
2361,2,0,3,26,0,222.89785157787045,5824.0,0.0,327.0,1508.0,,2,172,1
2362,2,1,3,55,0,0.0,0.0,0.0,0.0,0.0,,2,172,1
2363,3,0,1,24,0,1347.0,0.0,1.0,2.0,7.0,,5,329,0
2364,1,0,1,27,0,0.0,0.0,70.0,2026.0,13.0,,6,1047,1
2365,1,0,3,18,0,231.0,508.0,594.0,0.0,585.0,,6,1048,1
2366,3,1,1,20,0,0.0,0.0,0.0,0.0,0.0,,6,1049,1
2367,1,0,1,31,0,0.0,820.0,16.0,29.0,2.0,,6,985,0
2368,1,0,1,37,0,5.0,0.0,849.0,0.0,0.0,,7,842,0
2369,2,0,2,37,1,0.0,16963.0,0.0,11483.0,5220.0,,2,173,1
2370,2,1,3,57,0,0.0,0.0,0.0,0.0,0.0,,2,173,1
2371,3,1,1,39,0,0.0,0.0,0.0,0.0,0.0,,6,987,0
2372,1,1,1,20,0,0.0,0.0,0.0,0.0,0.0,,7,843,0
2373,3,0,1,18,0,85.0,0.0,683.0,570.0,0.0,,6,1053,1
2374,2,0,3,29,1,47.0,2914.0,0.0,308.4769036733407,259.0,,2,174,1
2375,2,0,3,31,0,0.0,837.0,0.0,1.0,4102.0,,2,174,1
2376,2,1,3,27,0,0.0,0.0,0.0,0.0,306.7894819713431,,3,201,0
2377,2,1,1,43,0,0.0,0.0,0.0,0.0,0.0,,6,82,0
2378,1,0,1,28,0,0.0,0.0,27.0,1358.0,0.0,,6,1055,1
2379,3,0,3,32,0,679.0,138.0,4.0,359.0,0.0,,4,164,1
2380,1,0,1,19,0,0.0,180.0,712.0,0.0,886.0,,7,833,1
2381,1,0,1,50,0,171.0,537.0,37.0,0.0,3.0,,6,992,0
2382,1,0,1,19,0,0.0,0.0,717.0,0.0,0.0,,6,993,0
2383,2,0,3,44,0,0.0,2175.0,0.0,25.0,306.7894819713431,,1,63,0
2384,2,0,1,49,0,0.0,291.0,0.0,1320.0,2092.0,,4,157,0
2385,2,0,3,30,0,4.0,92.0,2488.0,2182.0,1210.0,,3,161,1
2386,1,0,1,41,0,824.0,0.0,0.0,0.0,47.0,,6,996,0
2387,2,0,3,34,0,0.0,7492.0,25.0,1116.0,3.0,,3,162,1
2388,2,1,3,30,0,0.0,0.0,0.0,0.0,0.0,,3,162,1
2389,1,0,2,22,0,0.0,305.0,148.0,250.0,134.0,,7,846,0
2390,2,0,1,29,0,0.0,17.0,0.0,0.0,7312.0,,5,333,0
2391,3,1,1,32,0,0.0,0.0,0.0,0.0,0.0,,6,1001,0
2392,3,0,2,40,0,162.0,0.0,1599.0,308.4769036733407,0.0,,6,1001,0
2393,1,1,1,50,0,0.0,0.0,0.0,0.0,0.0,,7,847,0
2394,1,0,2,31,0,0.0,0.0,0.0,267.0,507.0,,7,850,0
2395,1,1,3,1,0,222.89785157787045,0.0,0.0,308.4769036733407,0.0,,7,850,0
2396,1,0,1,30,0,42.0,2.0,1565.0,1961.0,0.0,,7,851,0
2397,2,0,3,28,1,4195.0,45.0,0.0,6298.0,438.0,,3,203,0
2398,2,0,3,41,0,0.0,83.0,0.0,3817.0,1115.0,,3,203,0
2399,3,0,1,34,0,224.0,0.0,995.0,0.0,0.0,,6,1066,1
2400,3,1,1,14,0,0.0,0.0,0.0,0.0,0.0,,6,1068,1
2401,1,0,3,13,0,1.0,457.0,93.0,23.0,0.0,,6,1069,1
2402,1,1,2,16,0,0.0,0.0,0.0,0.0,0.0,,7,846,1
2403,2,0,3,25,0,0.0,2386.0,0.0,417.0,425.0,,1,48,1
2404,1,0,3,17,0,68.0,5.0,0.0,692.0,81.0,,7,857,0
2405,1,0,1,41,0,1673.0,729.0,0.0,308.4769036733407,0.0,,6,1011,0
2406,3,0,3,28,0,1431.0,0.0,39.0,3.0,0.0,,6,1072,1
2407,1,0,1,3,0,0.0,0.0,0.0,0.0,0.0,,7,851,1
2408,1,1,1,18,0,0.0,0.0,0.0,0.0,0.0,,7,851,1
2409,1,0,1,20,0,62.0,272.0,1613.0,88.0,41.0,,6,1074,1
2410,1,1,2,32,0,0.0,0.0,0.0,0.0,0.0,,6,82,0
2411,1,0,2,59,0,0.0,179.0,225.0,6.0,304.0,,7,853,1
2412,2,1,1,52,0,0.0,0.0,0.0,0.0,0.0,,5,328,1
2413,2,1,1,47,0,0.0,0.0,0.0,0.0,0.0,,3,164,1
2414,2,0,3,56,0,222.89785157787045,1213.0,2.0,3081.0,24.0,,4,166,1
2415,3,0,1,24,0,54.0,370.0,725.0,0.0,0.0,,6,1082,1
2416,1,0,1,13,0,893.0,0.0,0.0,0.0,0.0,,7,855,1
2417,1,0,1,15,0,905.0,13.0,43.0,19.0,0.0,,5,329,1
2418,1,0,1,40,0,0.0,316.0,121.0,434.0,0.0,,6,1017,0
2419,1,0,3,30,0,710.0,29.0,1618.0,3605.0,367.0,,2,180,1
2420,2,0,1,25,0,0.0,32.0,0.0,2095.0,692.0,,3,207,0
2421,3,0,1,10,0,0.0,0.0,0.0,0.0,0.0,,6,1018,0
2422,3,0,3,28,0,794.0,0.0,614.0,0.0,0.0,,6,1020,0
2423,3,0,1,36,0,41.0,0.0,3509.0,0.0,0.0,,4,160,0
2424,1,0,2,12,0,0.0,0.0,0.0,0.0,0.0,,7,865,0
2425,1,1,1,26,0,0.0,0.0,0.0,0.0,0.0,,7,865,0
2426,1,0,1,33,0,0.0,26.0,70.0,0.0,678.0,,7,865,0
2427,2,1,1,42,0,0.0,451.96167494677076,0.0,0.0,0.0,,3,165,1
2428,1,1,1,31,0,0.0,0.0,0.0,0.0,0.0,,7,858,1
2429,1,0,1,20,0,775.0,3.0,0.0,30.0,0.0,,7,866,0
2430,1,1,3,24,0,0.0,0.0,0.0,0.0,0.0,,7,866,0
2431,1,1,1,37,0,0.0,0.0,0.0,0.0,0.0,,7,859,1
2432,1,0,1,19,0,33.0,1972.0,14.0,0.0,1.0,,6,1088,1
2433,3,0,1,13,0,1082.0,91.0,64.0,0.0,306.7894819713431,,6,1089,1
2434,1,0,2,23,0,8.0,0.0,0.0,340.0,310.0,,6,1022,0
2435,1,0,1,44,0,0.0,0.0,0.0,0.0,0.0,,7,860,1
2436,2,1,1,36,0,0.0,0.0,0.0,0.0,0.0,,3,166,1
2437,1,0,1,79,0,0.0,53.0,0.0,4.0,1568.0,,5,331,1
2438,1,1,2,1,0,0.0,0.0,0.0,0.0,0.0,,7,861,1
2439,1,0,1,12,0,0.0,0.0,0.0,0.0,0.0,,7,861,1
2440,1,0,1,8,0,0.0,0.0,0.0,0.0,0.0,,7,861,1
2441,1,0,2,45,0,0.0,311.0,115.0,4.0,328.0,,6,82,0
2442,1,0,1,10,0,0.0,0.0,0.0,0.0,0.0,,7,861,1
2443,1,0,1,3,0,0.0,0.0,0.0,0.0,0.0,,7,861,1
2444,1,0,1,37,0,24.0,1361.0,0.0,0.0,0.0,,6,1096,1
2445,2,1,3,43,0,0.0,0.0,0.0,0.0,0.0,,1,49,1
2446,2,1,1,38,0,0.0,0.0,0.0,0.0,0.0,,1,49,1
2447,2,0,3,33,0,4781.0,4132.0,0.0,4.0,39.0,,1,49,1
2448,2,0,3,25,0,13.0,3209.0,0.0,24.0,330.0,,1,49,1
2449,1,0,1,42,0,0.0,3.0,693.0,50.0,0.0,,6,1097,1
2450,1,0,1,35,0,0.0,1046.0,2.0,0.0,0.0,,6,1025,0
2451,2,0,3,35,0,0.0,2301.0,0.0,302.0,728.0,,3,167,1
2452,2,0,1,30,0,0.0,2895.0,0.0,77.0,26.0,,3,167,1
2453,2,1,3,33,0,0.0,0.0,0.0,0.0,0.0,,3,167,1
2454,1,0,1,30,0,641.0,0.0,0.0,0.0,1.0,,5,338,0
2455,1,1,2,23,0,0.0,0.0,0.0,0.0,0.0,,7,863,1
2456,1,1,1,13,0,0.0,0.0,0.0,0.0,0.0,,7,864,1
2457,2,1,1,32,0,0.0,0.0,0.0,0.0,0.0,,2,184,1
2458,2,1,1,17,0,0.0,0.0,0.0,0.0,0.0,,2,184,1
2459,2,0,3,37,1,1181.0,797.0,0.0,2490.0,1.0,,2,184,1
2460,2,0,1,49,0,0.0,300.0,0.0,1822.0,349.0,,2,184,1
2461,2,0,1,53,0,0.0,1634.0,0.0,1.0,503.0,,5,335,1
2462,1,1,3,27,0,0.0,0.0,174.90603284902085,0.0,0.0,,7,866,1
2463,3,0,1,26,0,178.0,0.0,1168.0,0.0,0.0,,6,1103,1
2464,3,0,1,50,0,2335.0,2.0,46.0,1.0,0.0,,4,169,1
2465,3,1,3,17,0,0.0,0.0,0.0,0.0,0.0,,6,1103,1
2466,1,0,1,22,0,0.0,0.0,906.0,308.4769036733407,2.0,,7,867,1
2467,3,1,1,8,0,0.0,0.0,0.0,0.0,0.0,,6,1027,0
2468,3,0,1,42,0,620.0,0.0,318.0,0.0,16.0,,5,341,0
2469,3,1,1,30,0,0.0,0.0,0.0,0.0,0.0,,6,1027,0
2470,3,0,3,4,0,0.0,0.0,0.0,0.0,0.0,,6,1027,0
2471,1,0,1,27,0,465.0,0.0,76.0,2.0,883.0,,6,1028,0
2472,2,1,3,15,0,0.0,0.0,0.0,0.0,0.0,,3,171,1
2473,2,1,1,38,0,0.0,0.0,0.0,0.0,0.0,,3,171,1
2474,2,1,3,51,0,0.0,0.0,0.0,0.0,0.0,,3,172,1
2475,3,0,1,26,0,766.0,0.0,145.0,1284.0,170.0,,6,1031,0
2476,2,1,3,34,0,0.0,451.96167494677076,0.0,0.0,0.0,,3,211,0
2477,2,1,3,45,0,0.0,0.0,0.0,0.0,0.0,,3,211,0
2478,1,1,1,18,0,0.0,0.0,0.0,0.0,0.0,,7,868,1
2479,1,0,2,21,0,0.0,1.0,0.0,660.0,0.0,,6,1107,1
2480,1,0,1,23,0,744.0,0.0,0.0,16.0,193.0,,6,1108,1
2481,3,1,1,24,0,0.0,0.0,0.0,0.0,0.0,,6,1110,1
2482,1,0,1,20,0,0.0,50.0,50.0,1179.0,3.0,,6,1033,0
2483,1,1,1,32,0,0.0,0.0,0.0,0.0,0.0,,6,82,0
2484,1,0,1,22,0,0.0,0.0,1.0,1.0,785.0,,5,345,0
2485,1,0,1,13,0,94.0,0.0,0.0,889.0,0.0,,5,339,1
2486,3,0,1,42,0,0.0,0.0,0.0,0.0,0.0,,5,346,0
2487,1,0,1,19,0,0.0,0.0,0.0,791.0,0.0,,5,347,0
2488,3,0,1,24,0,372.0,451.96167494677076,1.0,0.0,3085.0,,5,348,0
2489,1,0,2,45,0,153.0,111.0,16.0,10.0,488.0,,6,1115,1
2490,1,0,1,35,0,91.0,1797.0,123.0,0.0,163.0,,6,1038,0
2491,1,0,1,16,0,444.0,0.0,1.0,231.0,84.0,,6,1039,0
2492,1,1,1,16,0,0.0,0.0,0.0,0.0,0.0,,6,82,0
2493,1,0,1,43,0,49.0,20.0,0.0,0.0,1075.0,,6,1119,1
2494,1,0,1,31,0,0.0,8.0,1987.0,0.0,0.0,,6,1120,1
2495,2,0,1,28,0,0.0,4853.0,0.0,150.0,50.0,,1,66,0
2496,3,0,1,22,0,1301.0,0.0,545.0,0.0,8.0,,6,1040,0
2497,1,0,1,48,0,0.0,79.0,0.0,4.0,1366.0,,6,1042,0
2498,1,0,3,20,0,557.0,164.0,1.0,0.0,0.0,,6,1043,0
2499,3,0,1,35,0,1400.0,0.0,984.0,0.0,0.0,,4,165,0
2500,1,0,3,23,0,56.0,272.0,35.0,264.0,0.0,,6,82,0
2501,1,0,1,28,0,478.0,0.0,202.0,0.0,36.0,,6,1128,1
2502,1,0,2,19,0,24.0,1.0,115.0,37.0,479.0,,6,1130,1
2503,2,0,3,45,0,0.0,2570.0,0.0,1510.0,2777.0,,5,352,0
2504,1,0,1,16,0,41.0,0.0,0.0,1029.0,624.0,,5,353,0
2505,1,0,1,3,0,0.0,0.0,0.0,0.0,0.0,,7,879,1
2506,1,0,2,60,0,222.89785157787045,0.0,0.0,690.0,0.0,,6,1133,1
2507,2,1,1,33,1,0.0,0.0,0.0,0.0,0.0,,2,209,0
2508,1,0,3,25,0,5.0,471.0,0.0,1.0,216.0,,5,354,0
2509,1,0,1,37,0,867.0,6.0,0.0,0.0,0.0,,6,1049,0
2510,3,0,1,51,0,29.0,0.0,1789.0,2.0,0.0,,6,1051,0
2511,1,1,3,29,0,0.0,0.0,0.0,0.0,0.0,,7,883,0
2512,3,1,1,39,0,0.0,0.0,0.0,0.0,0.0,,6,1138,1
2513,1,1,1,29,0,0.0,0.0,0.0,0.0,0.0,,7,883,1
2514,1,1,1,27,0,0.0,0.0,0.0,0.0,0.0,,7,883,1
2515,1,0,1,38,0,0.0,2016.0,0.0,4.0,0.0,,6,1139,1
2516,1,0,1,13,0,1601.0,1.0,0.0,1.0,0.0,,5,355,0
2517,1,0,1,33,0,588.0,1.0,0.0,2.0,64.0,,6,1054,0
2518,1,0,1,45,0,0.0,0.0,0.0,0.0,0.0,,7,886,0
2519,1,0,3,0,0,0.0,0.0,0.0,0.0,306.7894819713431,,7,886,0
2520,1,1,2,18,0,0.0,0.0,0.0,0.0,0.0,,7,888,0
2521,1,1,1,0,0,0.0,0.0,0.0,0.0,0.0,,7,888,0
2522,1,0,1,38,0,28.0,0.0,0.0,696.0,0.0,,6,1056,0
2523,1,0,3,0,0,0.0,0.0,0.0,308.4769036733407,0.0,,7,888,0
2524,1,0,3,21,0,0.0,0.0,9.0,0.0,630.0,,6,1057,0
2525,2,0,3,56,0,166.0,1006.0,0.0,1729.0,16.0,,1,68,0
2526,2,0,1,38,0,0.0,374.0,223.0,629.0,78.0,,1,69,0
2527,3,0,1,35,0,221.0,10.0,361.0,16.0,8.0,,6,1142,1
2528,1,0,3,34,0,0.0,12.0,706.0,1.0,0.0,,5,359,0
2529,1,0,1,15,0,4.0,0.0,0.0,697.0,43.0,,7,892,0
2530,1,0,2,22,0,0.0,225.0,117.0,0.0,317.0,,5,348,1
2531,3,0,1,28,0,2287.0,0.0,276.0,16.0,0.0,,6,1148,1
2532,1,1,1,18,0,0.0,0.0,0.0,0.0,0.0,,7,887,1
2533,2,0,3,47,0,0.0,2882.0,0.0,324.0,603.0,,4,167,0
2534,2,1,1,23,0,0.0,0.0,0.0,0.0,0.0,,4,177,1
2535,3,1,1,44,0,0.0,0.0,0.0,0.0,0.0,,6,1151,1
2536,3,0,1,18,0,163.0,0.0,1079.0,0.0,0.0,,6,1151,1
2537,1,1,1,21,0,0.0,0.0,174.90603284902085,0.0,0.0,,7,889,1
2538,3,0,1,65,0,1004.0,0.0,108.0,47.0,22.0,,6,82,0
2539,2,1,1,18,0,0.0,0.0,0.0,0.0,0.0,,4,169,0
2540,2,1,3,27,0,0.0,0.0,0.0,0.0,0.0,,4,169,0
2541,1,0,1,16,0,641.0,0.0,0.0,118.0,814.0,,6,1152,1
2542,1,0,1,17,0,17.0,275.0,0.0,616.0,0.0,,7,898,0
2543,1,0,1,19,0,1237.0,0.0,0.0,0.0,7.0,,6,1064,0
2544,1,1,2,33,0,0.0,0.0,0.0,0.0,0.0,,7,899,0
2545,1,0,1,20,0,296.0,0.0,397.0,0.0,1.0,,6,1065,0
2546,1,1,2,10,0,0.0,0.0,0.0,0.0,0.0,,7,901,0
2547,1,0,1,6,0,0.0,0.0,0.0,0.0,306.7894819713431,,7,901,0
2548,1,1,1,0,0,0.0,0.0,0.0,0.0,0.0,,7,901,0
2549,1,1,1,0,0,0.0,451.96167494677076,0.0,0.0,0.0,,7,901,0
2550,1,1,1,4,0,0.0,0.0,0.0,0.0,0.0,,7,901,0
2551,2,1,1,28,0,0.0,0.0,0.0,0.0,0.0,,2,189,1
2552,3,1,1,27,0,0.0,0.0,0.0,0.0,0.0,,6,1157,1
2553,3,0,3,54,0,2083.0,0.0,21.0,0.0,0.0,,5,350,1
2554,3,0,1,24,0,18.0,25.0,0.0,0.0,1256.0,,6,1066,0
2555,3,1,1,47,0,0.0,0.0,0.0,0.0,0.0,,6,1066,0
2556,3,1,1,16,0,0.0,0.0,0.0,0.0,0.0,,6,1066,0
2557,1,0,1,59,0,4.0,10.0,1143.0,0.0,0.0,,6,1066,0
2558,3,1,1,31,0,0.0,0.0,0.0,0.0,0.0,,6,1066,0
2559,3,1,1,28,0,0.0,0.0,0.0,0.0,0.0,,5,362,0
2560,1,0,1,23,0,222.89785157787045,0.0,0.0,0.0,809.0,,6,1162,1
2561,1,0,3,19,0,0.0,680.0,0.0,7.0,0.0,,6,1068,0
2562,1,1,2,18,0,0.0,0.0,0.0,0.0,0.0,,7,896,1
2563,3,0,2,28,0,394.0,35.0,217.0,0.0,0.0,,6,1070,0
2564,1,0,1,13,0,730.0,0.0,402.0,0.0,0.0,,6,1071,0
2565,3,1,1,33,0,0.0,0.0,0.0,0.0,0.0,,5,366,0
2566,1,1,1,28,0,0.0,0.0,0.0,0.0,0.0,,7,905,0
2567,1,0,1,17,0,2109.0,0.0,0.0,0.0,41.0,,6,1074,0
2568,3,0,1,36,1,79.0,0.0,1220.0,0.0,0.0,,5,351,1
2569,3,0,1,29,1,1221.0,0.0,460.0,0.0,0.0,,6,1165,1
2570,1,0,1,18,0,0.0,0.0,0.0,470.0,340.0,,7,909,0
2571,1,1,1,37,0,0.0,0.0,0.0,0.0,306.7894819713431,,7,910,0
2572,2,0,1,36,0,0.0,0.0,0.0,0.0,0.0,,2,215,0
2573,2,1,1,44,0,0.0,0.0,0.0,0.0,0.0,,3,177,1
2574,1,0,1,21,0,733.0,8.0,130.0,0.0,61.0,,6,1167,1
2575,3,0,1,20,0,270.0,1.0,2127.0,0.0,181.0,,4,172,0
2576,1,0,1,45,0,838.0,5.0,0.0,153.0,0.0,,5,367,0
2577,1,0,1,28,0,0.0,76.0,0.0,5.0,909.0,,5,353,1
2578,1,1,1,20,0,0.0,0.0,0.0,0.0,0.0,,7,912,0
2579,1,1,1,18,0,0.0,0.0,0.0,0.0,0.0,,7,914,0
2580,3,1,3,28,0,0.0,0.0,0.0,0.0,0.0,,6,1170,1
2581,1,0,1,19,0,787.0,2.0,20.0,0.0,0.0,,7,904,1
2582,1,0,2,27,0,0.0,0.0,632.0,53.0,7.0,,6,1173,1
2583,2,0,3,26,0,0.0,0.0,6.0,2567.0,2273.0,,1,70,0
2584,3,0,1,29,0,921.0,0.0,632.0,705.0,1.0,,6,1174,1
2585,3,0,1,18,0,113.0,0.0,0.0,117.0,817.0,,5,354,1
2586,1,0,1,12,0,0.0,0.0,0.0,0.0,0.0,,7,917,0
2587,1,0,1,0,0,0.0,0.0,0.0,0.0,0.0,,7,917,0
2588,1,0,1,2,0,0.0,0.0,0.0,0.0,0.0,,7,917,0
2589,1,0,3,16,0,0.0,642.0,72.0,0.0,3.0,,6,1081,0
2590,1,0,1,17,0,18.0,2.0,0.0,0.0,1020.0,,6,1082,0
2591,3,0,1,20,0,1864.0,0.0,207.0,0.0,306.7894819713431,,5,356,1
2592,2,1,1,30,0,0.0,0.0,0.0,0.0,0.0,,5,369,0
2593,1,1,1,20,0,0.0,0.0,0.0,0.0,0.0,,7,918,0
2594,1,1,2,31,0,0.0,0.0,0.0,0.0,0.0,,7,919,0
2595,1,1,1,13,0,0.0,0.0,0.0,0.0,0.0,,7,908,1
2596,1,0,3,23,0,7.0,0.0,651.0,0.0,0.0,,5,370,0
2597,1,0,1,19,0,0.0,0.0,0.0,0.0,0.0,,7,909,1
2598,3,1,1,18,0,0.0,0.0,0.0,0.0,0.0,,6,1176,1
2599,3,1,1,50,0,0.0,0.0,0.0,0.0,0.0,,5,358,1
2600,2,0,3,43,0,0.0,4048.0,0.0,492.0,306.7894819713431,,3,180,1
2601,3,0,1,52,0,584.0,0.0,97.0,0.0,604.0,,6,1177,1
2602,3,0,1,24,0,1163.0,451.96167494677076,1.0,0.0,124.0,,6,1085,0
2603,3,1,1,46,0,0.0,0.0,0.0,0.0,0.0,,6,1086,0
2604,2,1,1,25,0,0.0,0.0,0.0,0.0,0.0,,2,191,1
2605,1,0,1,53,0,176.0,1.0,843.0,8.0,0.0,,6,1181,1
2606,1,0,1,17,0,0.0,1453.0,18.0,1108.0,23.0,,6,1089,0
2607,1,0,1,29,0,355.0,0.0,706.0,0.0,3.0,,6,1182,1
2608,1,1,1,26,0,0.0,0.0,0.0,0.0,306.7894819713431,,7,914,1
2609,2,0,1,35,0,0.0,1220.0,1156.0,34.0,105.0,,4,174,0
2610,2,0,1,51,0,0.0,3247.0,0.0,8.0,634.0,,4,174,0
2611,1,0,1,20,0,0.0,755.0,700.0,116.0,31.0,,5,361,1
2612,1,0,1,19,0,8.0,1.0,613.0,308.4769036733407,10.0,,6,1184,1
2613,3,0,1,59,0,3513.0,0.0,2.0,25.0,9.0,,4,181,1
2614,3,0,1,23,0,60.0,0.0,946.0,0.0,0.0,,4,181,1
2615,3,1,1,22,0,0.0,0.0,0.0,0.0,0.0,,6,1095,0
2616,3,0,1,21,0,170.0,0.0,63.0,385.0,554.0,,5,373,0
2617,1,0,1,25,0,0.0,0.0,0.0,1.0,1994.0,,6,1190,1
2618,1,0,1,23,0,1.0,4.0,0.0,636.0,3.0,,6,1191,1
2619,1,1,3,15,0,0.0,0.0,0.0,0.0,0.0,,7,923,1
2620,3,0,2,20,0,686.0,0.0,0.0,25.0,0.0,,6,1193,1
2621,1,0,3,22,0,0.0,0.0,457.0,47.0,1504.0,,6,1097,0
2622,1,0,1,20,0,467.0,24.0,0.0,271.0,0.0,,6,1098,0
2623,2,0,1,35,0,37.0,4.0,0.0,2690.0,1304.0,,5,374,0
2624,1,1,1,41,0,0.0,0.0,0.0,0.0,0.0,,7,935,0
2625,1,0,1,18,0,467.0,941.0,0.0,0.0,0.0,,6,1196,1
2626,1,0,2,40,0,0.0,0.0,88.0,375.0,55.0,,7,925,1
2627,3,1,1,25,0,0.0,0.0,0.0,0.0,0.0,,6,1101,0
2628,2,0,3,31,0,103.0,9004.0,0.0,2.0,1.0,,3,182,1
2629,1,0,1,47,0,0.0,0.0,228.0,0.0,561.0,,5,364,1
2630,3,1,1,29,0,0.0,0.0,0.0,0.0,0.0,,6,1198,1
2631,1,0,2,28,0,0.0,0.0,9.0,21.0,505.0,,7,939,0
2632,1,0,1,18,0,693.0,0.0,1.0,0.0,0.0,,6,1103,0
2633,1,0,1,19,0,0.0,725.0,0.0,20.0,0.0,,6,1103,0
2634,1,1,1,50,0,0.0,0.0,0.0,0.0,0.0,,7,939,0
2635,1,0,1,26,0,0.0,1666.0,62.0,36.0,0.0,,7,927,1
2636,1,0,1,29,0,0.0,179.0,844.0,668.0,1.0,,5,365,1
2637,1,1,1,14,0,0.0,0.0,0.0,0.0,0.0,,7,929,1
2638,1,0,1,14,0,1.0,804.0,0.0,8.0,65.0,,6,1202,1
2639,1,0,3,0,0,0.0,0.0,0.0,0.0,0.0,,7,940,0
2640,1,1,2,34,0,0.0,0.0,0.0,0.0,0.0,,7,940,0
2641,2,1,3,23,0,0.0,0.0,0.0,0.0,0.0,,4,183,1
2642,1,0,1,24,0,203.0,0.0,154.0,84.0,306.7894819713431,,7,930,1
2643,1,0,1,39,0,0.0,282.0,33.0,19.0,306.7894819713431,,7,931,1
2644,1,1,1,22,0,0.0,0.0,0.0,0.0,0.0,,7,932,1
2645,1,0,1,23,0,1723.0,0.0,2.0,0.0,0.0,,7,942,0
2646,1,0,1,26,0,605.0,0.0,35.0,424.0,0.0,,6,1110,0
2647,2,0,1,28,0,0.0,2703.0,327.0,3048.0,50.0,,6,82,0
2648,2,0,1,42,0,0.0,194.0,0.0,2146.0,213.0,,2,197,1
2649,2,0,3,37,0,369.0,1166.0,1.0,284.0,1273.0,,2,197,1
2650,2,0,3,45,0,0.0,595.0,0.0,19844.0,48.0,,2,197,1
2651,1,0,1,21,0,0.0,729.0,3074.0,2.0,373.0,,7,942,1
2652,1,0,1,42,0,129.0,0.0,14.0,580.0,0.0,,7,944,1
2653,3,0,1,20,0,49.0,0.0,993.0,6.0,0.0,,5,368,1
2654,1,0,1,61,0,9.0,695.0,0.0,1.0,0.0,,7,945,1
2655,3,0,1,0,0,0.0,0.0,0.0,0.0,0.0,,6,1207,1
2656,3,1,1,3,0,0.0,0.0,0.0,0.0,0.0,,6,1207,1
2657,1,1,1,18,0,0.0,0.0,0.0,308.4769036733407,0.0,,6,1207,1
2658,1,1,2,44,0,0.0,0.0,0.0,0.0,0.0,,7,947,1
2659,2,1,3,50,0,0.0,0.0,0.0,0.0,0.0,,2,223,0
2660,3,0,1,18,0,889.0,57.0,174.90603284902085,0.0,0.0,,6,1116,0
2661,3,0,1,0,0,0.0,0.0,0.0,0.0,0.0,,6,1116,0
2662,1,0,1,58,0,0.0,14.0,0.0,871.0,0.0,,7,948,1
2663,1,0,3,50,0,676.0,78.0,0.0,55.0,0.0,,7,950,0
2664,1,0,3,43,0,0.0,573.0,0.0,10.0,154.0,,6,1119,0
2665,1,0,1,21,0,0.0,2914.0,0.0,625.0,1986.0,,7,951,0
2666,1,0,3,30,0,1.0,627.0,0.0,0.0,0.0,,6,1211,1
2667,1,1,1,20,0,0.0,0.0,0.0,0.0,0.0,,7,951,1
2668,1,0,1,24,0,0.0,805.0,23.0,0.0,0.0,,5,380,0
2669,1,0,1,24,0,0.0,0.0,12.0,161.0,735.0,,7,952,1
2670,1,1,1,37,0,0.0,0.0,0.0,0.0,0.0,,7,952,1
2671,1,0,1,21,0,0.0,0.0,0.0,639.0,3.0,,5,372,1
2672,2,1,1,48,0,0.0,0.0,0.0,0.0,0.0,,2,225,0
2673,2,1,1,33,0,0.0,0.0,0.0,0.0,0.0,,2,200,1
2674,1,0,1,21,0,0.0,351.0,61.0,152.0,0.0,,6,1215,1
2675,1,0,1,21,0,1664.0,185.0,807.0,1311.0,0.0,,7,956,0
2676,1,0,1,13,0,645.0,0.0,3.0,281.0,12.0,,7,956,1
2677,1,0,1,5,0,0.0,0.0,0.0,0.0,0.0,,7,956,1
2678,1,0,1,24,0,15.0,6.0,6.0,2624.0,0.0,,6,1124,0
2679,1,0,1,37,0,40.0,7.0,655.0,0.0,0.0,,6,1219,1
2680,1,0,1,23,0,0.0,0.0,9.0,822.0,3.0,,5,375,1
2681,3,1,1,35,0,0.0,0.0,0.0,0.0,0.0,,6,1125,0
2682,3,0,1,24,0,43.0,42.0,56.0,1799.0,0.0,,4,178,0
2683,3,0,3,20,0,91.0,218.0,1351.0,4.0,977.0,,6,1222,1
2684,1,0,3,0,0,0.0,0.0,174.90603284902085,0.0,0.0,,7,962,0
2685,1,0,1,64,0,696.0,0.0,0.0,104.0,0.0,,6,1128,0
2686,1,0,1,31,0,2780.0,84.0,0.0,112.0,0.0,,6,1128,0
2687,1,0,2,6,0,0.0,0.0,0.0,0.0,0.0,,7,962,0
2688,1,0,1,3,0,0.0,0.0,0.0,308.4769036733407,0.0,,7,962,0
2689,1,1,2,10,0,0.0,0.0,0.0,0.0,0.0,,7,962,0
2690,1,1,1,19,0,0.0,0.0,0.0,0.0,0.0,,7,964,0
2691,1,1,2,19,0,222.89785157787045,0.0,0.0,0.0,0.0,,7,965,0
2692,1,1,1,46,0,0.0,0.0,0.0,0.0,0.0,,7,958,1
2693,1,1,1,25,0,0.0,0.0,0.0,0.0,0.0,,7,961,1
2694,1,0,1,27,0,0.0,231.0,478.0,0.0,38.0,,6,1130,0
2695,1,0,3,23,0,0.0,172.0,0.0,0.0,516.0,,6,1226,1
2696,1,0,1,20,0,38.0,91.0,141.0,147.0,386.0,,6,1227,1
2697,2,1,1,24,0,0.0,0.0,0.0,0.0,0.0,,3,184,1
2698,2,1,3,50,0,0.0,0.0,0.0,0.0,0.0,,3,184,1
2699,2,0,1,44,0,0.0,805.0,1.0,5387.0,68.0,,3,184,1
2700,2,0,1,28,0,0.0,3543.0,0.0,0.0,897.0,,3,184,1
2701,2,0,1,25,1,0.0,1220.0,2646.0,4018.0,4435.0,,3,184,1
2702,1,1,3,14,0,0.0,0.0,0.0,0.0,0.0,,7,966,0
2703,1,0,2,21,0,0.0,0.0,0.0,50.0,485.0,,7,968,0
2704,2,1,1,16,0,0.0,0.0,0.0,0.0,0.0,,2,202,1
2705,2,1,3,25,0,0.0,0.0,0.0,0.0,0.0,,2,202,1
2706,3,0,1,41,0,518.0,0.0,983.0,795.0,433.0,,4,179,0
2707,3,0,1,20,0,799.0,0.0,571.0,9.0,0.0,,5,389,0
2708,1,0,2,24,0,0.0,0.0,470.0,142.0,0.0,,6,1136,0
2709,2,1,3,31,0,0.0,0.0,0.0,0.0,0.0,,2,204,1
2710,2,1,3,23,0,0.0,0.0,0.0,0.0,0.0,,2,204,1
2711,1,0,1,54,0,4.0,88.0,783.0,0.0,32.0,,7,963,1
2712,2,1,3,26,0,0.0,0.0,0.0,0.0,0.0,,2,228,0
2713,2,1,1,49,1,0.0,0.0,0.0,0.0,306.7894819713431,,2,228,0
2714,1,0,3,0,0,0.0,0.0,0.0,0.0,0.0,,7,971,0
2715,1,1,3,17,0,0.0,0.0,0.0,0.0,0.0,,7,971,0
2716,1,0,1,22,0,934.0,11.0,2.0,1.0,0.0,,6,1231,1
2717,1,0,1,11,0,0.0,0.0,0.0,0.0,0.0,,7,966,1
2718,3,1,3,28,0,0.0,0.0,0.0,0.0,0.0,,5,393,0
2719,1,0,1,17,0,0.0,0.0,0.0,898.0,1.0,,6,1232,1
2720,1,1,1,47,0,0.0,0.0,0.0,0.0,0.0,,7,976,0
2721,3,0,3,29,0,171.0,490.0,519.0,0.0,0.0,,4,183,0
2722,3,1,1,46,0,0.0,0.0,0.0,0.0,0.0,,6,1142,0
2723,3,1,1,66,0,0.0,0.0,0.0,0.0,0.0,,5,382,1
2724,1,0,1,0,0,0.0,0.0,0.0,0.0,0.0,,7,978,0
2725,1,0,1,5,0,0.0,0.0,0.0,0.0,0.0,,7,978,0
2726,1,0,1,1,0,0.0,0.0,0.0,0.0,0.0,,7,978,0
2727,1,0,1,42,0,1.0,0.0,11.0,1185.0,4326.0,,7,978,0
2728,1,1,1,5,0,0.0,0.0,0.0,0.0,0.0,,7,978,0
2729,2,0,1,28,0,0.0,338.0,0.0,113.0,2887.0,,2,205,1
2730,2,0,1,41,0,0.0,1954.0,318.0,2554.0,724.0,,2,205,1
2731,3,0,1,30,0,249.0,0.0,269.0,223.0,717.0,,6,1240,1
2732,1,1,1,26,0,0.0,0.0,0.0,0.0,0.0,,7,972,1
2733,1,0,1,16,0,780.0,6.0,273.0,48.0,0.0,,6,1241,1
2734,1,1,1,22,0,0.0,0.0,0.0,0.0,0.0,,7,980,0
2735,1,0,3,20,0,0.0,76.0,3.0,0.0,492.0,,6,1244,1
2736,1,1,2,44,0,0.0,0.0,0.0,0.0,0.0,,7,977,1
2737,1,0,1,36,0,42.0,27.0,217.0,12.0,803.0,,6,1250,1
2738,1,0,2,6,0,0.0,0.0,0.0,0.0,0.0,,7,979,1
2739,1,0,2,13,0,1.0,154.0,486.0,43.0,0.0,,6,1149,0
2740,3,1,1,22,0,0.0,0.0,0.0,0.0,0.0,,6,1251,1
2741,3,0,1,69,0,7407.0,0.0,0.0,0.0,0.0,,6,1150,0
2742,3,0,1,40,0,1102.0,512.0,156.0,8.0,0.0,,4,184,0
2743,1,0,2,46,0,0.0,9.0,0.0,0.0,527.0,,7,981,1
2744,3,0,1,34,0,1139.0,0.0,0.0,1460.0,0.0,,6,1152,0
2745,1,0,1,39,0,51.0,322.0,1066.0,69.0,0.0,,6,1252,1
2746,3,0,1,37,0,1517.0,451.96167494677076,2104.0,0.0,147.0,,6,82,0
2747,1,1,3,13,0,0.0,0.0,0.0,0.0,0.0,,7,983,1
2748,1,0,3,20,0,0.0,141.0,0.0,0.0,581.0,,6,1155,0
2749,3,0,1,28,0,283.0,521.0,978.0,0.0,0.0,,4,187,0
2750,3,1,1,54,0,0.0,0.0,0.0,0.0,0.0,,5,399,0
2751,3,0,1,9,0,0.0,0.0,0.0,0.0,0.0,,6,1157,0
2752,1,0,1,61,0,0.0,1425.0,928.0,62.0,0.0,,6,1255,1
2753,1,1,1,18,0,0.0,0.0,0.0,0.0,0.0,,7,986,1
2754,1,1,1,28,0,0.0,0.0,0.0,0.0,0.0,,6,1256,1
2755,3,0,1,24,0,382.0,0.0,659.0,0.0,0.0,,6,1256,1
2756,3,1,1,24,0,0.0,0.0,0.0,0.0,0.0,,6,1256,1
2757,3,0,1,0,0,0.0,0.0,0.0,0.0,0.0,,6,1256,1
2758,1,0,3,30,0,291.0,0.0,0.0,889.0,157.0,,6,1158,0
2759,1,0,2,28,0,31.0,536.0,595.0,33.0,0.0,,6,1159,0
2760,1,0,1,26,0,106.0,1163.0,174.90603284902085,2.0,0.0,,6,1258,1
2761,1,1,1,26,0,0.0,0.0,0.0,0.0,0.0,,7,990,0
2762,1,1,1,3,0,222.89785157787045,0.0,0.0,0.0,0.0,,7,989,1
2763,1,0,1,30,0,53.0,495.0,0.0,0.0,240.0,,5,400,0
2764,3,0,1,51,0,0.0,223.0,864.0,13.0,208.0,,6,1164,0
2765,3,1,1,36,0,0.0,0.0,0.0,0.0,0.0,,6,1262,1
2766,1,0,1,18,0,0.0,0.0,0.0,0.0,1624.0,,5,402,0
2767,1,0,1,27,0,698.0,0.0,0.0,0.0,0.0,,6,1265,1
2768,3,1,1,36,0,0.0,0.0,0.0,0.0,0.0,,6,1168,0
2769,1,0,1,39,0,77.0,1.0,968.0,2.0,0.0,,5,403,0
2770,3,1,1,17,0,0.0,0.0,0.0,0.0,0.0,,6,1168,0
2771,1,0,1,24,0,36.0,0.0,0.0,212.0,863.0,,6,1269,1
2772,3,0,1,14,0,877.0,9.0,34.0,94.0,0.0,,5,405,0
2773,3,0,2,25,0,1049.0,0.0,831.0,0.0,0.0,,6,1271,1
2774,1,0,1,35,0,0.0,451.96167494677076,1090.0,0.0,0.0,,6,1171,0
2775,3,0,1,17,0,0.0,0.0,0.0,0.0,0.0,,5,392,1
2776,2,0,3,45,0,0.0,6962.0,0.0,883.0,3234.0,,5,393,1
2777,2,1,1,35,0,0.0,0.0,0.0,0.0,0.0,,5,393,1
2778,1,1,1,19,0,0.0,0.0,0.0,0.0,0.0,,7,993,1
2779,1,0,2,28,0,0.0,0.0,0.0,498.0,0.0,,7,994,1
2780,2,0,1,33,0,0.0,187.0,0.0,2758.0,564.0,,6,82,0
2781,2,1,1,22,0,0.0,0.0,0.0,0.0,0.0,,3,190,1
2782,1,1,3,32,0,0.0,0.0,0.0,0.0,0.0,,7,995,1
2783,1,0,3,25,0,0.0,0.0,233.0,63.0,340.0,,6,1180,0
2784,1,0,1,26,0,49.0,11.0,174.90603284902085,38.0,4.0,,5,408,0
2785,1,1,1,21,0,0.0,0.0,0.0,0.0,0.0,,7,997,0
2786,1,1,3,49,0,0.0,0.0,0.0,0.0,0.0,,7,996,1
2787,1,0,1,26,0,222.89785157787045,4157.0,19.0,0.0,0.0,,7,997,1
2788,1,0,3,20,0,0.0,2.0,1442.0,0.0,0.0,,6,1273,1
2789,2,0,3,28,0,90.0,1539.0,0.0,27.0,5611.0,,2,237,0
2790,1,0,1,35,0,30.0,4.0,525.0,1063.0,0.0,,5,411,0
2791,2,0,3,66,0,0.0,1029.0,174.90603284902085,1192.0,16514.0,,5,395,1
2792,3,1,1,47,0,0.0,0.0,0.0,0.0,0.0,,6,1182,0
2793,1,1,1,25,0,0.0,0.0,0.0,0.0,0.0,,7,1003,1
2794,1,0,2,23,0,0.0,1153.0,0.0,26.0,0.0,,6,1276,1
2795,3,1,1,19,0,222.89785157787045,0.0,0.0,0.0,0.0,,6,1184,0
2796,3,0,1,8,0,0.0,0.0,0.0,0.0,0.0,,6,1184,0
2797,3,0,1,42,0,1343.0,12.0,190.0,160.0,0.0,,6,1184,0
2798,3,0,1,33,0,711.0,12.0,1896.0,0.0,0.0,,6,1184,0
2799,1,0,1,29,0,870.0,0.0,1.0,0.0,0.0,,6,1186,0
2800,2,1,1,63,0,0.0,0.0,0.0,0.0,0.0,,2,210,1
2801,1,1,2,24,0,0.0,0.0,0.0,0.0,0.0,,7,1005,1
2802,3,0,1,62,0,500.0,0.0,123.0,0.0,0.0,,6,1277,1
2803,1,0,3,28,0,89.0,679.0,0.0,2.0,1.0,,7,1004,0
2804,2,0,1,52,0,0.0,12350.0,0.0,13983.0,1515.0,,3,232,0
2805,1,0,1,23,0,4.0,1754.0,0.0,0.0,0.0,,7,1005,0
2806,2,0,3,47,0,0.0,13.0,0.0,28.0,10587.0,,1,73,0
2807,2,1,3,50,0,0.0,0.0,0.0,0.0,0.0,,1,73,0
2808,2,1,1,32,0,0.0,0.0,0.0,308.4769036733407,0.0,,3,233,0
2809,1,1,1,33,0,0.0,0.0,0.0,0.0,0.0,,7,1006,1
2810,1,0,1,26,0,0.0,0.0,644.0,28.0,0.0,,6,1281,1
2811,2,1,1,20,0,0.0,0.0,0.0,0.0,0.0,,2,240,0
2812,2,0,3,28,0,0.0,845.0,0.0,694.0,3272.0,,2,240,0
2813,3,1,1,38,0,0.0,0.0,0.0,0.0,0.0,,6,1189,0
2814,1,0,1,42,0,0.0,2.0,0.0,0.0,1394.0,,6,1285,1
2815,1,1,1,0,0,0.0,0.0,0.0,0.0,0.0,,7,1008,0
2816,1,1,1,23,0,0.0,0.0,0.0,0.0,0.0,,7,1008,0
2817,1,0,1,39,0,108.0,75.0,0.0,271.0,330.0,,7,1008,0
2818,1,0,2,25,0,560.0,0.0,79.0,2.0,29.0,,6,1193,0
2819,1,0,3,17,0,0.0,50.0,1211.0,0.0,527.0,,7,1009,0
2820,1,1,2,15,0,0.0,0.0,0.0,0.0,0.0,,7,1009,0
2821,2,1,1,31,0,0.0,0.0,0.0,0.0,0.0,,2,211,1
2822,1,1,1,49,0,0.0,0.0,0.0,308.4769036733407,0.0,,5,415,0
2823,2,1,1,41,0,0.0,0.0,0.0,0.0,0.0,,2,242,0
2824,2,0,1,37,0,213.0,5.0,0.0,439.0,1190.0,,1,61,1
2825,2,1,1,27,0,0.0,0.0,0.0,0.0,0.0,,1,61,1
2826,3,0,1,13,0,911.0,3.0,620.0,161.0,0.0,,6,1288,1
2827,2,1,1,42,0,0.0,0.0,0.0,0.0,0.0,,2,212,1
2828,1,1,1,21,0,0.0,0.0,0.0,0.0,0.0,,7,1010,1
2829,1,0,1,29,0,58.0,233.0,1.0,535.0,0.0,,6,1290,1
2830,1,1,1,0,0,0.0,0.0,0.0,0.0,0.0,,7,1010,1
2831,1,0,2,19,0,0.0,599.0,0.0,0.0,0.0,,6,1291,1
2832,1,0,1,36,0,0.0,3.0,617.0,106.0,62.0,,5,399,1
2833,3,0,2,31,0,1462.0,0.0,10.0,76.0,212.0,,6,1292,1
2834,3,0,1,16,0,3504.0,143.0,3.0,739.0,1.0,,4,194,1
2835,3,1,1,42,0,0.0,0.0,0.0,0.0,0.0,,5,400,1
2836,3,1,1,16,0,0.0,0.0,0.0,0.0,0.0,,5,400,1
2837,2,0,1,23,0,65.0,805.0,0.0,27.0,7643.0,,2,214,1
2838,2,0,1,42,0,0.0,1090.0,0.0,769.0,2.0,,2,214,1
2839,2,1,1,34,0,0.0,451.96167494677076,0.0,0.0,0.0,,2,214,1
2840,2,1,3,38,0,0.0,0.0,0.0,0.0,0.0,,2,214,1
2841,2,1,3,21,0,0.0,0.0,0.0,0.0,0.0,,2,214,1
2842,2,1,1,25,0,0.0,0.0,0.0,0.0,0.0,,2,214,1
2843,2,0,3,30,0,1.0,2076.0,0.0,0.0,1519.0,,2,244,0
2844,2,0,1,40,0,0.0,424.0,0.0,2593.0,324.0,,2,244,0
2845,2,1,3,31,0,0.0,0.0,0.0,0.0,0.0,,2,244,0
2846,3,0,3,20,0,80.0,580.0,96.0,415.0,0.0,,6,1298,1
2847,3,1,1,37,0,0.0,0.0,0.0,0.0,0.0,,6,1298,1
2848,1,0,1,26,0,0.0,0.0,802.0,0.0,2.0,,6,1299,1
2849,3,1,3,22,0,0.0,0.0,0.0,0.0,0.0,,6,1204,0
2850,3,1,1,21,0,0.0,0.0,0.0,0.0,0.0,,6,1204,0
2851,3,1,1,33,0,0.0,0.0,0.0,0.0,0.0,,6,1300,1
2852,1,0,1,40,0,0.0,0.0,81.0,4.0,360.0,,7,1016,0
2853,1,0,1,11,0,0.0,0.0,0.0,0.0,0.0,,7,1016,0
2854,1,0,1,27,0,51.0,451.96167494677076,0.0,659.0,0.0,,7,1017,0
2855,1,0,1,22,0,222.89785157787045,0.0,0.0,0.0,792.0,,5,416,0
2856,2,1,1,40,0,0.0,0.0,0.0,0.0,0.0,,2,246,0
2857,2,0,1,61,1,0.0,0.0,495.0,1482.0,723.0,,2,246,0
2858,2,1,3,28,0,0.0,0.0,0.0,0.0,0.0,,2,246,0
2859,2,0,1,24,0,0.0,244.0,4471.0,5.0,0.0,,2,246,0
2860,1,0,1,43,0,1009.0,0.0,3.0,0.0,0.0,,7,1019,0
2861,1,1,1,22,0,0.0,0.0,0.0,0.0,0.0,,7,1021,0
2862,2,1,3,14,0,0.0,0.0,0.0,0.0,0.0,,4,197,1
2863,2,0,1,56,0,2071.0,3232.0,0.0,405.0,2.0,,4,197,1
2864,3,1,1,35,0,0.0,0.0,0.0,0.0,0.0,,6,1302,1
2865,1,0,1,62,0,0.0,19.0,219.0,0.0,670.0,,7,1016,1
2866,1,1,1,44,0,0.0,0.0,0.0,0.0,0.0,,7,1022,0
2867,1,0,3,32,0,7.0,0.0,9.0,308.4769036733407,0.0,,6,1306,1
2868,3,0,1,26,0,1243.0,0.0,51.0,4.0,0.0,,5,417,0
2869,1,0,1,22,0,0.0,716.0,0.0,0.0,0.0,,6,1207,0
2870,2,0,3,56,0,0.0,2854.0,25.0,279.0,48.0,,6,82,0
2871,2,0,1,29,0,0.0,602.0,259.0,1394.0,14587.0,,1,63,1
2872,1,0,1,21,0,80.0,0.0,0.0,0.0,730.0,,7,1024,0
2873,2,0,1,34,0,3186.0,687.0,73.0,308.4769036733407,828.0,,3,236,0
2874,1,1,1,35,0,0.0,0.0,0.0,0.0,0.0,,7,1021,1
2875,1,0,1,18,0,0.0,0.0,866.0,0.0,0.0,,6,1310,1
2876,1,1,1,23,0,0.0,0.0,0.0,0.0,0.0,,7,1021,1
2877,1,0,3,18,0,257.0,1.0,0.0,0.0,900.0,,6,1310,1
2878,1,0,1,24,0,222.89785157787045,0.0,0.0,0.0,828.0,,6,1310,1
2879,1,1,2,19,0,0.0,0.0,0.0,0.0,0.0,,7,1021,1
2880,1,0,1,62,0,0.0,0.0,0.0,0.0,0.0,,7,1021,1
2881,1,0,1,52,0,0.0,289.0,0.0,0.0,682.0,,6,1310,1
2882,1,0,1,37,0,0.0,0.0,0.0,1065.0,0.0,,6,1311,1
2883,1,0,1,21,0,154.0,0.0,635.0,0.0,0.0,,5,422,0
2884,1,1,1,48,0,0.0,0.0,0.0,0.0,0.0,,7,1029,0
2885,3,0,1,43,0,69.0,1439.0,528.0,0.0,268.0,,4,198,1
2886,3,0,1,18,0,1839.0,0.0,225.0,11.0,0.0,,5,402,1
2887,3,1,1,33,0,0.0,0.0,0.0,0.0,0.0,,6,1211,0
2888,3,1,1,33,0,0.0,0.0,0.0,0.0,0.0,,6,1211,0
2889,2,0,1,29,0,222.89785157787045,0.0,0.0,0.0,0.0,,2,215,1
2890,2,1,3,66,0,0.0,0.0,0.0,0.0,0.0,,4,192,0
2891,2,0,1,41,0,0.0,9788.0,8.0,0.0,36.0,,4,192,0
2892,1,0,1,17,0,0.0,981.0,0.0,6.0,0.0,,5,404,1
2893,1,0,3,8,0,0.0,0.0,0.0,0.0,0.0,,7,1024,1
2894,1,0,3,20,0,2.0,0.0,18.0,844.0,581.0,,6,1317,1
2895,1,0,3,25,0,60.0,293.0,0.0,0.0,0.0,,7,1025,1
2896,1,1,1,47,0,0.0,0.0,0.0,0.0,0.0,,7,1032,0
2897,1,0,2,40,0,1249.0,41.0,0.0,258.0,0.0,,6,1321,1
2898,3,1,1,26,0,0.0,0.0,0.0,0.0,0.0,,6,1218,0
2899,1,0,1,19,0,257.0,0.0,47.0,685.0,1194.0,,6,1219,0
2900,1,0,2,35,0,718.0,0.0,383.0,67.0,32.0,,6,1220,0
2901,1,1,1,0,0,0.0,0.0,174.90603284902085,0.0,0.0,,7,1035,0
2902,1,0,3,12,0,0.0,0.0,174.90603284902085,0.0,0.0,,7,1035,0
2903,1,0,2,37,0,18.0,0.0,646.0,6.0,102.0,,7,1035,0
2904,1,0,1,38,0,0.0,0.0,761.0,308.4769036733407,25.0,,5,425,0
2905,1,0,3,34,0,0.0,712.0,9.0,0.0,0.0,,6,1324,1
2906,1,0,1,30,0,228.0,503.0,73.0,0.0,60.0,,6,1325,1
2907,3,0,3,22,0,2642.0,0.0,5.0,15.0,0.0,,6,1221,0
2908,3,1,1,23,0,0.0,0.0,0.0,308.4769036733407,0.0,,6,82,0
2909,3,1,1,59,0,0.0,0.0,0.0,0.0,0.0,,6,1326,1
2910,3,1,1,19,0,0.0,0.0,0.0,0.0,0.0,,6,1222,0
2911,3,1,1,16,0,0.0,0.0,0.0,0.0,0.0,,5,406,1
2912,1,0,1,22,0,28.0,727.0,1.0,36.0,0.0,,5,426,0
2913,2,0,1,30,0,201.0,2875.0,0.0,75.0,6.0,,3,196,1
2914,2,0,3,26,0,108.0,350.0,0.0,2941.0,85.0,,3,196,1
2915,1,0,1,18,0,0.0,4.0,1.0,483.0,205.0,,6,1327,1
2916,2,0,1,29,0,0.0,536.0,0.0,1644.0,4.0,,4,201,1
2917,2,0,1,32,0,0.0,85.0,0.0,2077.0,802.0,,4,201,1
2918,3,1,1,33,0,0.0,451.96167494677076,0.0,0.0,0.0,,6,1226,0
2919,1,0,1,20,0,330.0,1400.0,20.0,0.0,66.0,,7,1036,1
2920,2,0,3,55,0,1.0,9322.0,26.0,12690.0,137.0,,3,239,0
2921,3,0,1,41,0,1455.0,0.0,0.0,1.0,0.0,,6,1332,1
2922,3,1,1,22,0,0.0,0.0,0.0,0.0,0.0,,5,409,1
2923,3,0,1,61,0,786.0,451.96167494677076,117.0,144.0,0.0,,5,429,0
2924,3,1,1,20,0,0.0,0.0,0.0,0.0,0.0,,6,1333,1
2925,1,0,1,57,0,0.0,786.0,0.0,23.0,0.0,,7,1042,0
2926,1,0,1,17,0,119.0,81.0,0.0,37.0,479.0,,6,1227,0
2927,2,0,1,60,0,0.0,60.0,0.0,4.0,3994.0,,3,199,1
2928,1,1,2,20,0,0.0,0.0,0.0,0.0,0.0,,7,1040,1
2929,1,0,3,20,0,321.0,0.0,12.0,306.0,0.0,,6,1335,1
2930,1,0,1,40,0,3.0,0.0,0.0,714.0,1081.0,,7,1042,1
2931,2,0,1,28,0,0.0,7388.0,0.0,897.0,1098.0,,4,195,0
2932,1,0,2,17,0,0.0,0.0,0.0,0.0,0.0,,7,1048,0
2933,1,0,1,18,0,0.0,27.0,0.0,526.0,6.0,,6,1235,0
2934,2,0,3,46,0,0.0,9540.0,174.90603284902085,0.0,22272.0,,3,240,0
2935,1,1,2,29,0,0.0,0.0,0.0,0.0,0.0,,7,1049,0
2936,1,0,1,25,0,330.0,5.0,642.0,42.0,0.0,,7,1051,0
2937,1,0,1,59,0,0.0,1.0,0.0,34.0,872.0,,7,1048,1
2938,2,1,3,17,0,0.0,0.0,0.0,0.0,0.0,,1,78,0
2939,2,0,1,65,0,0.0,0.0,0.0,0.0,0.0,,1,78,0
2940,3,1,1,32,0,0.0,0.0,0.0,0.0,0.0,,6,1341,1
2941,1,0,1,35,0,0.0,702.0,63.0,12.0,101.0,,6,1342,1
2942,2,1,1,18,0,0.0,0.0,0.0,0.0,0.0,,5,434,0
2943,1,0,3,23,0,0.0,0.0,0.0,0.0,722.0,,6,1239,0
2944,1,0,1,27,0,12.0,27.0,6.0,740.0,0.0,,7,1054,0
2945,1,1,1,0,0,0.0,0.0,0.0,0.0,0.0,,7,1054,0
2946,1,0,1,26,0,0.0,87.0,0.0,722.0,0.0,,7,1056,0
2947,1,1,1,38,0,0.0,451.96167494677076,0.0,0.0,0.0,,7,1051,1
2948,1,0,1,35,0,224.0,150.0,429.0,1.0,0.0,,6,1345,1
2949,1,0,1,32,0,6.0,952.0,0.0,33.0,5.0,,5,435,0
2950,1,0,2,9,0,0.0,0.0,0.0,0.0,0.0,,7,1057,0
2951,1,0,1,11,0,0.0,0.0,0.0,0.0,0.0,,7,1052,1
2952,1,0,1,13,0,2195.0,0.0,21.0,0.0,0.0,,6,1346,1
2953,1,0,1,2,0,0.0,0.0,0.0,0.0,0.0,,7,1052,1
2954,1,0,2,12,0,0.0,0.0,0.0,0.0,0.0,,7,1052,1
2955,1,0,1,27,0,0.0,0.0,0.0,761.0,141.0,,6,1346,1
2956,1,1,2,14,0,0.0,0.0,0.0,0.0,0.0,,7,1052,1
2957,1,1,1,37,0,0.0,0.0,0.0,0.0,0.0,,7,1052,1
2958,1,1,2,6,0,0.0,0.0,0.0,0.0,0.0,,7,1052,1
2959,2,1,3,36,0,0.0,0.0,0.0,308.4769036733407,0.0,,3,202,1
2960,2,0,1,27,0,0.0,16250.0,2332.0,2442.0,1152.0,,3,202,1
2961,1,0,1,20,0,705.0,0.0,174.90603284902085,0.0,1.0,,6,82,0
2962,1,0,2,24,0,1463.0,0.0,84.0,0.0,2.0,,6,1241,0
2963,1,0,3,21,0,0.0,45.0,0.0,377.0,284.0,,7,1059,0
2964,1,1,3,50,0,0.0,0.0,0.0,0.0,0.0,,7,1054,1
2965,1,0,1,18,0,0.0,1354.0,0.0,0.0,9.0,,6,1349,1
2966,2,1,1,34,0,0.0,0.0,174.90603284902085,0.0,0.0,,3,241,0
2967,2,1,3,22,0,0.0,0.0,0.0,0.0,0.0,,3,241,0
2968,3,1,1,63,0,0.0,0.0,0.0,0.0,0.0,,6,82,0
2969,3,0,1,39,1,1096.0,0.0,647.0,7.0,0.0,,6,1351,1
2970,3,0,1,26,0,1018.0,0.0,0.0,0.0,42.0,,4,206,1
2971,3,0,3,27,0,946.0,96.0,26.0,5.0,0.0,,6,1247,0
2972,1,1,2,17,0,0.0,0.0,0.0,0.0,0.0,,6,82,0
2973,1,1,2,39,0,0.0,0.0,0.0,0.0,0.0,,7,1057,1
2974,1,0,3,26,0,0.0,405.0,2.0,101.0,251.0,,6,1352,1
2975,1,1,1,30,0,0.0,0.0,0.0,308.4769036733407,0.0,,7,1058,1
2976,1,0,1,26,0,10.0,164.0,0.0,590.0,0.0,,6,1353,1
2977,3,0,3,34,0,1178.0,0.0,1.0,1.0,0.0,,4,197,0
2978,1,0,1,24,0,0.0,616.0,0.0,0.0,188.0,,6,1354,1
2979,1,0,1,21,0,0.0,0.0,129.0,662.0,0.0,,6,1355,1
2980,2,0,1,25,0,0.0,571.0,0.0,467.0,913.0,,3,203,1
2981,1,0,3,64,0,928.0,34.0,0.0,0.0,0.0,,6,1249,0
2982,1,0,1,40,0,1.0,1973.0,0.0,0.0,5.0,,6,1357,1
2983,1,0,3,28,0,0.0,509.0,0.0,3828.0,707.0,,2,252,0
2984,1,0,2,23,0,0.0,880.0,1117.0,0.0,0.0,,6,1359,1
2985,3,1,1,46,0,0.0,0.0,0.0,0.0,0.0,,5,416,1
2986,1,0,3,22,0,0.0,3.0,726.0,0.0,4.0,,6,1361,1
2987,1,0,1,0,0,0.0,0.0,0.0,0.0,0.0,,7,1066,0
2988,1,0,1,8,0,0.0,0.0,0.0,0.0,0.0,,7,1066,0
2989,1,0,1,35,0,252.0,6.0,878.0,0.0,3.0,,6,1252,0
2990,2,0,1,22,0,0.0,3789.0,0.0,1178.0,5.0,,3,204,1
2991,2,1,1,29,0,0.0,0.0,0.0,0.0,0.0,,3,204,1
2992,1,0,1,25,0,99.0,451.96167494677076,6.0,0.0,914.0,,7,1062,1
2993,1,0,1,24,0,701.0,23.0,0.0,0.0,0.0,,6,1367,1
2994,2,1,3,26,0,0.0,0.0,0.0,0.0,0.0,,3,244,0
2995,3,1,1,20,0,0.0,0.0,0.0,0.0,0.0,,6,1368,1
2996,1,0,1,40,0,22.0,451.96167494677076,830.0,66.0,0.0,,6,1258,0
2997,1,0,2,28,0,3.0,4.0,35.0,328.0,325.0,,6,1258,0
2998,1,1,1,22,0,0.0,0.0,0.0,0.0,0.0,,7,1069,0
2999,1,1,2,23,0,0.0,0.0,0.0,0.0,0.0,,7,1065,1
3000,1,0,1,26,0,0.0,0.0,0.0,86.0,306.7894819713431,,6,1369,1
3001,1,0,1,19,0,0.0,5649.0,0.0,0.0,0.0,,7,1070,0
3002,3,0,1,35,0,1162.0,0.0,4.0,7.0,0.0,,5,418,1
3003,1,1,3,41,0,0.0,0.0,0.0,0.0,0.0,,7,1072,0
3004,2,1,1,37,0,0.0,0.0,0.0,0.0,0.0,,5,419,1
3005,3,0,1,44,0,3.0,745.0,214.0,0.0,0.0,,4,207,1
3006,3,0,1,34,0,2455.0,0.0,8.0,175.0,0.0,,6,1371,1
3007,1,0,1,39,0,0.0,134.0,0.0,704.0,7.0,,7,1075,0
3008,3,0,1,27,0,19.0,0.0,2461.0,0.0,0.0,,6,1264,0
3009,3,0,1,32,0,881.0,0.0,0.0,9.0,56.0,,5,439,0
3010,1,1,3,13,0,0.0,0.0,0.0,0.0,0.0,,7,1076,0
3011,1,0,3,10,0,0.0,0.0,0.0,0.0,0.0,,7,1076,0
3012,3,0,1,28,0,222.89785157787045,369.0,579.0,0.0,0.0,,6,1373,1
3013,1,1,1,25,0,0.0,0.0,0.0,0.0,0.0,,7,1068,1
3014,1,0,1,28,0,0.0,0.0,0.0,0.0,0.0,,7,1077,0
3015,1,0,1,27,0,864.0,1.0,0.0,0.0,23.0,,7,1077,0
3016,1,0,1,29,0,121.0,0.0,55.0,12.0,638.0,,6,82,0
3017,1,0,3,6,0,0.0,0.0,0.0,0.0,0.0,,7,1077,0
3018,1,0,1,2,0,0.0,0.0,0.0,0.0,0.0,,6,82,0
3019,1,1,2,6,0,0.0,0.0,0.0,0.0,0.0,,7,1077,0
3020,3,1,1,24,0,0.0,0.0,0.0,0.0,0.0,,6,1376,1
3021,2,1,1,31,0,0.0,0.0,0.0,0.0,0.0,,6,82,0
3022,2,1,3,35,0,0.0,0.0,0.0,0.0,0.0,,3,206,1
3023,2,1,3,13,0,0.0,0.0,0.0,0.0,0.0,,3,206,1
3024,2,0,1,64,0,0.0,495.0,0.0,2420.0,1844.0,,3,207,1
3025,1,0,1,18,0,0.0,0.0,1709.0,0.0,0.0,,6,1380,1
3026,1,0,1,32,0,0.0,0.0,2153.0,0.0,0.0,,6,1269,0
3027,1,0,1,21,0,185.0,41.0,510.0,0.0,0.0,,6,1382,1
3028,1,1,1,13,0,0.0,0.0,0.0,0.0,0.0,,7,1080,0
3029,2,1,3,43,0,0.0,0.0,0.0,0.0,0.0,,2,220,1
3030,1,0,1,39,0,0.0,285.0,65.0,320.0,213.0,,7,1082,0
3031,1,1,2,26,0,0.0,0.0,0.0,0.0,0.0,,7,1076,1
3032,1,0,2,21,0,484.0,0.0,104.0,66.0,34.0,,6,1275,0
3033,1,0,1,18,0,0.0,1826.0,53.0,127.0,0.0,,6,1276,0
3034,1,1,1,27,0,0.0,0.0,0.0,0.0,0.0,,7,1078,1
3035,3,0,1,28,0,0.0,0.0,0.0,0.0,0.0,,6,1277,0
3036,3,0,1,27,0,0.0,0.0,0.0,0.0,0.0,,6,1277,0
3037,3,0,1,29,0,1249.0,451.96167494677076,1005.0,369.0,0.0,,6,1277,0
3038,3,0,1,20,0,173.0,436.0,258.0,0.0,0.0,,4,199,0
3039,1,0,2,26,0,0.0,48.0,408.0,126.0,66.0,,6,1386,1
3040,1,1,2,28,0,0.0,0.0,0.0,0.0,0.0,,7,1080,1
3041,3,0,3,34,0,1548.0,544.0,533.0,150.0,2.0,,4,201,0
3042,3,1,1,15,0,0.0,0.0,0.0,308.4769036733407,0.0,,4,201,0
3043,1,0,3,24,0,487.0,0.0,174.90603284902085,0.0,0.0,,7,1081,1
3044,3,1,1,26,0,0.0,0.0,0.0,0.0,0.0,,6,1389,1
3045,3,0,1,14,0,599.0,229.0,2396.0,0.0,0.0,,4,209,1
3046,1,0,3,24,0,153.0,0.0,1153.0,0.0,3185.0,,5,441,0
3047,2,0,1,31,0,222.89785157787045,3866.0,0.0,381.0,2168.0,,3,211,1
3048,3,0,1,21,0,1478.0,0.0,378.0,0.0,84.0,,4,202,0
3049,2,1,1,28,0,0.0,0.0,0.0,0.0,0.0,,2,223,1
3050,3,0,1,19,0,1043.0,13.0,28.0,0.0,0.0,,6,1281,0
3051,3,0,1,50,0,286.0,0.0,735.0,20.0,0.0,,6,1281,0
3052,1,1,1,15,0,0.0,0.0,0.0,0.0,0.0,,7,1090,0
3053,1,0,3,34,0,36.0,229.0,468.0,72.0,0.0,,6,1391,1
3054,1,0,1,35,0,14.0,320.0,1078.0,0.0,3.0,,6,82,0
3055,1,1,1,34,0,0.0,0.0,0.0,0.0,0.0,,7,1086,1
3056,1,0,1,36,0,0.0,0.0,0.0,808.0,0.0,,7,1086,1
3057,2,1,1,27,0,0.0,0.0,0.0,0.0,0.0,,2,257,0
3058,3,0,1,30,0,14.0,0.0,41.0,1647.0,0.0,,6,1394,1
3059,3,0,1,34,0,0.0,0.0,0.0,0.0,0.0,,5,442,0
3060,1,0,1,45,0,1.0,0.0,510.0,0.0,736.0,,6,1282,0
3061,1,1,1,21,0,0.0,451.96167494677076,0.0,0.0,0.0,,7,1093,0
3062,1,0,1,56,0,0.0,0.0,144.0,554.0,129.0,,5,443,0
3063,1,0,1,21,0,507.0,85.0,305.0,0.0,11.0,,7,1094,0
3064,1,0,1,28,0,9.0,101.0,34.0,555.0,5.0,,5,430,1
3065,1,0,1,38,0,0.0,11.0,25.0,938.0,14.0,,5,444,0
3066,2,1,3,34,0,0.0,0.0,0.0,0.0,0.0,,2,225,1
3067,2,0,1,33,0,0.0,4283.0,0.0,1294.0,1412.0,,3,212,1
3068,2,1,3,34,0,0.0,0.0,0.0,0.0,0.0,,4,211,1
3069,1,0,1,19,0,1177.0,1619.0,0.0,0.0,0.0,,6,1398,1
3070,1,0,1,19,0,0.0,649.0,54.0,0.0,0.0,,6,1283,0
3071,1,0,1,17,0,2379.0,0.0,1.0,42.0,166.0,,6,1284,0
3072,1,0,1,20,0,222.89785157787045,0.0,610.0,0.0,0.0,,7,1091,1
3073,3,0,3,22,0,451.0,0.0,490.0,1.0,19.0,,4,204,0
3074,3,1,1,35,0,0.0,0.0,0.0,0.0,0.0,,4,204,0
3075,3,0,1,50,0,949.0,24.0,63.0,0.0,271.0,,6,1285,0
3076,3,1,1,19,0,0.0,0.0,0.0,0.0,0.0,,6,1288,0
3077,1,0,1,23,0,699.0,0.0,904.0,0.0,0.0,,5,447,0
3078,1,0,3,38,0,432.0,0.0,0.0,158.0,82.0,,7,1099,0
3079,1,0,1,20,0,0.0,5.0,1.0,769.0,0.0,,6,1291,0
3080,1,0,1,31,0,1155.0,0.0,0.0,0.0,0.0,,6,1401,1
3081,1,1,2,28,0,0.0,0.0,0.0,0.0,0.0,,7,1096,1
3082,3,0,1,36,0,1273.0,0.0,3.0,642.0,700.0,,6,1296,0
3083,3,0,1,27,0,134.0,73.0,509.0,308.4769036733407,0.0,,6,1296,0
3084,1,0,1,66,0,0.0,429.0,0.0,298.0,997.0,,7,1100,0
3085,3,1,1,14,0,0.0,0.0,0.0,0.0,0.0,,6,1297,0
3086,2,1,3,29,0,0.0,0.0,0.0,0.0,0.0,,2,227,1
3087,2,1,3,34,0,0.0,0.0,0.0,0.0,0.0,,2,227,1
3088,2,1,3,13,0,0.0,0.0,0.0,0.0,0.0,,2,227,1
3089,1,0,1,47,0,0.0,0.0,4.0,898.0,0.0,,6,1298,0
3090,1,1,1,26,0,0.0,0.0,0.0,0.0,0.0,,7,1099,1
3091,1,0,1,50,0,166.0,0.0,514.0,114.0,0.0,,6,1406,1
3092,2,1,3,38,0,0.0,0.0,0.0,0.0,0.0,,3,216,1
3093,1,1,3,59,0,0.0,0.0,174.90603284902085,0.0,0.0,,1,83,0
3094,1,1,1,43,0,0.0,0.0,0.0,0.0,0.0,,7,1101,1
3095,1,1,1,30,0,0.0,0.0,0.0,0.0,0.0,,7,1102,1
3096,1,0,2,33,0,455.0,0.0,11.0,0.0,302.0,,7,1103,0
3097,1,0,3,33,0,0.0,1601.0,57.0,0.0,0.0,,6,82,0
3098,2,0,1,42,0,88.0,2062.0,0.0,25.0,0.0,,2,228,1
3099,2,1,1,17,0,0.0,0.0,0.0,0.0,0.0,,2,228,1
3100,3,0,1,18,1,988.0,0.0,732.0,356.0,0.0,,5,433,1
3101,1,0,1,34,0,512.0,38.0,0.0,26.0,284.0,,6,1413,1
3102,1,0,1,46,0,0.0,445.0,8.0,146.0,0.0,,6,1301,0
3103,1,0,1,35,0,0.0,623.0,139.0,0.0,109.0,,6,1302,0
3104,1,0,3,40,0,66.0,1029.0,62.0,0.0,0.0,,6,1415,1
3105,1,1,1,26,0,222.89785157787045,0.0,0.0,0.0,0.0,,7,1106,1
3106,1,0,1,43,0,0.0,0.0,9.0,698.0,81.0,,5,434,1
3107,1,1,2,41,0,0.0,451.96167494677076,0.0,0.0,0.0,,7,1107,1
3108,1,0,1,31,0,1.0,227.0,0.0,495.0,0.0,,7,1105,0
3109,1,0,1,23,0,29.0,451.96167494677076,0.0,787.0,0.0,,7,1105,0
3110,1,0,1,25,0,0.0,2.0,476.0,421.0,2.0,,6,1303,0
3111,1,0,1,37,0,244.0,0.0,182.0,0.0,489.0,,7,1106,0
3112,1,1,2,14,0,0.0,0.0,0.0,0.0,0.0,,7,1106,0
3113,1,1,1,3,0,0.0,451.96167494677076,0.0,0.0,0.0,,7,1106,0
3114,1,1,2,18,0,0.0,0.0,0.0,0.0,306.7894819713431,,7,1107,0
3115,1,1,1,35,0,0.0,0.0,0.0,0.0,0.0,,7,1110,0
3116,1,1,2,19,0,0.0,0.0,0.0,0.0,0.0,,7,1110,1
3117,3,1,2,39,0,0.0,0.0,0.0,0.0,0.0,,5,453,0
3118,3,0,1,48,0,222.89785157787045,0.0,149.0,4.0,0.0,,5,453,0
3119,1,0,1,27,0,365.0,305.0,0.0,13.0,225.0,,7,1112,0
3120,2,1,1,3,0,0.0,0.0,0.0,0.0,0.0,,3,217,1
3121,2,0,1,28,0,0.0,6562.0,0.0,3430.0,18670.0,,3,217,1
3122,2,0,3,34,0,695.0,2325.0,0.0,21.0,9626.0,,3,217,1
3123,3,0,1,31,0,631.0,0.0,898.0,27.0,43.0,,6,1423,1
3124,2,1,3,60,0,0.0,0.0,0.0,0.0,0.0,,1,69,1
3125,1,0,1,45,0,2.0,0.0,59.0,2.0,1754.0,,7,1112,1
3126,2,0,3,48,0,222.89785157787045,996.0,197.0,151.0,4532.0,,1,70,1
3127,2,0,1,21,0,0.0,633.0,0.0,5865.0,145.0,,4,207,0
3128,1,0,2,24,0,0.0,380.0,225.0,0.0,306.7894819713431,,6,1308,0
3129,1,0,1,16,0,0.0,1.0,0.0,964.0,0.0,,6,1308,0
3130,1,0,1,19,0,0.0,490.0,0.0,159.0,0.0,,6,1425,1
3131,3,0,3,26,0,2676.0,1.0,143.0,0.0,0.0,,6,1309,0
3132,1,0,1,22,0,804.0,0.0,0.0,2.0,0.0,,6,1426,1
3133,1,0,1,33,0,0.0,0.0,723.0,108.0,115.0,,6,1312,0
3134,3,0,1,44,1,542.0,3.0,46.0,674.0,0.0,,4,209,0
3135,1,1,1,27,0,0.0,0.0,0.0,0.0,0.0,,7,1114,1
3136,1,1,2,23,0,0.0,0.0,0.0,0.0,0.0,,7,1117,0
3137,2,0,3,43,0,0.0,1592.0,0.0,1738.0,0.0,,2,230,1
3138,2,0,1,14,0,4207.0,689.0,0.0,0.0,558.0,,2,230,1
3139,2,0,3,41,0,60.0,3146.0,0.0,12.0,479.0,,2,230,1
3140,1,0,1,20,0,0.0,670.0,0.0,0.0,22.0,,6,1313,0
3141,1,0,1,0,0,0.0,0.0,0.0,0.0,0.0,,7,1118,0
3142,1,1,1,2,0,0.0,0.0,0.0,0.0,0.0,,7,1118,0
3143,1,0,3,22,0,20.0,155.0,0.0,373.0,90.0,,6,1429,1
3144,3,1,1,29,0,0.0,0.0,0.0,0.0,0.0,,6,1314,0
3145,3,0,3,35,0,333.0,10.0,1063.0,7.0,365.0,,4,210,0
3146,1,1,1,20,0,0.0,0.0,0.0,0.0,0.0,,7,1115,1
3147,1,1,2,16,0,0.0,0.0,0.0,0.0,0.0,,7,1121,0
3148,2,0,1,38,0,222.89785157787045,1501.0,219.0,470.0,173.0,,3,219,1
3149,2,1,1,35,0,0.0,0.0,0.0,0.0,0.0,,3,219,1
3150,2,0,1,19,0,0.0,0.0,0.0,0.0,0.0,,3,219,1
3151,2,0,2,25,1,5100.0,150.0,0.0,170.0,0.0,,3,219,1
3152,1,0,1,32,0,1.0,15.0,0.0,1.0,773.0,,5,458,0
3153,1,0,1,24,0,449.0,0.0,1.0,0.0,244.0,,5,439,1
3154,1,1,1,20,0,0.0,0.0,0.0,0.0,0.0,,7,1116,1
3155,1,1,1,27,0,0.0,0.0,0.0,0.0,0.0,,7,1116,1
3156,1,0,1,18,0,2.0,7.0,761.0,75.0,0.0,,7,1116,1
3157,2,1,1,31,0,0.0,0.0,0.0,0.0,0.0,,2,231,1
3158,1,1,1,47,0,0.0,0.0,0.0,0.0,0.0,,7,1125,0
3159,2,1,1,58,0,0.0,0.0,0.0,0.0,0.0,,2,232,1
3160,1,1,2,37,0,0.0,0.0,0.0,0.0,0.0,,6,82,0
3161,1,1,2,35,0,0.0,0.0,0.0,0.0,0.0,,7,1119,1
3162,3,1,1,38,0,0.0,0.0,0.0,0.0,0.0,,6,1434,1
3163,1,0,1,32,0,0.0,270.0,0.0,560.0,84.0,,7,1121,1
3164,2,1,3,35,0,0.0,0.0,0.0,0.0,0.0,,5,442,1
3165,2,0,1,27,0,0.0,0.0,0.0,308.4769036733407,0.0,,5,442,1
3166,1,0,1,61,0,703.0,0.0,0.0,0.0,0.0,,6,1437,1
3167,3,0,1,72,0,2596.0,0.0,193.0,0.0,0.0,,4,218,1
3168,3,0,1,30,0,1265.0,451.96167494677076,0.0,838.0,0.0,,5,444,1
3169,3,1,1,14,0,0.0,0.0,0.0,0.0,0.0,,6,1438,1
3170,1,1,1,28,0,0.0,0.0,174.90603284902085,0.0,0.0,,7,1123,1
3171,1,1,1,20,0,0.0,0.0,0.0,0.0,0.0,,7,1125,1
3172,1,1,1,41,0,0.0,0.0,0.0,0.0,0.0,,7,1132,0
3173,1,1,1,29,0,0.0,0.0,0.0,0.0,0.0,,7,1133,0
3174,2,1,1,32,0,0.0,0.0,0.0,0.0,0.0,,3,224,1
3175,1,0,1,33,0,250.0,279.0,329.0,12.0,0.0,,6,1440,1
3176,1,0,1,27,0,0.0,216.0,168.0,251.0,53.0,,6,1441,1
3177,1,0,3,21,0,11.0,0.0,0.0,499.0,77.0,,6,1442,1
3178,1,0,1,21,0,11.0,653.0,0.0,35.0,61.0,,6,1443,1
3179,1,0,1,18,0,646.0,0.0,0.0,1444.0,0.0,,6,1327,0
3180,1,1,3,3,0,0.0,0.0,0.0,0.0,0.0,,7,1134,0
3181,1,1,2,0,0,0.0,0.0,0.0,0.0,0.0,,7,1134,0
3182,2,0,1,41,0,0.0,620.0,0.0,605.0,873.0,,1,85,0
3183,1,0,1,57,0,0.0,2847.0,0.0,101.0,9613.0,,4,211,0
3184,3,1,1,50,0,222.89785157787045,0.0,0.0,0.0,0.0,,6,1445,1
3185,3,0,1,54,0,2538.0,0.0,60.0,1.0,0.0,,6,1448,1
3186,1,0,1,49,0,757.0,0.0,0.0,0.0,46.0,,6,1329,0
3187,3,0,1,19,0,1752.0,0.0,157.0,308.4769036733407,0.0,,6,1330,0
3188,3,1,1,51,0,0.0,0.0,0.0,0.0,0.0,,6,1449,1
3189,3,0,1,28,0,1.0,0.0,66.0,2016.0,0.0,,5,448,1
3190,1,1,3,5,0,0.0,0.0,0.0,0.0,0.0,,7,1129,1
3191,1,0,1,13,0,1894.0,8.0,42.0,1.0,72.0,,6,1451,1
3192,1,1,2,0,0,0.0,0.0,0.0,0.0,0.0,,7,1129,1
3193,1,0,3,8,0,0.0,0.0,0.0,0.0,0.0,,7,1129,1
3194,1,1,1,27,0,0.0,0.0,0.0,0.0,0.0,,7,1129,1
3195,1,0,2,13,0,0.0,858.0,20.0,0.0,0.0,,6,1451,1
3196,1,0,1,47,0,18.0,719.0,87.0,0.0,3.0,,6,1451,1
3197,1,1,1,6,0,0.0,0.0,0.0,0.0,0.0,,7,1129,1
3198,1,1,1,59,0,0.0,0.0,0.0,0.0,0.0,,7,1140,0
3199,1,0,3,20,0,888.0,0.0,352.0,0.0,0.0,,6,1333,0
3200,3,1,1,35,0,0.0,0.0,0.0,0.0,0.0,,6,1335,0
3201,1,0,1,22,0,0.0,0.0,332.0,236.0,125.0,,6,1336,0
3202,3,0,3,16,0,2438.0,0.0,332.0,0.0,1.0,,4,214,0
3203,3,0,1,18,0,1718.0,0.0,868.0,636.0,0.0,,6,82,0
3204,3,1,1,26,0,0.0,0.0,0.0,0.0,0.0,,6,1456,1
3205,1,0,1,19,0,478.0,0.0,161.0,112.0,0.0,,6,82,0
3206,3,1,3,23,0,0.0,0.0,174.90603284902085,0.0,0.0,,5,468,0
3207,1,0,1,21,0,0.0,141.0,0.0,121.0,626.0,,7,1149,0
3208,1,0,1,32,0,131.0,0.0,174.90603284902085,5.0,0.0,,6,1460,1
3209,1,1,2,25,0,0.0,0.0,0.0,0.0,0.0,,6,1342,0
3210,1,1,2,50,0,0.0,0.0,0.0,0.0,0.0,,7,1151,0
3211,2,0,3,27,0,6.0,400.0,0.0,6472.0,0.0,,8,3,0
3212,2,0,3,44,0,0.0,1190.0,0.0,1906.0,167.0,,8,3,0
3213,2,0,1,47,0,0.0,339.0,0.0,508.0,2000.0,,8,3,0
3214,2,0,1,58,0,0.0,3770.0,0.0,1.0,27.0,,3,258,0
3215,2,1,3,27,0,0.0,0.0,0.0,0.0,0.0,,3,258,0
3216,3,1,1,52,0,0.0,0.0,0.0,308.4769036733407,0.0,,6,1345,0
3217,1,0,1,21,0,2.0,54.0,696.0,56.0,0.0,,6,1465,1
3218,1,0,1,25,0,50.0,0.0,1.0,5125.0,472.0,,5,452,1
3219,1,0,2,31,0,0.0,625.0,0.0,0.0,0.0,,5,470,0
3220,1,1,1,28,0,0.0,0.0,0.0,0.0,306.7894819713431,,5,471,0
3221,1,0,1,42,0,409.0,1005.0,0.0,454.0,657.0,,6,1348,0
3222,1,1,1,49,0,0.0,0.0,0.0,0.0,0.0,,7,1157,0
3223,1,0,1,3,0,0.0,0.0,0.0,0.0,0.0,,7,1158,0
3224,1,1,1,5,0,0.0,0.0,0.0,0.0,0.0,,7,1158,0
3225,1,0,1,28,0,844.0,0.0,0.0,27.0,2.0,,6,1349,0
3226,2,0,3,57,0,0.0,1830.0,0.0,0.0,89.0,,1,74,1
3227,3,0,1,29,0,0.0,0.0,227.0,66.0,1005.0,,5,453,1
3228,1,1,1,29,0,0.0,0.0,0.0,0.0,0.0,,7,1139,1
3229,2,0,1,21,0,0.0,9336.0,1.0,51.0,919.0,,2,234,1
3230,2,1,3,25,0,0.0,0.0,0.0,0.0,0.0,,2,234,1
3231,2,0,3,26,0,0.0,5283.0,0.0,3.0,36.0,,1,76,1
3232,2,0,3,33,1,0.0,2105.0,24.0,0.0,5879.0,,1,76,1
3233,2,0,3,43,0,94.0,5196.0,602.0,6603.0,510.0,,2,235,1
3234,2,0,3,26,0,0.0,2524.0,3.0,3493.0,0.0,,2,235,1
3235,2,1,1,13,0,0.0,0.0,0.0,0.0,0.0,,5,455,1
3236,3,0,1,30,0,879.0,0.0,420.0,0.0,0.0,,5,456,1
3237,3,1,3,8,0,0.0,0.0,0.0,0.0,0.0,,6,1472,1
3238,1,1,2,28,0,0.0,0.0,0.0,0.0,0.0,,7,1145,1
3239,2,0,1,23,0,4.0,3142.0,0.0,3473.0,407.0,,3,261,0
3240,1,0,1,22,0,22.0,0.0,1367.0,0.0,0.0,,6,1360,0
3241,3,1,1,36,0,0.0,0.0,0.0,0.0,0.0,,6,1474,1
3242,1,0,1,35,0,0.0,0.0,904.0,0.0,0.0,,6,1364,0
3243,1,0,1,26,0,699.0,451.96167494677076,5.0,50.0,1.0,,6,82,0
3244,2,1,1,15,0,0.0,0.0,0.0,0.0,0.0,,3,229,1
3245,2,1,3,18,0,0.0,0.0,0.0,0.0,0.0,,3,229,1
3246,2,0,1,41,0,0.0,2925.0,0.0,1623.0,0.0,,3,229,1
3247,3,1,2,41,0,0.0,0.0,0.0,0.0,0.0,,6,82,0
3248,1,0,1,22,0,8.0,796.0,1825.0,553.0,0.0,,6,1367,0
3249,1,1,3,28,0,0.0,0.0,0.0,308.4769036733407,0.0,,7,1147,1
3250,1,1,2,0,0,0.0,0.0,0.0,0.0,0.0,,7,1147,1
3251,1,0,1,16,0,222.89785157787045,36.0,125.0,4.0,13.0,,6,1477,1
3252,1,0,2,27,0,0.0,0.0,0.0,687.0,2.0,,5,457,1
3253,1,0,3,13,0,0.0,0.0,0.0,0.0,0.0,,7,1147,1
3254,1,0,3,1,0,0.0,0.0,0.0,0.0,0.0,,7,1147,1
3255,1,0,1,32,0,808.0,0.0,2.0,0.0,0.0,,7,1147,1
3256,1,0,1,35,0,22.0,1240.0,0.0,1.0,1.0,,6,1478,1
3257,1,1,1,40,0,0.0,0.0,0.0,0.0,0.0,,7,1166,0
3258,1,0,3,17,0,0.0,0.0,799.0,2.0,0.0,,6,1369,0
3259,1,0,2,49,0,0.0,1473.0,4.0,37.0,0.0,,6,1369,0
3260,1,1,1,21,0,0.0,0.0,0.0,0.0,0.0,,7,1166,0
3261,1,1,3,9,0,0.0,0.0,0.0,0.0,0.0,,7,1149,1
3262,3,0,1,27,0,1298.0,460.0,63.0,0.0,0.0,,6,1370,0
3263,2,0,1,59,0,0.0,186.0,0.0,945.0,2655.0,,3,230,1
3264,1,0,2,25,0,91.0,403.0,0.0,64.0,0.0,,6,1480,1
3265,1,0,1,21,0,1219.0,742.0,5.0,324.0,0.0,,6,1373,0
3266,1,0,1,15,0,222.89785157787045,0.0,8.0,1.0,2079.0,,6,1481,1
3267,2,1,3,28,0,0.0,0.0,0.0,0.0,0.0,,3,262,0
3268,1,0,1,42,0,0.0,387.0,0.0,241.0,31.0,,5,458,1
3269,1,1,1,22,0,0.0,0.0,0.0,0.0,0.0,,7,1151,1
3270,1,0,1,21,0,0.0,451.96167494677076,0.0,463.0,0.0,,6,1374,0
3271,1,0,1,48,0,376.0,0.0,24.0,0.0,483.0,,6,1483,1
3272,1,0,1,24,0,410.0,0.0,154.0,0.0,125.0,,6,1484,1
3273,2,1,1,47,0,0.0,0.0,0.0,0.0,0.0,,3,231,1
3274,2,1,3,13,0,0.0,0.0,0.0,0.0,0.0,,3,231,1
3275,2,0,3,32,0,0.0,2367.0,0.0,9891.0,88.0,,3,231,1
3276,1,0,2,29,0,2.0,213.0,174.90603284902085,19.0,226.0,,7,1153,1
3277,1,1,1,35,0,0.0,0.0,0.0,0.0,0.0,,7,1169,0
3278,3,0,1,24,0,58.0,177.0,279.0,15.0,1552.0,,5,477,0
3279,3,0,1,52,0,1350.0,0.0,0.0,0.0,19.0,,5,477,0
3280,1,0,1,21,0,0.0,4.0,4.0,636.0,0.0,,6,1379,0
3281,3,1,1,36,0,0.0,0.0,0.0,0.0,0.0,,6,1487,1
3282,1,1,1,19,0,0.0,0.0,0.0,0.0,0.0,,6,82,0
3283,2,1,1,39,0,0.0,0.0,0.0,0.0,0.0,,4,224,1
3284,1,1,1,59,0,0.0,0.0,0.0,0.0,0.0,,7,1173,0
3285,3,1,3,45,0,0.0,0.0,0.0,0.0,0.0,,6,1491,1
3286,1,1,2,25,0,0.0,451.96167494677076,0.0,0.0,0.0,,7,1159,1
3287,3,0,1,64,0,509.0,451.96167494677076,1023.0,0.0,80.0,,6,1384,0
3288,3,0,3,24,0,114.0,0.0,0.0,1479.0,0.0,,6,1385,0
3289,2,0,1,36,0,0.0,0.0,0.0,0.0,0.0,,5,479,0
3290,2,0,1,26,0,0.0,2768.0,0.0,5.0,559.0,,5,479,0
3291,3,0,1,31,0,1415.0,0.0,271.0,412.0,0.0,,5,480,0
3292,1,0,1,18,0,0.0,1201.0,0.0,0.0,0.0,,6,1388,0
3293,1,1,2,21,0,0.0,0.0,0.0,0.0,0.0,,7,1162,1
3294,2,0,1,34,0,135.0,207.0,0.0,1471.0,876.0,,2,272,0
3295,1,0,1,32,0,1.0,946.0,2.0,0.0,0.0,,6,1496,1
3296,3,1,1,19,0,0.0,0.0,0.0,0.0,0.0,,6,1390,0
3297,1,1,1,18,0,0.0,0.0,0.0,0.0,0.0,,7,1176,0
3298,1,0,1,39,0,1230.0,0.0,7.0,163.0,48.0,,6,1498,1
3299,1,0,3,28,0,0.0,0.0,0.0,0.0,0.0,,7,1179,0
3300,1,1,1,19,0,0.0,0.0,0.0,0.0,0.0,,7,1164,1
3301,2,1,1,16,0,0.0,0.0,0.0,0.0,0.0,,1,88,0
3302,2,0,1,24,0,0.0,1455.0,172.0,7690.0,20.0,,1,88,0
3303,1,1,1,2,0,0.0,0.0,0.0,0.0,0.0,,7,1180,0
3304,1,1,1,10,0,0.0,0.0,0.0,0.0,0.0,,7,1180,0
3305,1,1,1,2,0,0.0,0.0,0.0,0.0,0.0,,7,1180,0
3306,1,0,3,21,0,0.0,0.0,256.0,979.0,0.0,,6,1393,0
3307,1,1,2,5,0,0.0,0.0,0.0,0.0,0.0,,7,1180,0
3308,1,1,2,29,0,0.0,0.0,0.0,0.0,0.0,,7,1181,0
3309,3,0,1,41,0,149.0,1.0,2216.0,0.0,0.0,,6,1394,0
3310,3,0,3,32,0,976.0,0.0,84.0,22.0,0.0,,6,1500,1
3311,3,1,1,23,0,0.0,0.0,0.0,0.0,0.0,,6,1500,1
3312,1,1,2,23,0,0.0,0.0,0.0,0.0,0.0,,7,1165,1
3313,1,0,1,40,0,0.0,0.0,0.0,292.0,1334.0,,5,483,0
3314,3,0,1,45,0,381.0,1.0,1512.0,586.0,0.0,,6,1504,1
3315,1,0,1,30,0,1.0,0.0,478.0,4.0,321.0,,6,1399,0
3316,1,0,1,56,0,758.0,0.0,0.0,0.0,1.0,,6,1400,0
3317,1,0,1,13,0,0.0,324.0,138.0,49.0,133.0,,6,82,0
3318,1,0,1,19,0,0.0,0.0,39.0,449.0,321.0,,7,1182,0
3319,1,1,1,46,0,0.0,0.0,0.0,0.0,0.0,,7,1182,0
3320,1,0,1,0,0,0.0,0.0,0.0,0.0,0.0,,7,1182,0
3321,1,0,2,60,0,250.0,0.0,0.0,355.0,6.0,,6,1505,1
3322,1,1,1,39,0,0.0,0.0,0.0,0.0,0.0,,7,1169,1
3323,1,1,2,20,0,0.0,0.0,0.0,0.0,306.7894819713431,,7,1172,1
3324,1,0,2,64,0,245.0,2414.0,0.0,0.0,13.0,,6,1402,0
3325,2,0,1,34,0,0.0,1415.0,0.0,0.0,1238.0,,3,266,0
3326,1,1,2,30,0,0.0,0.0,0.0,0.0,0.0,,7,1173,1
3327,3,0,1,62,0,933.0,0.0,0.0,28.0,0.0,,4,226,1
3328,2,1,1,29,0,0.0,0.0,0.0,0.0,0.0,,2,274,0
3329,1,0,1,33,0,229.0,248.0,0.0,402.0,0.0,,6,1403,0
3330,1,1,1,31,0,0.0,0.0,0.0,0.0,0.0,,7,1186,0
3331,1,0,1,51,0,0.0,491.0,0.0,298.0,0.0,,5,469,1
3332,1,0,1,23,0,514.0,0.0,22.0,1.0,1.0,,7,1187,0
3333,1,0,1,18,0,96.0,0.0,607.0,0.0,1.0,,5,470,1
3334,1,0,1,47,0,1095.0,320.0,1015.0,0.0,0.0,,5,470,1
3335,1,0,1,58,0,0.0,0.0,806.0,0.0,15.0,,6,1404,0
3336,2,1,1,46,0,0.0,0.0,0.0,0.0,0.0,,3,267,0
3337,3,0,1,44,0,106.0,0.0,2561.0,348.0,0.0,,4,230,1
3338,1,1,1,19,0,0.0,0.0,0.0,0.0,0.0,,7,1175,1
3339,1,0,2,43,0,0.0,726.0,1.0,23.0,0.0,,6,1515,1
3340,1,0,1,21,0,2.0,0.0,0.0,697.0,0.0,,6,1406,0
3341,3,0,2,29,0,1061.0,7.0,312.0,0.0,11.0,,6,1407,0
3342,1,0,2,13,0,33.0,28.0,685.0,27.0,306.7894819713431,,7,1176,1
3343,1,0,2,16,0,13.0,805.0,2.0,8.0,6.0,,7,1176,1
3344,1,0,1,25,0,0.0,733.0,0.0,0.0,0.0,,6,1516,1
3345,1,0,1,19,0,0.0,1.0,451.0,1100.0,67.0,,5,472,1
3346,2,0,1,29,0,0.0,2783.0,195.0,897.0,852.0,,5,473,1
3347,2,0,1,35,1,0.0,3131.0,0.0,203.0,719.0,,5,473,1
3348,2,0,3,56,0,132.0,4531.0,2.0,119.0,67.0,,5,473,1
3349,1,0,1,20,0,612.0,154.0,4.0,17.0,0.0,,5,489,0
3350,1,1,2,38,0,0.0,0.0,0.0,0.0,0.0,,7,1177,1
3351,3,0,1,18,0,350.0,0.0,107.0,0.0,892.0,,6,1521,1
3352,3,0,1,26,0,1189.0,0.0,632.0,0.0,0.0,,6,1414,0
3353,3,1,3,0,0,0.0,0.0,0.0,0.0,0.0,,6,1414,0
3354,3,0,1,2,0,0.0,0.0,0.0,0.0,0.0,,6,1414,0
3355,1,0,1,36,0,0.0,152.0,0.0,146.0,329.0,,7,1180,1
3356,1,0,2,25,0,1197.0,102.0,0.0,0.0,0.0,,6,1415,0
3357,2,1,1,2,0,0.0,0.0,174.90603284902085,0.0,0.0,,2,242,1
3358,2,0,1,0,0,0.0,0.0,0.0,0.0,0.0,,2,242,1
3359,2,1,1,18,0,0.0,0.0,0.0,0.0,306.7894819713431,,2,242,1
3360,2,0,1,60,0,0.0,1959.0,91.0,2206.0,7229.0,,2,242,1
3361,2,1,2,26,0,0.0,0.0,0.0,0.0,0.0,,2,242,1
3362,2,0,1,36,0,0.0,911.0,0.0,749.0,1.0,,2,242,1
3363,3,0,1,22,0,848.0,0.0,5.0,445.0,0.0,,5,491,0
3364,1,1,3,21,0,0.0,0.0,0.0,0.0,0.0,,7,1193,0
3365,1,0,1,37,0,48.0,84.0,0.0,20.0,658.0,,7,1195,0
3366,1,1,1,65,0,0.0,0.0,0.0,0.0,0.0,,7,1182,1
3367,1,0,1,44,0,1.0,0.0,174.90603284902085,0.0,0.0,,7,1196,0
3368,2,1,1,31,0,0.0,0.0,0.0,0.0,0.0,,6,82,0
3369,3,0,1,31,0,953.0,0.0,20.0,382.0,556.0,,6,1524,1
3370,2,1,1,21,0,0.0,0.0,0.0,0.0,0.0,,2,275,0
3371,2,1,1,47,0,0.0,0.0,0.0,0.0,0.0,,2,275,0
3372,1,0,1,19,0,0.0,1.0,757.0,12.0,18.0,,5,493,0
3373,1,0,1,33,0,157.0,645.0,0.0,1447.0,1.0,,6,1528,1
3374,2,0,1,25,0,0.0,0.0,0.0,0.0,0.0,,2,276,0
3375,2,1,1,16,0,0.0,0.0,0.0,0.0,0.0,,2,276,0
3376,2,0,1,44,0,334.0,80.0,0.0,1019.0,1966.0,,2,276,0
3377,2,0,1,9,0,0.0,0.0,0.0,0.0,0.0,,2,276,0
3378,1,1,2,15,0,0.0,0.0,0.0,0.0,0.0,,7,1187,1
3379,1,1,2,34,0,0.0,0.0,0.0,0.0,0.0,,7,1197,0
3380,1,1,3,24,0,0.0,0.0,0.0,0.0,0.0,,7,1188,1
3381,1,0,1,39,0,350.0,134.0,0.0,0.0,319.0,,6,1529,1
3382,1,0,1,27,0,837.0,0.0,0.0,36.0,0.0,,5,494,0
3383,1,1,1,34,0,0.0,0.0,0.0,0.0,0.0,,7,1189,1
3384,3,1,1,24,0,0.0,0.0,0.0,0.0,0.0,,6,1530,1
3385,2,0,1,43,0,0.0,0.0,0.0,0.0,0.0,,2,243,1
3386,1,0,2,41,0,366.0,0.0,0.0,17.0,331.0,,6,1532,1
3387,1,1,1,26,0,0.0,0.0,0.0,0.0,0.0,,7,1199,0
3388,3,0,1,27,0,213.0,1083.0,1.0,0.0,1.0,,5,480,1
3389,1,0,1,39,0,791.0,0.0,0.0,94.0,0.0,,6,82,0
3390,1,0,1,34,0,0.0,14.0,775.0,14.0,0.0,,6,1421,0
3391,2,1,3,33,0,0.0,0.0,0.0,0.0,0.0,,3,273,0
3392,1,1,1,16,0,0.0,0.0,0.0,0.0,0.0,,7,1196,1
3393,1,1,1,6,0,0.0,0.0,0.0,0.0,0.0,,7,1196,1
3394,3,0,3,13,0,78.0,1.0,16.0,5.0,1868.0,,4,222,0
3395,1,0,1,50,0,14.0,0.0,3.0,483.0,0.0,,7,1202,0
3396,1,0,1,24,0,31.0,0.0,232.0,232.0,1026.0,,6,1422,0
3397,1,0,1,18,0,1551.0,228.0,0.0,308.4769036733407,0.0,,7,1203,0
3398,1,0,1,24,0,651.0,0.0,0.0,38.0,0.0,,6,1536,1
3399,1,1,2,16,0,0.0,0.0,0.0,0.0,0.0,,7,1198,1
3400,1,0,2,22,0,0.0,796.0,0.0,0.0,0.0,,6,1537,1
3401,3,0,1,13,0,1087.0,36.0,19.0,6.0,0.0,,6,1538,1
3402,3,1,3,29,0,0.0,0.0,0.0,0.0,0.0,,6,1538,1
3403,1,0,1,30,0,0.0,0.0,61.0,566.0,0.0,,7,1199,1
3404,2,1,1,25,0,0.0,0.0,0.0,0.0,0.0,,3,274,0
3405,2,1,1,23,0,0.0,0.0,0.0,308.4769036733407,0.0,,3,274,0
3406,2,1,3,28,0,0.0,0.0,0.0,0.0,0.0,,3,274,0
3407,1,1,2,37,0,0.0,0.0,0.0,308.4769036733407,0.0,,7,1201,1
3408,1,0,1,21,0,0.0,0.0,3.0,0.0,1617.0,,5,482,1
3409,2,0,1,54,0,0.0,384.0,0.0,37.0,1721.0,,2,280,0
3410,2,1,3,21,0,0.0,0.0,0.0,0.0,0.0,,2,280,0
3411,1,0,1,36,0,698.0,63.0,1.0,1.0,135.0,,6,82,0
3412,2,1,1,21,0,0.0,0.0,0.0,0.0,0.0,,2,245,1
3413,1,1,2,21,0,0.0,0.0,0.0,0.0,0.0,,7,1207,0
3414,1,0,1,23,0,49.0,2110.0,8.0,0.0,568.0,,6,1542,1
3415,1,0,2,40,0,7.0,0.0,83.0,230.0,220.0,,7,1209,0
3416,1,0,1,18,0,0.0,0.0,0.0,0.0,677.0,,6,82,0
3417,1,0,1,25,0,61.0,0.0,701.0,75.0,68.0,,5,497,0
3418,3,0,1,24,0,1289.0,0.0,0.0,0.0,0.0,,6,1425,0
3419,2,0,1,37,0,0.0,203.0,0.0,603.0,629.0,,5,484,1
3420,2,0,1,25,0,13.0,451.96167494677076,0.0,1.0,132.0,,5,498,0
3421,1,0,1,24,0,433.0,110.0,209.0,23.0,0.0,,6,82,0
3422,1,1,1,3,0,0.0,0.0,0.0,0.0,0.0,,7,1213,0
3423,1,1,1,2,0,0.0,0.0,0.0,0.0,0.0,,7,1208,1
3424,1,0,1,22,0,0.0,270.0,0.0,0.0,486.0,,7,1208,1
3425,1,0,1,24,0,0.0,2.0,0.0,1.0,733.0,,6,1427,0
3426,1,0,3,17,0,190.0,0.0,519.0,182.0,4.0,,6,1427,0
3427,1,1,1,53,0,0.0,0.0,0.0,0.0,0.0,,7,1214,0
3428,1,0,1,23,0,11.0,1017.0,0.0,0.0,1.0,,6,1428,0
3429,1,0,3,29,0,84.0,451.96167494677076,28.0,496.0,0.0,,6,1430,0
3430,3,1,1,21,0,0.0,0.0,0.0,0.0,0.0,,6,1547,1
3431,1,0,1,22,0,0.0,0.0,976.0,1713.0,0.0,,6,1547,1
3432,1,0,1,2,0,0.0,0.0,0.0,308.4769036733407,0.0,,7,1211,1
3433,1,0,1,28,0,606.0,23.0,3.0,16.0,154.0,,6,1548,1
3434,1,0,1,20,0,0.0,0.0,0.0,0.0,306.7894819713431,,7,1211,1
3435,1,1,1,14,0,0.0,0.0,0.0,0.0,0.0,,7,1212,1
3436,1,0,2,26,0,0.0,742.0,0.0,0.0,1.0,,6,1549,1
3437,1,1,1,23,0,0.0,0.0,0.0,0.0,0.0,,7,1218,0
3438,1,0,1,21,0,331.0,3485.0,1110.0,598.0,306.7894819713431,,7,1213,1
3439,1,0,1,20,0,0.0,709.0,0.0,6.0,1.0,,6,1556,1
3440,1,0,1,19,0,1651.0,0.0,0.0,0.0,1120.0,,6,1558,1
3441,2,1,1,29,0,0.0,0.0,0.0,0.0,0.0,,4,225,0
3442,1,1,1,58,0,0.0,0.0,0.0,0.0,0.0,,7,1220,0
3443,1,1,3,13,0,0.0,0.0,0.0,308.4769036733407,0.0,,7,1220,0
3444,1,0,1,32,0,482.0,0.0,0.0,321.0,0.0,,6,1438,0
3445,1,1,3,23,0,0.0,0.0,0.0,0.0,0.0,,7,1220,0
3446,2,1,3,38,0,0.0,0.0,0.0,0.0,0.0,,2,285,0
3447,2,0,3,47,0,0.0,3361.0,0.0,1344.0,3228.0,,2,285,0
3448,2,0,1,38,0,0.0,1222.0,0.0,734.0,3153.0,,2,285,0
3449,2,0,3,47,0,0.0,744.0,0.0,8911.0,1165.0,,2,285,0
3450,1,1,3,20,0,0.0,0.0,0.0,0.0,0.0,,7,1222,0
3451,1,1,3,32,0,0.0,0.0,0.0,0.0,0.0,,7,1224,0
3452,2,1,1,42,0,0.0,0.0,0.0,0.0,0.0,,3,242,1
3453,2,0,1,34,0,0.0,4402.0,9.0,788.0,79.0,,3,242,1
3454,1,0,1,60,0,0.0,30.0,173.0,572.0,0.0,,6,1563,1
3455,3,1,1,30,0,0.0,0.0,0.0,0.0,0.0,,6,1441,0
3456,1,1,1,11,0,0.0,0.0,0.0,0.0,0.0,,6,1441,0
3457,3,1,1,45,0,0.0,0.0,0.0,0.0,0.0,,5,500,0
3458,2,1,3,39,1,0.0,0.0,174.90603284902085,0.0,0.0,,3,243,1
3459,1,0,1,19,0,0.0,1379.0,0.0,70.0,0.0,,6,1565,1
3460,1,0,1,18,0,20.0,0.0,572.0,254.0,452.0,,6,1566,1
3461,1,0,2,34,0,0.0,0.0,1349.0,1.0,0.0,,6,1443,0
3462,1,1,1,28,0,0.0,0.0,0.0,0.0,0.0,,7,1226,0
3463,1,0,3,30,0,1487.0,306.0,478.0,65.0,1.0,,5,491,1
3464,2,1,1,48,0,0.0,0.0,0.0,0.0,0.0,,3,280,0
3465,1,1,3,38,0,0.0,0.0,0.0,0.0,0.0,,3,280,0
3466,2,0,1,33,0,0.0,673.0,0.0,0.0,783.0,,6,82,0
3467,2,1,3,47,0,0.0,0.0,0.0,0.0,0.0,,3,280,0
3468,3,0,1,29,0,1118.0,0.0,606.0,50.0,0.0,,6,1567,1
3469,3,1,1,8,0,0.0,0.0,0.0,0.0,0.0,,6,1567,1
3470,3,1,1,47,0,0.0,0.0,0.0,0.0,0.0,,6,1567,1
3471,3,0,1,26,1,1141.0,315.0,652.0,0.0,0.0,,5,492,1
3472,3,1,3,13,0,0.0,0.0,0.0,0.0,0.0,,6,1568,1
3473,1,0,1,18,0,0.0,451.96167494677076,0.0,645.0,4.0,,6,1446,0
3474,3,0,1,27,0,1382.0,0.0,0.0,0.0,62.0,,6,1447,0
3475,2,0,1,27,0,0.0,1822.0,0.0,97.0,1165.0,,4,236,1
3476,2,0,1,30,0,0.0,0.0,0.0,0.0,0.0,,2,248,1
3477,2,0,1,25,0,2044.0,10302.0,0.0,4.0,4009.0,,2,248,1
3478,3,0,1,26,0,1022.0,0.0,140.0,20.0,0.0,,4,238,1
3479,1,0,1,20,0,718.0,0.0,0.0,0.0,43.0,,6,1448,0
3480,2,0,1,52,0,0.0,3453.0,2228.0,7.0,2342.0,,5,503,0
3481,1,1,1,3,0,0.0,0.0,0.0,0.0,0.0,,7,1218,1
3482,1,0,1,6,0,0.0,0.0,0.0,0.0,0.0,,7,1218,1
3483,1,0,1,0,0,0.0,0.0,0.0,0.0,0.0,,7,1218,1
3484,1,0,1,22,0,0.0,545.0,0.0,145.0,0.0,,6,1573,1
3485,1,1,1,1,0,0.0,0.0,0.0,0.0,0.0,,7,1218,1
3486,1,0,1,44,0,0.0,729.0,0.0,0.0,0.0,,6,1575,1
3487,1,1,2,18,0,0.0,0.0,0.0,0.0,0.0,,7,1220,1
3488,1,0,1,20,0,0.0,7.0,1393.0,11.0,0.0,,6,1449,0
3489,1,0,1,29,0,150.0,1459.0,0.0,0.0,0.0,,5,494,1
3490,1,0,1,28,0,71.0,296.0,323.0,2.0,0.0,,6,1576,1
3491,2,1,3,39,0,0.0,0.0,0.0,0.0,0.0,,1,82,1
3492,1,1,1,11,0,0.0,0.0,0.0,0.0,0.0,,7,1221,1
3493,1,1,2,2,0,0.0,0.0,0.0,0.0,0.0,,7,1221,1
3494,1,0,1,15,0,0.0,230.0,0.0,214.0,1106.0,,6,1577,1
3495,1,1,1,32,0,0.0,0.0,0.0,0.0,0.0,,7,1221,1
3496,1,0,2,15,0,1660.0,0.0,1245.0,0.0,0.0,,6,1577,1
3497,1,0,1,1,0,0.0,0.0,0.0,0.0,0.0,,7,1221,1
3498,1,0,1,20,0,0.0,6.0,259.0,367.0,713.0,,6,1577,1
3499,2,1,3,25,0,0.0,0.0,0.0,0.0,0.0,,1,91,0
3500,2,0,1,32,1,0.0,1111.0,174.90603284902085,1439.0,221.0,,1,91,0
3501,2,1,3,32,0,0.0,0.0,0.0,0.0,0.0,,5,504,0
3502,1,0,1,18,0,0.0,1381.0,0.0,0.0,3.0,,6,1578,1
3503,1,0,1,49,0,0.0,583.0,225.0,69.0,305.0,,6,1580,1
3504,1,0,3,2,0,0.0,0.0,0.0,0.0,0.0,,7,1233,0
3505,1,0,1,13,0,117.0,679.0,0.0,0.0,25.0,,6,1455,0
3506,3,0,1,28,0,1626.0,0.0,0.0,208.0,91.0,,6,1581,1
3507,3,0,2,56,0,90.0,0.0,82.0,0.0,519.0,,6,1581,1
3508,1,0,1,27,0,0.0,0.0,8.0,1227.0,13.0,,6,1456,0
3509,1,1,1,34,0,0.0,0.0,0.0,0.0,0.0,,7,1234,0
3510,2,1,1,28,0,0.0,0.0,0.0,0.0,0.0,,2,249,1
3511,1,0,1,31,0,0.0,0.0,114.0,4.0,901.0,,7,1222,1
3512,3,0,1,24,0,85.0,0.0,174.90603284902085,0.0,306.7894819713431,,6,1582,1
3513,1,1,1,8,0,0.0,0.0,0.0,0.0,0.0,,7,1236,0
3514,1,0,1,20,0,222.89785157787045,399.0,2871.0,0.0,454.0,,7,1238,0
3515,1,0,2,63,0,0.0,1362.0,0.0,18.0,358.0,,6,1459,0
3516,1,0,3,0,0,0.0,0.0,0.0,0.0,0.0,,7,1238,0
3517,1,0,1,13,0,1118.0,0.0,93.0,5.0,393.0,,5,498,1
3518,3,0,1,1,0,0.0,0.0,0.0,0.0,0.0,,6,1460,0
3519,3,0,1,13,0,2758.0,0.0,174.90603284902085,6.0,0.0,,6,1460,0
3520,3,0,1,2,0,0.0,0.0,0.0,0.0,0.0,,6,1460,0
3521,1,1,1,18,0,0.0,0.0,0.0,0.0,0.0,,7,1225,1
3522,3,1,1,30,0,0.0,0.0,0.0,308.4769036733407,0.0,,6,1587,1
3523,2,1,3,35,0,0.0,0.0,0.0,0.0,0.0,,2,291,0
3524,3,0,3,28,0,0.0,0.0,1171.0,0.0,0.0,,6,1588,1
3525,3,1,1,28,0,0.0,0.0,0.0,0.0,0.0,,6,1589,1
3526,1,0,1,48,0,0.0,0.0,0.0,909.0,0.0,,7,1243,0
3527,2,1,1,34,0,0.0,0.0,0.0,0.0,0.0,,3,248,1
3528,1,0,1,16,0,0.0,1000.0,1.0,0.0,0.0,,6,1462,0
3529,1,0,2,24,0,12.0,158.0,0.0,0.0,1241.0,,6,1463,0
3530,1,0,1,53,0,5.0,2572.0,0.0,0.0,306.7894819713431,,2,293,0
3531,1,0,1,24,0,0.0,0.0,42.0,0.0,849.0,,6,1464,0
3532,3,1,1,32,0,222.89785157787045,0.0,0.0,0.0,0.0,,6,1590,1
3533,1,1,3,15,0,0.0,0.0,0.0,0.0,0.0,,7,1246,0
3534,1,0,2,24,0,0.0,7.0,1.0,498.0,0.0,,7,1228,1
3535,1,0,1,35,0,13.0,0.0,682.0,0.0,306.7894819713431,,6,1592,1
3536,2,0,1,42,0,0.0,4583.0,0.0,5737.0,3860.0,,3,249,1
3537,1,0,2,18,0,122.0,399.0,1.0,38.0,27.0,,6,1593,1
3538,1,0,1,15,0,3.0,0.0,48.0,0.0,896.0,,6,1594,1
3539,3,0,1,37,0,414.0,991.0,288.0,0.0,0.0,,6,1595,1
3540,3,1,1,35,0,0.0,0.0,0.0,0.0,0.0,,5,505,0
3541,1,1,1,34,0,0.0,0.0,0.0,0.0,0.0,,7,1249,0
3542,1,1,3,21,0,0.0,0.0,0.0,0.0,0.0,,7,1250,0
3543,1,0,1,14,0,113.0,0.0,940.0,3.0,21.0,,6,1600,1
3544,3,0,1,16,0,643.0,163.0,954.0,0.0,0.0,,6,1468,0
3545,1,0,3,23,0,0.0,7.0,1950.0,87.0,0.0,,6,1469,0
3546,2,0,1,53,0,0.0,394.0,2646.0,99.0,113.0,,3,288,0
3547,2,1,1,18,0,0.0,0.0,0.0,0.0,0.0,,2,297,0
3548,1,0,1,16,0,195.0,789.0,92.0,63.0,0.0,,6,1607,1
3549,2,1,1,34,0,0.0,0.0,0.0,0.0,0.0,,4,243,1
3550,1,1,1,13,0,0.0,0.0,0.0,0.0,0.0,,7,1241,1
3551,1,0,2,25,0,10.0,6.0,0.0,1.0,570.0,,6,1473,0
3552,1,0,1,43,0,8.0,0.0,0.0,780.0,0.0,,6,82,0
3553,3,0,1,39,0,821.0,37.0,260.0,1.0,0.0,,6,1474,0
3554,1,0,3,19,0,0.0,257.0,431.0,0.0,5.0,,6,1608,1
3555,3,0,1,21,0,489.0,15.0,6.0,777.0,1.0,,6,1475,0
3556,1,1,1,20,0,0.0,0.0,0.0,0.0,0.0,,7,1242,1
3557,1,0,2,16,0,0.0,0.0,672.0,0.0,0.0,,6,1610,1
3558,1,0,1,9,0,0.0,0.0,0.0,0.0,0.0,,7,1243,1
3559,1,0,1,18,0,0.0,743.0,0.0,40.0,20.0,,6,1478,0
3560,1,0,3,23,0,0.0,299.0,1.0,69.0,374.0,,6,1479,0
3561,1,0,1,36,0,2.0,2141.0,0.0,0.0,8.0,,6,1481,0
3562,1,0,1,30,0,69.0,0.0,2.0,653.0,0.0,,6,1482,0
3563,1,0,1,46,0,11.0,52.0,666.0,0.0,0.0,,6,1483,0
3564,1,0,1,22,0,0.0,0.0,0.0,0.0,789.0,,5,509,0
3565,1,1,1,1,0,0.0,0.0,0.0,0.0,0.0,,7,1255,0
3566,1,1,1,21,0,0.0,0.0,0.0,0.0,0.0,,7,1255,0
3567,1,1,1,24,0,0.0,0.0,0.0,0.0,0.0,,7,1255,0
3568,1,0,1,51,0,704.0,0.0,0.0,2.0,0.0,,7,1256,0
3569,1,1,1,26,0,0.0,0.0,0.0,0.0,0.0,,7,1247,1
3570,2,0,3,35,0,0.0,3495.0,0.0,53.0,758.0,,1,95,0
3571,1,0,2,22,0,0.0,451.96167494677076,0.0,46.0,643.0,,7,1260,0
3572,2,1,3,30,0,0.0,0.0,0.0,308.4769036733407,0.0,,2,302,0
3573,2,1,1,28,0,0.0,0.0,0.0,0.0,0.0,,2,302,0
3574,2,1,3,33,0,0.0,0.0,0.0,0.0,0.0,,2,302,0
3575,2,0,1,56,0,3.0,347.0,4.0,1263.0,1072.0,,2,302,0
3576,2,1,3,32,0,0.0,0.0,0.0,0.0,0.0,,2,302,0
3577,3,0,1,39,0,1173.0,0.0,0.0,0.0,0.0,,5,511,0
3578,1,0,1,25,0,1014.0,0.0,69.0,22.0,3.0,,6,1618,1
3579,1,0,1,25,0,0.0,31.0,952.0,0.0,0.0,,5,505,1
3580,1,0,1,34,0,51.0,203.0,0.0,386.0,242.0,,7,1250,1
3581,1,0,1,28,0,294.0,76.0,9.0,0.0,306.7894819713431,,5,507,1
3582,1,0,3,18,0,0.0,0.0,1446.0,0.0,0.0,,6,1619,1
3583,1,0,1,18,0,13.0,9.0,721.0,3.0,63.0,,7,1262,0
3584,1,0,1,23,0,502.0,2.0,52.0,0.0,2698.0,,6,82,0
3585,1,1,2,21,0,0.0,0.0,0.0,0.0,0.0,,7,1255,1
3586,3,1,1,47,0,0.0,0.0,0.0,0.0,0.0,,5,512,0
3587,1,0,1,18,0,0.0,563.0,93.0,0.0,75.0,,6,1623,1
3588,1,0,1,43,0,0.0,251.0,0.0,357.0,363.0,,6,1498,0
3589,1,1,1,18,0,0.0,0.0,0.0,0.0,0.0,,7,1263,0
3590,2,0,1,25,0,2.0,1297.0,0.0,308.4769036733407,1339.0,,3,254,1
3591,1,1,3,30,0,0.0,0.0,0.0,0.0,0.0,,7,1265,0
3592,3,0,1,21,0,110.0,0.0,166.0,2412.0,0.0,,6,1625,1
3593,3,0,1,24,0,22.0,0.0,1968.0,0.0,0.0,,6,1625,1
3594,3,0,3,20,0,5.0,1.0,174.90603284902085,1479.0,0.0,,6,1625,1
3595,2,1,3,30,0,0.0,0.0,0.0,0.0,0.0,,2,303,0
3596,2,1,1,58,0,0.0,0.0,0.0,0.0,0.0,,2,304,0
3597,1,0,2,36,0,1314.0,0.0,1187.0,113.0,0.0,,6,1499,0
3598,2,1,1,27,0,0.0,0.0,0.0,0.0,0.0,,3,292,0
3599,2,0,1,33,1,694.0,2031.0,6.0,10.0,1606.0,,2,256,1
3600,2,0,1,55,0,0.0,2820.0,0.0,321.0,6946.0,,2,308,0
3601,2,1,3,24,0,0.0,0.0,0.0,0.0,0.0,,2,308,0
3602,1,0,3,17,0,0.0,0.0,0.0,0.0,0.0,,7,1262,1
3603,1,0,1,19,0,2.0,43.0,7.0,0.0,853.0,,5,516,0
3604,1,1,2,25,0,0.0,0.0,0.0,0.0,0.0,,7,1263,1
3605,1,0,1,22,0,222.89785157787045,0.0,0.0,0.0,790.0,,5,509,1
3606,1,1,1,16,0,0.0,0.0,0.0,0.0,0.0,,7,1266,1
3607,1,0,1,36,0,100.0,680.0,1.0,90.0,0.0,,6,1631,1
3608,1,0,1,40,0,0.0,0.0,0.0,549.0,140.0,,6,1632,1
3609,1,0,1,21,0,1004.0,0.0,22.0,3.0,0.0,,6,1635,1
3610,1,0,3,24,0,0.0,351.0,289.0,0.0,0.0,,5,510,1
3611,3,0,1,26,0,0.0,0.0,0.0,0.0,0.0,,5,511,1
3612,2,1,1,30,0,0.0,0.0,0.0,0.0,0.0,,1,84,1
3613,2,0,3,27,0,0.0,476.0,21.0,2.0,2067.0,,1,84,1
3614,1,1,1,24,0,0.0,0.0,0.0,0.0,0.0,,7,1275,1
3615,2,1,1,23,0,0.0,0.0,0.0,0.0,0.0,,3,294,0
3616,2,1,3,55,0,0.0,0.0,0.0,0.0,0.0,,3,294,0
3617,2,1,3,47,0,222.89785157787045,0.0,0.0,0.0,0.0,,3,294,0
3618,2,1,3,31,0,0.0,0.0,0.0,0.0,0.0,,3,294,0
3619,2,1,1,40,0,0.0,0.0,0.0,0.0,306.7894819713431,,3,294,0
3620,1,0,1,19,0,189.0,945.0,4.0,132.0,0.0,,6,1510,0
3621,1,0,1,18,0,611.0,174.0,0.0,4.0,15.0,,6,1637,1
3622,1,0,3,48,0,0.0,1.0,43.0,0.0,604.0,,6,1511,0
3623,1,0,1,15,0,0.0,5.0,0.0,902.0,12.0,,7,1276,0
3624,1,0,1,47,0,0.0,163.0,0.0,175.0,379.0,,6,1514,0
3625,1,0,1,21,0,8.0,0.0,0.0,0.0,1612.0,,5,520,0
3626,1,1,1,18,0,0.0,0.0,0.0,0.0,0.0,,7,1277,0
3627,1,0,1,20,0,1285.0,229.0,174.90603284902085,0.0,7.0,,5,513,1
3628,3,1,1,20,0,0.0,0.0,0.0,0.0,0.0,,5,521,0
3629,3,0,1,19,0,1857.0,0.0,26.0,0.0,0.0,,6,82,0
3630,3,1,1,22,0,0.0,0.0,0.0,0.0,0.0,,5,521,0
3631,1,1,1,16,0,222.89785157787045,0.0,0.0,0.0,0.0,,7,1280,1
3632,3,0,1,26,0,79.0,66.0,943.0,0.0,69.0,,6,1516,0
3633,3,0,1,27,0,881.0,33.0,94.0,40.0,0.0,,5,522,0
3634,1,0,3,17,0,0.0,0.0,632.0,0.0,55.0,,6,1641,1
3635,1,0,1,24,0,0.0,56.0,975.0,0.0,0.0,,6,1518,0
3636,1,1,2,55,0,0.0,0.0,0.0,0.0,0.0,,7,1282,1
3637,1,1,1,7,0,0.0,0.0,0.0,0.0,0.0,,7,1282,1
3638,1,0,1,28,0,0.0,0.0,0.0,0.0,0.0,,7,1282,1
3639,1,0,1,29,0,222.89785157787045,0.0,572.0,4.0,5.0,,7,1279,0
3640,1,0,3,31,0,28.0,48.0,0.0,0.0,622.0,,5,523,0
3641,1,0,1,44,0,5.0,0.0,812.0,17.0,99.0,,7,1280,0
3642,3,0,1,26,0,0.0,0.0,2619.0,0.0,0.0,,6,1643,1
3643,3,0,1,3,0,0.0,0.0,0.0,0.0,0.0,,6,1519,0
3644,3,1,1,21,0,0.0,0.0,0.0,0.0,0.0,,6,1519,0
3645,3,0,3,0,0,0.0,0.0,0.0,0.0,0.0,,6,1519,0
3646,1,0,3,40,0,3657.0,1107.0,137.0,27.0,0.0,,7,1285,1
3647,1,0,1,25,0,0.0,5.0,1.0,1614.0,0.0,,5,515,1
3648,1,0,1,2,0,0.0,0.0,0.0,0.0,0.0,,6,82,0
3649,1,0,1,28,0,2.0,0.0,0.0,754.0,0.0,,6,82,0
3650,2,1,3,14,0,0.0,0.0,0.0,0.0,0.0,,2,259,1
3651,1,0,1,30,0,12.0,0.0,0.0,1047.0,40.0,,6,1524,0
3652,1,0,1,21,0,0.0,599.0,0.0,21.0,0.0,,7,1289,1
3653,1,0,3,30,0,0.0,683.0,547.0,46.0,14.0,,6,1647,1
3654,1,0,1,39,0,1905.0,0.0,479.0,0.0,0.0,,4,231,0
3655,1,0,1,43,0,0.0,2.0,2035.0,46.0,91.0,,6,1525,0
3656,1,0,1,22,0,161.0,455.0,0.0,0.0,15.0,,6,1525,0
3657,1,1,3,18,0,222.89785157787045,0.0,0.0,0.0,0.0,,7,1286,0
3658,3,1,1,35,0,0.0,0.0,0.0,0.0,0.0,,6,1526,0
3659,1,1,1,21,0,0.0,0.0,0.0,0.0,0.0,,7,1287,0
3660,1,0,1,23,0,454.0,333.0,0.0,0.0,0.0,,5,526,0
3661,1,1,3,15,0,0.0,0.0,0.0,0.0,0.0,,7,1291,1
3662,2,1,3,37,0,0.0,0.0,0.0,0.0,0.0,,2,312,0
3663,2,0,3,58,0,0.0,674.0,0.0,3043.0,216.0,,2,312,0
3664,3,1,1,28,0,0.0,0.0,0.0,0.0,0.0,,6,1649,1
3665,3,0,1,21,0,0.0,0.0,0.0,0.0,0.0,,5,527,0
3666,1,0,1,0,0,0.0,0.0,0.0,0.0,0.0,,7,1292,1
3667,1,0,1,15,0,672.0,2.0,1.0,293.0,0.0,,6,1650,1
3668,3,0,1,38,0,918.0,0.0,796.0,662.0,7.0,,4,247,1
3669,3,0,1,26,0,1324.0,250.0,0.0,0.0,0.0,,6,1651,1
3670,2,0,1,47,0,0.0,455.0,0.0,4441.0,123.0,,3,260,1
3671,2,0,3,26,0,0.0,1807.0,37.0,1123.0,411.0,,3,260,1
3672,2,1,3,56,0,0.0,0.0,0.0,0.0,0.0,,3,260,1
3673,2,1,1,18,0,0.0,0.0,0.0,308.4769036733407,0.0,,3,260,1
3674,1,0,1,21,0,225.0,2681.0,326.0,308.4769036733407,0.0,,6,1656,1
3675,1,1,2,18,0,0.0,0.0,0.0,0.0,0.0,,7,1291,0
3676,2,0,1,44,0,0.0,3462.0,0.0,8.0,974.0,,3,299,0
3677,2,1,2,39,0,0.0,0.0,0.0,0.0,0.0,,3,299,0
3678,2,1,3,54,0,0.0,0.0,0.0,0.0,0.0,,3,299,0
3679,2,1,3,23,0,0.0,0.0,0.0,0.0,0.0,,3,299,0
3680,2,0,1,26,0,796.0,370.0,0.0,260.0,161.0,,2,314,0
3681,1,0,1,22,0,886.0,0.0,2.0,10.0,0.0,,6,1658,1
3682,1,0,1,25,0,0.0,0.0,0.0,811.0,18.0,,6,1530,0
3683,1,1,2,49,0,0.0,0.0,0.0,0.0,0.0,,7,1297,1
3684,3,1,1,46,0,0.0,0.0,0.0,0.0,0.0,,5,529,0
3685,1,0,1,17,0,0.0,781.0,0.0,7.0,0.0,,5,518,1
3686,1,0,1,23,0,0.0,0.0,41.0,768.0,0.0,,7,1295,0
3687,1,0,1,18,0,0.0,53.0,476.0,2.0,0.0,,7,1296,0
3688,1,0,1,23,0,0.0,57.0,25.0,0.0,503.0,,6,1662,1
3689,1,0,1,38,0,38.0,0.0,0.0,1520.0,67.0,,5,519,1
3690,2,0,1,32,0,0.0,2311.0,976.0,25.0,23.0,,3,261,1
3691,2,1,1,18,0,0.0,0.0,0.0,0.0,0.0,,2,264,1
3692,3,1,1,24,0,0.0,451.96167494677076,0.0,0.0,0.0,,5,520,1
3693,2,0,1,37,0,1.0,649.0,0.0,1882.0,162.0,,2,265,1
3694,2,1,3,41,0,0.0,0.0,0.0,0.0,0.0,,2,265,1
3695,2,1,1,31,0,0.0,0.0,0.0,0.0,0.0,,4,233,0
3696,1,0,1,28,0,415.0,631.0,889.0,0.0,0.0,,6,1539,0
3697,2,1,3,40,0,0.0,0.0,0.0,0.0,0.0,,2,266,1
3698,2,0,1,48,0,0.0,3026.0,34.0,107.0,485.0,,2,316,0
3699,1,1,3,41,0,0.0,0.0,0.0,0.0,0.0,,7,1301,0
3700,1,1,1,36,0,0.0,0.0,0.0,0.0,0.0,,7,1301,0
3701,1,0,1,11,0,222.89785157787045,0.0,0.0,0.0,0.0,,7,1303,0
3702,1,0,1,19,0,1.0,0.0,711.0,0.0,12.0,,6,1542,0
3703,1,0,1,20,0,4.0,0.0,0.0,0.0,716.0,,7,1304,0
3704,1,0,1,29,0,1050.0,3.0,14.0,58.0,0.0,,6,1665,1
3705,3,0,1,26,0,2333.0,0.0,15.0,4.0,32.0,,4,235,0
3706,1,1,1,24,0,0.0,0.0,0.0,0.0,0.0,,7,1303,1
3707,1,0,1,28,0,0.0,13.0,738.0,0.0,306.7894819713431,,7,1305,0
3708,3,0,1,28,0,4.0,479.0,2237.0,9.0,0.0,,4,237,0
3709,1,1,1,13,0,0.0,0.0,0.0,0.0,0.0,,7,1307,1
3710,1,0,1,28,0,777.0,0.0,0.0,11.0,0.0,,5,535,0
3711,1,0,2,19,0,0.0,0.0,410.0,162.0,0.0,,6,1550,0
3712,3,1,1,32,0,0.0,0.0,0.0,308.4769036733407,0.0,,6,1673,1
3713,1,1,3,23,0,0.0,0.0,0.0,0.0,0.0,,7,1308,1
3714,1,0,1,18,0,0.0,717.0,0.0,0.0,2.0,,5,536,0
3715,3,1,1,25,0,0.0,0.0,0.0,0.0,0.0,,6,1551,0
3716,1,0,2,19,0,0.0,1102.0,58.0,19.0,4.0,,6,1676,1
3717,1,0,3,24,0,280.0,0.0,0.0,299.0,0.0,,6,1679,1
3718,3,0,1,29,0,664.0,0.0,16.0,42.0,0.0,,6,1680,1
3719,1,1,1,43,0,0.0,0.0,0.0,0.0,0.0,,7,1309,1
3720,1,1,2,3,0,0.0,0.0,0.0,0.0,0.0,,7,1307,0
3721,1,0,3,4,0,0.0,0.0,0.0,0.0,0.0,,7,1307,0
3722,1,0,1,2,0,0.0,0.0,0.0,0.0,0.0,,7,1307,0
3723,1,0,1,24,0,659.0,1.0,0.0,0.0,0.0,,5,537,0
3724,1,0,1,27,0,14.0,801.0,288.0,0.0,0.0,,6,1554,0
3725,2,1,3,37,0,0.0,0.0,0.0,0.0,0.0,,3,303,0
3726,2,0,3,44,0,0.0,4056.0,0.0,346.0,424.0,,3,303,0
3727,1,0,1,21,0,16.0,0.0,197.0,0.0,485.0,,6,1556,0
3728,2,0,1,27,0,2.0,4913.0,2.0,1534.0,251.0,,3,266,1
3729,1,0,3,49,0,2.0,0.0,0.0,263.0,2219.0,,5,538,0
3730,3,0,1,27,0,211.0,0.0,971.0,0.0,0.0,,4,239,0
3731,2,1,3,63,0,0.0,0.0,0.0,0.0,0.0,,3,269,1
3732,1,0,1,28,0,0.0,0.0,839.0,0.0,15.0,,7,1311,0
3733,1,1,3,33,0,0.0,0.0,0.0,0.0,0.0,,7,1316,1
3734,1,0,1,21,0,0.0,0.0,16.0,2.0,306.7894819713431,,6,1684,1
3735,1,0,1,24,0,0.0,0.0,932.0,0.0,1.0,,6,1559,0
3736,1,0,1,26,0,0.0,2070.0,84.0,0.0,0.0,,6,1685,1
3737,1,0,3,27,0,681.0,1.0,0.0,3.0,19.0,,7,1322,1
3738,3,1,1,21,0,0.0,0.0,0.0,0.0,0.0,,5,540,0
3739,1,0,1,56,0,0.0,453.0,0.0,0.0,455.0,,7,1323,1
3740,1,0,3,31,0,0.0,0.0,696.0,0.0,109.0,,6,1689,1
3741,2,1,1,47,0,0.0,0.0,0.0,0.0,0.0,,2,271,1
3742,3,1,1,24,0,0.0,0.0,0.0,0.0,0.0,,6,1562,0
3743,1,0,2,18,0,553.0,0.0,211.0,0.0,9.0,,7,1324,1
3744,2,1,1,42,0,0.0,0.0,0.0,0.0,0.0,,3,270,1
3745,3,0,1,31,0,1044.0,5.0,4.0,235.0,0.0,,6,1691,1
3746,3,0,1,22,0,2434.0,131.0,2.0,9.0,2.0,,4,240,0
3747,3,0,1,24,0,386.0,3.0,174.90603284902085,353.0,0.0,,6,1563,0
3748,3,1,3,20,0,0.0,0.0,0.0,0.0,0.0,,6,1563,0
3749,1,0,1,51,0,0.0,0.0,7.0,365.0,625.0,,5,526,1
3750,1,0,1,19,0,33.0,451.96167494677076,0.0,0.0,844.0,,7,1325,1
3751,1,0,1,17,0,0.0,0.0,174.90603284902085,0.0,1905.0,,6,1565,0
3752,1,0,1,23,0,0.0,0.0,0.0,50.0,656.0,,7,1326,1
3753,1,0,1,14,0,0.0,0.0,510.0,617.0,0.0,,6,1692,1
3754,1,1,2,18,0,0.0,0.0,0.0,0.0,0.0,,7,1327,1
3755,2,1,1,42,0,222.89785157787045,0.0,0.0,0.0,0.0,,3,272,1
3756,1,0,2,39,0,6.0,14.0,0.0,658.0,58.0,,6,1568,0
3757,1,1,1,37,0,0.0,0.0,0.0,0.0,0.0,,7,1321,0
3758,1,1,1,27,0,0.0,0.0,174.90603284902085,0.0,0.0,,7,1328,1
3759,2,1,1,26,0,0.0,0.0,0.0,0.0,0.0,,4,255,1
3760,1,0,1,49,0,5.0,0.0,172.0,0.0,1376.0,,6,1694,1
3761,2,0,3,32,1,0.0,8157.0,476.0,756.0,91.0,,4,256,1
3762,1,1,1,34,0,0.0,0.0,0.0,0.0,0.0,,7,1324,0
3763,1,0,1,13,0,76.0,454.0,174.90603284902085,1248.0,0.0,,7,1326,0
3764,1,0,2,21,0,0.0,0.0,0.0,473.0,195.0,,6,1573,0
3765,2,0,1,55,0,0.0,1839.0,10.0,92.0,2567.0,,1,86,1
3766,2,1,3,61,0,0.0,0.0,0.0,0.0,306.7894819713431,,2,273,1
3767,2,0,1,24,0,0.0,2716.0,0.0,0.0,0.0,,4,243,0
3768,1,1,1,25,0,0.0,0.0,0.0,0.0,0.0,,7,1329,0
3769,1,1,1,0,0,0.0,0.0,0.0,0.0,0.0,,7,1338,1
3770,1,1,1,38,0,0.0,0.0,0.0,0.0,0.0,,7,1338,1
3771,3,1,1,30,0,0.0,0.0,0.0,0.0,0.0,,5,528,1
3772,1,0,1,15,0,1949.0,2.0,174.90603284902085,0.0,32.0,,6,1698,1
3773,1,1,1,21,0,0.0,0.0,0.0,0.0,0.0,,7,1340,1
3774,1,0,3,56,0,0.0,386.0,0.0,2593.0,0.0,,6,1580,0
3775,2,0,3,51,0,0.0,4093.0,0.0,13.0,2699.0,,3,308,0
3776,3,0,1,26,0,2459.0,4.0,18.0,0.0,0.0,,6,1581,0
3777,3,0,1,50,0,222.89785157787045,355.0,48.0,73.0,5.0,,4,244,0
3778,3,0,1,22,0,1025.0,0.0,77.0,17.0,0.0,,6,1583,0
3779,1,0,1,25,0,4.0,0.0,1260.0,0.0,0.0,,6,82,0
3780,1,0,3,37,0,30.0,0.0,879.0,0.0,0.0,,7,1347,1
3781,1,1,1,17,0,0.0,451.96167494677076,0.0,0.0,0.0,,7,1335,0
3782,2,1,3,38,0,0.0,0.0,0.0,0.0,0.0,,2,274,1
3783,1,1,2,33,0,0.0,0.0,0.0,0.0,0.0,,7,1337,0
3784,1,0,1,24,0,17.0,0.0,682.0,0.0,0.0,,6,1589,0
3785,1,0,1,21,0,693.0,21.0,0.0,0.0,95.0,,7,1338,0
3786,2,1,1,37,0,0.0,0.0,0.0,0.0,0.0,,3,309,0
3787,3,1,1,49,0,0.0,0.0,0.0,0.0,0.0,,6,1590,0
3788,2,0,3,42,0,222.89785157787045,3726.0,0.0,1856.0,5865.0,,3,311,0
3789,3,1,1,33,0,0.0,0.0,0.0,0.0,0.0,,6,1706,1
3790,1,0,1,25,0,906.0,0.0,0.0,0.0,0.0,,5,544,0
3791,3,0,1,27,0,1254.0,126.0,388.0,0.0,0.0,,6,1707,1
3792,3,1,1,1,0,0.0,0.0,0.0,0.0,0.0,,6,1707,1
3793,3,0,1,20,0,70.0,1633.0,83.0,5.0,197.0,,6,1707,1
3794,2,1,1,20,0,0.0,0.0,0.0,0.0,0.0,,2,322,0
3795,2,1,3,51,0,0.0,0.0,0.0,0.0,0.0,,2,322,0
3796,2,1,1,33,0,0.0,0.0,0.0,0.0,0.0,,2,322,0
3797,1,0,2,45,0,0.0,0.0,9.0,2536.0,4.0,,6,1708,1
3798,2,0,3,25,0,44.0,5330.0,0.0,2119.0,276.0,,3,276,1
3799,1,0,1,21,0,1.0,7.0,67.0,701.0,1.0,,6,82,0
3800,3,1,1,22,0,0.0,0.0,0.0,0.0,306.7894819713431,,6,1597,0
3801,1,1,1,27,0,0.0,0.0,0.0,0.0,0.0,,7,1342,0
3802,1,0,1,33,0,0.0,441.0,0.0,0.0,1113.0,,6,1599,0
3803,1,0,2,24,0,22.0,1.0,0.0,590.0,3.0,,7,1355,1
3804,1,0,1,38,0,23.0,753.0,0.0,0.0,0.0,,6,1714,1
3805,1,0,1,18,0,998.0,1091.0,0.0,0.0,0.0,,6,1715,1
3806,2,0,3,63,0,2364.0,36.0,0.0,122.0,306.7894819713431,,2,275,1
3807,2,0,3,26,1,43.0,2032.0,334.0,194.0,124.0,,2,275,1
3808,2,0,1,29,0,0.0,2405.0,0.0,1088.0,1757.0,,2,275,1
3809,1,1,2,24,0,0.0,0.0,0.0,0.0,0.0,,7,1360,1
3810,1,0,3,51,0,79.0,69.0,0.0,568.0,1.0,,5,533,1
3811,3,0,1,25,1,845.0,0.0,376.0,77.0,0.0,,5,534,1
3812,3,0,1,41,0,3471.0,0.0,251.0,0.0,0.0,,4,248,0
3813,1,0,3,20,0,0.0,784.0,3.0,1152.0,67.0,,6,1719,1
3814,1,0,1,22,0,471.0,81.0,970.0,0.0,0.0,,6,1603,0
3815,2,1,3,15,0,0.0,0.0,0.0,0.0,0.0,,2,324,0
3816,2,0,3,28,0,74.0,23397.0,0.0,0.0,721.0,,2,325,0
3817,2,1,3,19,0,0.0,0.0,0.0,0.0,0.0,,2,325,0
3818,1,0,1,28,0,956.0,643.0,1.0,0.0,7.0,,5,535,1
3819,1,0,1,18,0,0.0,52.0,52.0,8.0,1511.0,,5,536,1
3820,2,0,3,31,0,0.0,2279.0,0.0,4724.0,333.0,,2,327,0
3821,2,0,3,26,0,1054.0,451.96167494677076,0.0,3658.0,705.0,,2,327,0
3822,2,0,3,9,0,0.0,0.0,0.0,0.0,0.0,,2,327,0
3823,2,1,3,42,0,0.0,0.0,0.0,0.0,0.0,,2,327,0
3824,2,0,1,32,0,0.0,2902.0,560.0,1.0,709.0,,2,327,0
3825,1,1,2,22,0,0.0,0.0,0.0,0.0,0.0,,7,1362,1
3826,1,0,1,51,0,224.0,451.96167494677076,694.0,39.0,0.0,,7,1343,0
3827,2,0,1,31,0,0.0,4933.0,0.0,83.0,259.0,,4,249,0
3828,2,0,1,44,0,52.0,338.0,976.0,0.0,5276.0,,4,249,0
3829,2,1,1,36,0,0.0,0.0,0.0,0.0,0.0,,3,314,0
3830,3,1,1,29,0,0.0,0.0,0.0,0.0,0.0,,6,1723,1
3831,3,0,1,36,1,566.0,0.0,153.0,0.0,664.0,,6,1723,1
3832,3,0,1,9,0,0.0,0.0,0.0,0.0,0.0,,6,1723,1
3833,1,0,1,16,0,1.0,780.0,0.0,0.0,9.0,,5,551,0
3834,1,1,2,18,0,0.0,0.0,0.0,0.0,0.0,,7,1344,0
3835,3,0,1,51,0,0.0,0.0,0.0,0.0,0.0,,5,552,0
3836,3,0,2,30,0,1001.0,0.0,597.0,17.0,0.0,,6,1611,0
3837,1,0,2,44,0,0.0,0.0,0.0,1681.0,0.0,,5,538,1
3838,1,0,2,22,0,0.0,558.0,5.0,174.0,0.0,,6,1612,0
3839,1,1,1,39,0,0.0,0.0,0.0,0.0,0.0,,7,1345,0
3840,1,0,2,18,0,223.0,0.0,0.0,27.0,4457.0,,7,1345,0
3841,2,1,1,34,0,0.0,0.0,0.0,0.0,0.0,,3,278,1
3842,2,1,1,25,0,0.0,0.0,0.0,0.0,0.0,,3,278,1
3843,2,1,1,25,0,0.0,0.0,0.0,0.0,0.0,,3,278,1
3844,1,0,3,16,0,0.0,1180.0,216.0,0.0,306.7894819713431,,6,1614,0
3845,1,1,2,41,0,0.0,0.0,0.0,0.0,0.0,,7,1347,0
3846,1,0,1,28,0,2.0,1210.0,195.0,0.0,0.0,,6,1727,1
3847,1,1,1,15,0,0.0,0.0,0.0,0.0,0.0,,7,1348,0
3848,3,0,1,49,0,601.0,0.0,1328.0,725.0,4.0,,6,1616,0
3849,1,0,1,43,0,0.0,0.0,775.0,0.0,93.0,,6,1617,0
3850,1,0,1,28,0,1524.0,32.0,59.0,3.0,0.0,,5,539,1
3851,1,0,1,18,0,0.0,0.0,46.0,420.0,434.0,,6,1728,1
3852,1,1,3,14,0,0.0,0.0,0.0,0.0,0.0,,7,1350,0
3853,1,1,1,40,0,0.0,0.0,0.0,0.0,0.0,,7,1350,0
3854,1,0,1,28,0,0.0,884.0,0.0,0.0,0.0,,7,1375,1
3855,1,0,1,34,0,3956.0,0.0,11.0,0.0,0.0,,7,1375,1
3856,1,0,1,22,0,0.0,22.0,965.0,0.0,0.0,,5,555,0
3857,2,1,1,41,0,0.0,0.0,0.0,0.0,0.0,,4,261,1
3858,1,0,1,19,0,162.0,11.0,0.0,0.0,1216.0,,6,1730,1
3859,1,0,1,33,0,35.0,709.0,0.0,1519.0,0.0,,6,1622,0
3860,1,1,1,19,0,0.0,0.0,0.0,0.0,0.0,,7,1378,1
3861,3,0,3,24,0,698.0,0.0,64.0,259.0,150.0,,6,1731,1
3862,3,1,1,3,0,0.0,0.0,0.0,0.0,0.0,,6,1731,1
3863,3,1,1,19,0,0.0,0.0,0.0,0.0,0.0,,6,1731,1
3864,3,1,1,19,0,0.0,0.0,0.0,0.0,0.0,,6,82,0
3865,3,0,1,45,0,2146.0,0.0,451.0,2.0,0.0,,6,1732,1
3866,1,1,2,29,0,0.0,0.0,174.90603284902085,0.0,0.0,,7,1353,0
3867,1,1,1,54,0,0.0,0.0,0.0,0.0,0.0,,7,1353,0
3868,1,0,3,1,0,0.0,0.0,0.0,0.0,0.0,,7,1353,0
3869,3,0,1,18,1,2572.0,0.0,6.0,0.0,0.0,,4,262,1
3870,3,1,3,24,0,0.0,0.0,0.0,0.0,0.0,,6,1735,1
3871,3,0,3,18,0,1251.0,0.0,34.0,8.0,0.0,,6,1735,1
3872,3,1,1,19,0,0.0,0.0,0.0,0.0,0.0,,6,1735,1
3873,1,0,1,22,0,24.0,3.0,729.0,2.0,0.0,,6,1626,0
3874,2,0,1,48,0,51.0,1.0,0.0,2.0,2890.0,,3,318,0
3875,2,0,3,39,0,0.0,11020.0,417.0,182.0,4281.0,,4,251,0
3876,3,0,1,40,0,2249.0,4.0,345.0,0.0,0.0,,6,1631,0
3877,3,1,1,34,0,0.0,0.0,0.0,0.0,0.0,,6,1631,0
3878,1,0,1,0,0,0.0,0.0,0.0,0.0,0.0,,7,1381,1
3879,1,0,1,25,0,0.0,0.0,158.0,730.0,0.0,,7,1381,1
3880,1,1,1,3,0,0.0,0.0,0.0,0.0,0.0,,7,1357,0
3881,1,0,1,24,0,6.0,0.0,0.0,785.0,0.0,,5,557,0
3882,3,1,1,39,0,0.0,0.0,0.0,0.0,0.0,,6,1634,0
3883,1,1,2,55,0,0.0,0.0,0.0,0.0,0.0,,7,1359,0
3884,2,0,3,24,0,183.0,3156.0,0.0,19.0,1518.0,,4,264,1
3885,3,0,1,28,0,1485.0,0.0,8.0,0.0,0.0,,6,82,0
3886,1,0,1,27,0,6.0,0.0,395.0,248.0,17.0,,6,1741,1
3887,1,0,1,19,0,0.0,0.0,0.0,0.0,0.0,,7,1361,0
3888,1,0,1,27,0,0.0,394.0,1.0,291.0,1.0,,6,1742,1
3889,1,1,2,24,0,0.0,0.0,0.0,0.0,0.0,,7,1362,0
3890,1,1,2,31,0,0.0,0.0,0.0,0.0,0.0,,7,1363,0
3891,3,0,1,52,0,8.0,0.0,0.0,1518.0,0.0,,6,1745,1
3892,2,0,1,28,0,0.0,2189.0,174.90603284902085,1007.0,7.0,,4,265,1
3893,3,0,1,58,0,828.0,0.0,355.0,0.0,0.0,,4,255,0
3894,3,1,1,16,0,0.0,0.0,0.0,0.0,0.0,,6,1636,0
3895,1,0,1,36,0,880.0,0.0,0.0,4.0,0.0,,7,1386,1
3896,1,0,1,23,0,590.0,0.0,211.0,2.0,0.0,,6,1749,1
3897,1,0,3,25,0,0.0,257.0,2.0,896.0,119.0,,1,87,1
3898,2,1,1,21,0,0.0,0.0,0.0,0.0,0.0,,1,87,1
3899,1,1,1,22,0,0.0,0.0,0.0,0.0,0.0,,7,1366,0
3900,1,0,1,20,0,5.0,736.0,0.0,10.0,0.0,,7,1367,0
3901,1,0,1,56,0,359.0,0.0,0.0,0.0,438.0,,6,1638,0
3902,1,0,1,4,0,0.0,0.0,0.0,0.0,0.0,,7,1368,0
3903,2,0,1,36,0,0.0,1683.0,51.0,111.0,23.0,,3,321,0
3904,2,1,1,47,0,0.0,0.0,0.0,0.0,0.0,,3,321,0
3905,3,0,1,24,0,2276.0,21.0,54.0,226.0,0.0,,4,256,0
3906,3,0,1,30,0,68.0,264.0,1773.0,0.0,4.0,,5,558,0
3907,1,1,3,21,0,0.0,0.0,0.0,0.0,0.0,,7,1387,1
3908,1,0,1,52,0,0.0,11.0,0.0,529.0,264.0,,6,1639,0
3909,1,1,1,18,0,0.0,0.0,0.0,0.0,0.0,,7,1388,1
3910,1,0,1,53,0,59.0,116.0,0.0,389.0,0.0,,6,1752,1
3911,1,1,1,62,0,0.0,0.0,0.0,0.0,0.0,,7,1370,0
3912,1,0,1,9,0,0.0,0.0,0.0,0.0,306.7894819713431,,7,1371,0
3913,1,1,2,2,0,0.0,0.0,0.0,0.0,0.0,,7,1371,0
3914,1,1,1,28,0,0.0,0.0,0.0,0.0,0.0,,7,1371,0
3915,1,0,1,23,0,0.0,1.0,474.0,97.0,129.0,,6,1641,0
3916,3,0,1,28,0,2585.0,0.0,4.0,2.0,7.0,,6,1644,0
3917,1,0,1,59,0,0.0,539.0,334.0,0.0,0.0,,6,1646,0
3918,1,1,2,23,0,0.0,451.96167494677076,0.0,0.0,0.0,,7,1373,0
3919,1,0,2,20,0,11.0,0.0,597.0,25.0,29.0,,6,1646,0
3920,1,0,1,24,0,0.0,0.0,91.0,818.0,0.0,,7,1373,0
3921,1,0,1,48,0,421.0,0.0,370.0,0.0,0.0,,5,560,0
3922,1,0,1,25,0,21.0,8.0,0.0,873.0,225.0,,6,1646,0
3923,1,1,2,37,0,0.0,0.0,0.0,308.4769036733407,0.0,,7,1373,0
3924,1,0,1,40,0,256.0,169.0,0.0,0.0,794.0,,6,1646,0
3925,1,1,3,17,0,0.0,0.0,0.0,0.0,0.0,,7,1389,1
3926,1,0,1,17,0,476.0,0.0,0.0,262.0,0.0,,6,1754,1
3927,1,0,1,21,0,0.0,0.0,39.0,345.0,391.0,,6,1649,0
3928,3,0,1,50,0,1256.0,0.0,39.0,0.0,3.0,,5,546,1
3929,1,1,2,38,0,0.0,0.0,0.0,0.0,0.0,,7,1390,1
3930,1,0,1,39,0,33.0,729.0,0.0,0.0,0.0,,6,1757,1
3931,1,0,3,0,0,0.0,0.0,0.0,0.0,0.0,,7,1390,1
3932,1,1,1,32,0,0.0,0.0,0.0,0.0,0.0,,7,1374,0
3933,3,0,1,39,0,236.0,0.0,383.0,0.0,0.0,,6,1650,0
3934,1,0,1,13,0,0.0,11.0,27.0,1473.0,1.0,,6,1759,1
3935,1,0,2,18,0,332.0,1.0,0.0,987.0,0.0,,6,1760,1
3936,1,1,1,31,0,0.0,451.96167494677076,0.0,0.0,0.0,,7,1376,0
3937,1,0,3,5,0,0.0,0.0,0.0,0.0,0.0,,7,1376,0
3938,1,0,1,47,0,0.0,3.0,133.0,0.0,772.0,,7,1376,0
3939,2,0,3,43,0,1.0,416.0,0.0,103.0,5182.0,,5,549,1
3940,2,0,1,27,0,55.0,1381.0,0.0,3237.0,146.0,,5,549,1
3941,2,0,1,27,0,0.0,158.0,48.0,122.0,1616.0,,5,549,1
3942,2,1,3,31,0,0.0,0.0,174.90603284902085,0.0,0.0,,5,561,0
3943,2,1,3,26,0,0.0,0.0,0.0,0.0,0.0,,5,561,0
3944,1,0,1,22,0,2.0,0.0,840.0,0.0,0.0,,7,1393,1
3945,1,1,3,25,0,0.0,451.96167494677076,0.0,0.0,0.0,,3,322,0
3946,1,0,2,20,0,0.0,0.0,13.0,480.0,249.0,,6,1761,1
3947,2,1,3,23,0,0.0,0.0,0.0,0.0,0.0,,2,335,0
3948,1,1,1,19,0,0.0,0.0,0.0,0.0,0.0,,7,1380,0
3949,3,1,1,27,0,0.0,0.0,0.0,0.0,0.0,,6,1762,1
3950,3,1,1,8,0,0.0,0.0,0.0,0.0,0.0,,6,1762,1
3951,3,0,1,66,0,1008.0,0.0,70.0,36.0,1302.0,,6,1656,0
3952,1,0,1,17,0,453.0,2377.0,3.0,0.0,306.7894819713431,,6,1764,1
3953,1,0,1,41,0,2789.0,0.0,0.0,0.0,0.0,,6,1657,0
3954,1,1,1,14,0,0.0,0.0,0.0,0.0,0.0,,7,1384,0
3955,1,0,1,53,0,13.0,0.0,47.0,0.0,748.0,,7,1395,1
3956,1,1,2,13,0,0.0,0.0,0.0,0.0,0.0,,7,1397,1
3957,1,0,1,19,0,4.0,0.0,1604.0,0.0,0.0,,5,552,1
3958,1,0,1,19,0,0.0,22.0,0.0,677.0,0.0,,6,1660,0
3959,1,0,1,14,0,604.0,0.0,0.0,0.0,754.0,,6,1662,0
3960,1,0,1,18,0,1.0,0.0,0.0,822.0,0.0,,6,1663,0
3961,3,0,1,25,0,292.0,0.0,1322.0,0.0,0.0,,6,1771,1
3962,1,1,1,16,0,0.0,0.0,0.0,0.0,0.0,,7,1401,1
3963,1,1,1,6,0,0.0,0.0,0.0,0.0,0.0,,7,1401,1
3964,3,1,1,22,0,0.0,0.0,0.0,0.0,0.0,,6,1669,0
3965,1,0,2,3,0,0.0,0.0,0.0,0.0,0.0,,7,1403,1
3966,1,0,1,19,0,546.0,0.0,7.0,0.0,225.0,,6,1777,1
3967,1,1,1,23,0,0.0,0.0,0.0,0.0,0.0,,7,1403,1
3968,1,0,1,26,0,1.0,0.0,0.0,1066.0,83.0,,6,1670,0
3969,1,0,1,23,0,209.0,52.0,3.0,0.0,387.0,,6,1671,0
3970,1,0,1,25,0,574.0,1.0,0.0,0.0,141.0,,6,1778,1
3971,1,0,2,20,0,0.0,0.0,20.0,529.0,1.0,,6,1672,0
3972,1,0,3,29,0,11.0,0.0,1214.0,6.0,0.0,,6,1674,0
3973,1,0,1,26,0,3.0,821.0,0.0,0.0,49.0,,6,1782,1
3974,1,1,1,19,0,0.0,0.0,0.0,0.0,0.0,,7,1405,1
3975,1,1,1,28,0,0.0,0.0,174.90603284902085,0.0,0.0,,7,1396,0
3976,1,0,1,21,0,3.0,0.0,697.0,0.0,0.0,,6,1785,1
3977,2,0,1,25,0,0.0,751.0,0.0,1999.0,306.7894819713431,,4,261,0
3978,2,0,1,27,1,0.0,4248.0,440.0,16.0,1070.0,,4,261,0
3979,2,0,1,54,0,0.0,2239.0,0.0,42.0,37.0,,4,261,0
3980,1,1,3,9,0,0.0,0.0,0.0,0.0,0.0,,7,1399,0
3981,1,0,1,24,0,201.0,0.0,621.0,0.0,306.7894819713431,,6,1678,0
3982,1,1,1,22,0,0.0,0.0,0.0,0.0,0.0,,7,1407,1
3983,2,0,1,42,0,0.0,1257.0,40.0,1827.0,1036.0,,4,262,0
3984,2,0,1,35,0,21.0,5642.0,0.0,54.0,805.0,,5,557,1
3985,1,1,1,6,0,0.0,0.0,0.0,0.0,0.0,,7,1408,1
3986,3,0,1,39,0,1539.0,0.0,0.0,167.0,0.0,,6,1682,0
3987,3,0,1,24,0,466.0,0.0,2257.0,6.0,0.0,,4,263,0
3988,2,1,3,21,0,0.0,0.0,0.0,0.0,0.0,,3,286,1
3989,2,0,3,48,0,259.0,2419.0,0.0,3710.0,789.0,,3,286,1
3990,2,1,1,24,0,0.0,0.0,0.0,0.0,0.0,,3,286,1
3991,1,1,2,25,0,0.0,0.0,0.0,0.0,0.0,,7,1401,0
3992,1,0,3,29,0,0.0,710.0,0.0,1.0,0.0,,7,1402,0
3993,1,1,2,52,0,0.0,0.0,0.0,0.0,0.0,,7,1403,0
3994,2,0,3,43,0,3595.0,2075.0,0.0,13.0,0.0,,3,287,1
3995,3,0,3,20,0,0.0,0.0,0.0,0.0,0.0,,6,1790,1
3996,1,0,3,19,0,0.0,0.0,37.0,0.0,734.0,,7,1412,1
3997,1,0,1,20,0,0.0,0.0,264.0,451.0,0.0,,7,1404,0
3998,3,0,1,48,1,390.0,0.0,977.0,16.0,0.0,,6,1791,1
3999,2,0,3,29,0,0.0,483.0,174.90603284902085,255.0,1922.0,,2,282,1
4000,2,1,3,46,0,0.0,0.0,0.0,0.0,0.0,,2,282,1
4001,1,1,1,18,0,0.0,0.0,0.0,0.0,0.0,,7,1414,1
4002,1,0,3,36,0,0.0,10.0,9.0,308.4769036733407,796.0,,7,1415,1
4003,3,0,1,22,0,816.0,1308.0,245.0,4923.0,0.0,,6,1795,1
4004,1,1,1,7,0,0.0,0.0,0.0,0.0,0.0,,7,1405,0
4005,3,1,1,38,0,0.0,0.0,0.0,0.0,0.0,,6,1796,1
4006,2,0,3,44,0,0.0,29.0,1319.0,172.0,2562.0,,3,288,1
4007,2,0,3,24,0,0.0,1945.0,0.0,2606.0,0.0,,5,569,0
4008,3,1,1,42,0,0.0,0.0,0.0,0.0,0.0,,6,1801,1
4009,1,1,1,35,0,0.0,0.0,0.0,0.0,0.0,,7,1418,1
4010,1,0,1,33,0,466.0,0.0,14.0,3013.0,0.0,,6,1692,0
4011,1,0,3,22,0,0.0,0.0,0.0,298.0,1226.0,,5,560,1
4012,1,0,1,35,0,0.0,0.0,161.0,630.0,0.0,,5,561,1
4013,1,0,1,21,0,0.0,398.0,15.0,0.0,354.0,,7,1419,1
4014,1,1,2,19,0,0.0,0.0,0.0,0.0,0.0,,7,1407,0
4015,3,1,1,34,0,222.89785157787045,0.0,0.0,0.0,0.0,,6,1693,0
4016,3,0,1,52,0,560.0,0.0,615.0,1.0,306.7894819713431,,5,571,0
4017,3,0,1,18,0,1953.0,0.0,615.0,0.0,11.0,,4,271,1
4018,3,0,1,28,0,945.0,0.0,121.0,0.0,270.0,,6,1803,1
4019,2,0,1,32,0,0.0,63.0,1464.0,486.0,4574.0,,2,283,1
4020,2,0,1,36,0,0.0,774.0,0.0,550.0,1562.0,,5,572,0
4021,2,0,3,55,0,0.0,7250.0,1.0,1369.0,2.0,,5,572,0
4022,3,0,1,65,0,2054.0,66.0,268.0,0.0,0.0,,4,273,1
4023,1,0,1,29,0,1694.0,3.0,0.0,0.0,80.0,,7,1420,1
4024,1,0,1,18,0,0.0,0.0,20.0,789.0,0.0,,6,1806,1
4025,1,0,2,0,0,0.0,0.0,0.0,0.0,0.0,,7,1420,1
4026,3,0,1,35,0,3529.0,0.0,2142.0,0.0,0.0,,6,1698,0
4027,2,0,3,37,0,0.0,2161.0,0.0,4702.0,78.0,,2,338,0
4028,2,0,1,13,0,0.0,797.0,0.0,3104.0,3649.0,,2,338,0
4029,1,0,1,15,0,279.0,354.0,849.0,15.0,48.0,,5,573,0
4030,1,0,3,33,0,0.0,18.0,1693.0,0.0,78.0,,7,1411,0
4031,1,0,1,28,0,0.0,1.0,0.0,145.0,556.0,,6,1699,0
4032,1,1,1,40,0,0.0,0.0,0.0,0.0,0.0,,4,275,1
4033,1,0,1,36,0,114.0,20.0,0.0,0.0,1485.0,,5,575,0
4034,3,1,1,33,0,0.0,0.0,0.0,0.0,0.0,,6,1809,1
4035,3,1,1,4,0,0.0,0.0,0.0,0.0,0.0,,6,1809,1
4036,1,0,1,20,0,611.0,0.0,61.0,149.0,0.0,,6,1702,0
4037,1,0,2,23,0,0.0,0.0,0.0,728.0,29.0,,6,1811,1
4038,3,0,1,24,0,555.0,0.0,1307.0,0.0,12.0,,6,1703,0
4039,2,0,3,18,0,2304.0,207.0,174.90603284902085,71.0,2724.0,,3,289,1
4040,2,1,2,25,0,0.0,0.0,0.0,308.4769036733407,0.0,,3,289,1
4041,2,1,3,26,0,0.0,0.0,0.0,0.0,0.0,,3,289,1
4042,2,0,1,52,0,0.0,713.0,0.0,4331.0,316.0,,3,289,1
4043,2,1,1,47,0,0.0,0.0,174.90603284902085,0.0,0.0,,3,289,1
4044,1,0,3,24,0,0.0,618.0,0.0,0.0,14.0,,6,1813,1
4045,1,1,1,3,0,0.0,0.0,0.0,0.0,0.0,,7,1423,1
4046,1,0,1,9,0,0.0,0.0,0.0,0.0,0.0,,7,1423,1
4047,1,0,1,2,0,0.0,0.0,0.0,0.0,0.0,,7,1423,1
4048,1,0,1,19,0,13.0,905.0,861.0,0.0,0.0,,7,1423,1
4049,1,0,2,12,0,0.0,0.0,0.0,0.0,0.0,,7,1423,1
4050,1,1,3,21,0,0.0,0.0,0.0,0.0,0.0,,7,1424,1
4051,3,1,1,20,0,0.0,0.0,0.0,0.0,0.0,,6,1814,1
4052,3,1,1,63,0,0.0,0.0,0.0,0.0,0.0,,6,1814,1
4053,3,1,1,15,0,0.0,0.0,0.0,0.0,0.0,,6,1814,1
4054,3,0,1,25,0,491.0,78.0,723.0,9.0,7.0,,6,1814,1
4055,3,0,1,13,0,541.0,0.0,1.0,1147.0,0.0,,6,1814,1
4056,3,0,1,45,1,1233.0,0.0,0.0,99.0,3.0,,6,1709,0
4057,1,1,1,17,0,0.0,0.0,0.0,0.0,0.0,,7,1425,1
4058,1,0,3,18,0,0.0,0.0,953.0,0.0,22.0,,7,1423,0
4059,1,0,1,40,0,0.0,305.0,0.0,41.0,397.0,,6,1714,0
4060,1,0,3,40,0,0.0,575.0,0.0,1.0,1243.0,,7,1426,0
4061,2,0,1,65,0,0.0,2462.0,0.0,15.0,176.0,,1,105,0
4062,2,0,3,45,0,17.0,2914.0,0.0,4.0,1813.0,,1,105,0
4063,2,0,1,34,0,28.0,65.0,3429.0,6555.0,12113.0,,3,328,0
4064,2,0,1,37,0,90.0,2176.0,0.0,134.0,2272.0,,3,328,0
4065,1,1,1,13,0,0.0,0.0,0.0,0.0,0.0,,7,1432,1
4066,1,1,3,16,0,0.0,0.0,0.0,0.0,0.0,,7,1428,0
4067,3,0,1,16,0,145.0,0.0,549.0,603.0,1.0,,5,581,0
4068,1,1,3,13,0,0.0,0.0,0.0,0.0,0.0,,7,1435,1
4069,3,0,1,19,0,1581.0,451.96167494677076,221.0,0.0,0.0,,4,268,0
4070,1,0,2,54,0,1.0,2115.0,0.0,0.0,35.0,,6,1827,1
4071,3,1,1,13,0,0.0,451.96167494677076,0.0,0.0,0.0,,6,1718,0
4072,3,0,1,40,0,1150.0,0.0,966.0,497.0,6.0,,6,1718,0
4073,2,0,1,25,0,0.0,0.0,0.0,0.0,0.0,,1,93,1
4074,2,0,1,36,0,0.0,3973.0,18.0,5188.0,543.0,,1,93,1
4075,2,1,3,58,0,0.0,0.0,0.0,0.0,0.0,,1,93,1
4076,2,0,1,2,0,0.0,0.0,0.0,0.0,0.0,,3,330,0
4077,2,0,1,32,0,26.0,1708.0,0.0,3993.0,481.0,,3,330,0
4078,2,1,1,32,0,0.0,0.0,0.0,0.0,0.0,,3,330,0
4079,2,1,1,28,0,0.0,0.0,0.0,0.0,0.0,,3,292,1
4080,2,1,1,54,0,0.0,0.0,0.0,0.0,0.0,,3,292,1
4081,1,1,1,21,0,0.0,0.0,0.0,0.0,0.0,,7,1437,1
4082,1,0,1,46,0,993.0,0.0,0.0,0.0,0.0,,5,583,0
4083,3,1,3,43,0,0.0,0.0,0.0,308.4769036733407,0.0,,5,569,1
4084,1,0,1,18,0,0.0,341.0,18.0,756.0,175.0,,6,1720,0
4085,2,1,3,26,0,0.0,0.0,0.0,0.0,0.0,,3,293,1
4086,2,1,3,15,0,0.0,0.0,0.0,0.0,0.0,,3,293,1
4087,2,1,1,39,0,0.0,0.0,0.0,0.0,0.0,,3,294,1
4088,2,0,1,41,0,1646.0,546.0,0.0,1013.0,2471.0,,3,294,1
4089,1,0,1,39,0,701.0,170.0,0.0,0.0,0.0,,5,584,0
4090,1,1,2,19,0,0.0,0.0,0.0,0.0,0.0,,7,1439,0
4091,1,0,1,13,0,190.0,495.0,10.0,7.0,0.0,,6,1833,1
4092,3,0,1,43,1,12.0,0.0,1039.0,6.0,0.0,,4,279,1
4093,1,1,2,33,0,0.0,0.0,0.0,0.0,0.0,,7,1443,1
4094,1,1,1,39,0,0.0,0.0,0.0,0.0,0.0,,7,1444,1
4095,1,1,1,1,0,0.0,0.0,0.0,0.0,0.0,,7,1444,1
4096,1,0,3,5,0,0.0,0.0,0.0,0.0,0.0,,7,1444,1
4097,1,0,1,23,0,2.0,598.0,20.0,0.0,189.0,,6,82,0
4098,1,0,1,41,0,0.0,0.0,0.0,2.0,906.0,,7,1446,1
4099,1,1,1,39,0,0.0,0.0,0.0,0.0,0.0,,7,1447,1
4100,1,1,1,26,0,0.0,0.0,0.0,0.0,0.0,,7,1440,0
4101,2,1,1,25,0,0.0,0.0,0.0,0.0,0.0,,2,288,1
4102,2,1,3,35,0,0.0,0.0,0.0,0.0,0.0,,3,332,0
4103,2,1,1,3,0,0.0,0.0,0.0,0.0,0.0,,3,295,1
4104,2,0,1,1,0,0.0,0.0,0.0,0.0,0.0,,3,295,1
4105,2,1,3,13,0,0.0,0.0,0.0,0.0,0.0,,3,295,1
4106,2,0,1,41,0,0.0,7621.0,0.0,0.0,1.0,,3,295,1
4107,2,1,1,36,0,0.0,0.0,0.0,0.0,0.0,,3,295,1
4108,2,0,1,27,0,0.0,2182.0,7.0,2582.0,19.0,,3,295,1
4109,2,0,1,40,0,269.0,10651.0,0.0,906.0,141.0,,3,296,1
4110,1,0,1,59,0,0.0,638.0,0.0,312.0,603.0,,6,1724,0
4111,3,0,2,25,0,1481.0,0.0,135.0,0.0,0.0,,6,1726,0
4112,3,0,1,22,0,0.0,0.0,0.0,0.0,0.0,,5,572,1
4113,2,0,3,32,0,0.0,5778.0,0.0,3527.0,6002.0,,5,573,1
4114,1,0,1,22,0,0.0,0.0,793.0,0.0,12.0,,6,1728,0
4115,3,0,1,55,1,1176.0,0.0,6.0,967.0,2.0,,5,586,0
4116,1,0,1,22,0,4.0,0.0,0.0,11.0,634.0,,6,1730,0
4117,2,1,2,33,0,0.0,0.0,0.0,0.0,0.0,,3,334,0
4118,1,0,1,57,0,0.0,0.0,0.0,0.0,1144.0,,6,1835,1
4119,1,0,1,26,0,222.89785157787045,0.0,152.0,145.0,3.0,,7,1451,1
4120,2,0,3,28,0,322.0,451.96167494677076,8.0,3783.0,3000.0,,2,289,1
4121,1,0,1,23,0,639.0,0.0,0.0,6.0,0.0,,6,1836,1
4122,1,0,1,62,0,0.0,633.0,0.0,0.0,338.0,,6,1732,0
4123,1,0,1,45,0,0.0,107.0,0.0,697.0,5.0,,7,1443,0
4124,1,1,1,23,0,0.0,0.0,0.0,0.0,0.0,,7,1454,1
4125,1,0,1,0,0,0.0,0.0,0.0,0.0,0.0,,7,1444,0
4126,1,0,1,21,0,0.0,0.0,2.0,188.0,620.0,,7,1444,0
4127,1,1,1,0,0,0.0,0.0,0.0,0.0,306.7894819713431,,7,1444,0
4128,1,0,1,23,0,145.0,0.0,0.0,376.0,928.0,,6,1733,0
4129,2,1,1,25,0,0.0,0.0,0.0,0.0,0.0,,6,82,0
4130,3,0,1,32,0,773.0,0.0,25.0,11.0,0.0,,4,271,0
4131,2,0,1,46,0,0.0,0.0,0.0,0.0,306.7894819713431,,2,290,1
4132,2,1,3,28,0,0.0,0.0,0.0,0.0,0.0,,3,301,1
4133,3,0,2,39,1,369.0,0.0,1636.0,0.0,0.0,,6,1738,0
4134,3,0,1,18,0,1037.0,1.0,2.0,0.0,0.0,,4,273,0
4135,3,0,3,22,0,5454.0,34.0,0.0,0.0,0.0,,4,273,0
4136,3,1,1,23,0,0.0,0.0,0.0,0.0,0.0,,4,273,0
4137,3,0,1,22,0,2351.0,0.0,256.0,542.0,0.0,,4,273,0
4138,3,0,1,73,0,669.0,85.0,943.0,1627.0,0.0,,4,273,0
4139,3,1,1,17,0,0.0,0.0,0.0,0.0,0.0,,4,273,0
4140,3,1,1,20,0,0.0,0.0,0.0,0.0,0.0,,4,273,0
4141,1,0,1,15,0,0.0,0.0,3.0,8.0,998.0,,6,82,0
4142,1,1,1,55,0,0.0,0.0,0.0,0.0,0.0,,7,1457,1
4143,1,0,1,42,0,0.0,715.0,0.0,109.0,0.0,,6,1843,1
4144,3,0,1,39,0,2416.0,6.0,70.0,106.0,0.0,,6,1845,1
4145,3,1,1,8,0,0.0,0.0,0.0,0.0,0.0,,6,1845,1
4146,3,0,1,38,0,2855.0,77.0,0.0,308.4769036733407,240.0,,4,284,1
4147,1,0,1,17,0,344.0,1.0,6.0,0.0,275.0,,7,1450,0
4148,1,0,1,13,0,0.0,0.0,43.0,844.0,1.0,,7,1451,0
4149,1,1,1,28,0,0.0,0.0,0.0,0.0,0.0,,7,1452,0
4150,2,0,3,22,0,0.0,451.96167494677076,7.0,2.0,2146.0,,2,345,0
4151,2,0,3,64,0,3.0,46.0,10.0,630.0,2628.0,,2,345,0
4152,2,0,3,30,1,0.0,1517.0,0.0,14252.0,4617.0,,2,345,0
4153,2,1,3,28,0,0.0,0.0,0.0,0.0,0.0,,2,345,0
4154,2,0,3,28,0,0.0,2918.0,0.0,3196.0,6.0,,2,345,0
4155,1,1,1,39,0,0.0,0.0,0.0,0.0,0.0,,7,1453,0
4156,1,0,1,31,0,685.0,0.0,113.0,0.0,0.0,,6,1748,0
4157,1,1,1,24,0,0.0,0.0,0.0,0.0,0.0,,6,1748,0
4158,1,1,1,0,0,0.0,0.0,0.0,0.0,0.0,,6,1748,0
4159,1,0,1,42,0,0.0,0.0,28.0,726.0,0.0,,7,1454,0
4160,1,1,1,0,0,0.0,0.0,0.0,0.0,0.0,,7,1454,0
4161,1,0,1,43,0,1.0,0.0,0.0,0.0,1995.0,,6,1750,0
4162,1,1,1,40,0,0.0,0.0,0.0,0.0,0.0,,7,1456,0
4163,1,1,1,23,0,0.0,0.0,0.0,0.0,0.0,,7,1468,1
4164,1,0,1,54,0,3.0,2.0,0.0,2212.0,113.0,,7,1469,1
4165,1,0,1,18,0,387.0,0.0,0.0,364.0,49.0,,6,1849,1
4166,3,0,1,20,0,1016.0,0.0,140.0,132.0,0.0,,6,1850,1
4167,3,0,1,24,0,93.0,6.0,174.90603284902085,0.0,0.0,,5,579,1
4168,1,0,1,18,0,0.0,463.0,799.0,0.0,0.0,,6,1851,1
4169,1,1,1,18,0,0.0,0.0,0.0,0.0,0.0,,7,1472,1
4170,1,0,1,47,0,838.0,56.0,7.0,0.0,6.0,,7,1473,1
4171,2,1,3,25,0,222.89785157787045,0.0,0.0,0.0,0.0,,2,295,1
4172,2,0,1,28,1,10.0,6882.0,131.0,76.0,0.0,,2,295,1
4173,1,1,3,8,0,0.0,0.0,0.0,0.0,0.0,,7,1458,0
4174,1,0,2,59,0,12.0,18.0,798.0,0.0,393.0,,6,1852,1
4175,2,0,1,51,0,294.0,153.0,0.0,1225.0,4.0,,4,289,1
4176,3,0,1,38,0,784.0,0.0,42.0,38.0,10.0,,6,82,0
4177,1,0,1,26,0,1576.0,0.0,47.0,1366.0,3.0,,6,1854,1
4178,1,1,1,65,0,0.0,0.0,0.0,0.0,0.0,,6,82,0
4179,2,1,3,36,0,0.0,0.0,0.0,0.0,0.0,,2,346,0
4180,3,1,1,28,0,0.0,0.0,0.0,0.0,0.0,,6,1755,0
4181,1,0,1,14,0,11.0,292.0,713.0,777.0,0.0,,7,1459,0
4182,1,1,1,9,0,0.0,0.0,0.0,0.0,0.0,,7,1459,0
4183,1,0,1,20,0,323.0,0.0,542.0,0.0,0.0,,6,82,0
4184,1,0,1,19,0,177.0,1058.0,0.0,0.0,0.0,,6,1757,0
4185,1,0,3,20,0,0.0,0.0,0.0,628.0,0.0,,7,1477,1
4186,3,1,1,34,0,0.0,0.0,0.0,0.0,0.0,,6,1859,1
4187,3,1,1,27,0,0.0,0.0,0.0,0.0,0.0,,5,581,1
4188,1,1,1,22,0,0.0,0.0,0.0,0.0,306.7894819713431,,7,1462,0
4189,1,0,2,15,0,8.0,1211.0,0.0,0.0,313.0,,6,1759,0
4190,3,0,1,28,0,1278.0,0.0,31.0,0.0,0.0,,6,1860,1
4191,1,0,3,28,0,43.0,3806.0,0.0,0.0,0.0,,5,596,0
4192,1,0,1,19,0,308.0,0.0,251.0,1099.0,306.7894819713431,,7,1464,0
4193,3,1,1,33,0,0.0,0.0,0.0,0.0,0.0,,6,1861,1
4194,1,0,1,29,0,0.0,5.0,2.0,0.0,963.0,,6,1862,1
4195,2,0,1,48,0,0.0,658.0,0.0,6812.0,0.0,,1,108,0
4196,1,0,1,31,0,0.0,0.0,174.90603284902085,0.0,198.0,,7,1478,1
4197,1,1,1,29,0,0.0,0.0,0.0,0.0,0.0,,7,1466,0
4198,1,1,2,24,0,0.0,0.0,174.90603284902085,0.0,0.0,,7,1466,0
4199,2,0,1,19,0,0.0,180.0,662.0,2153.0,1841.0,,5,583,1
4200,3,1,1,33,0,0.0,0.0,0.0,0.0,0.0,,6,1760,0
4201,1,1,1,29,0,0.0,0.0,0.0,0.0,0.0,,7,1480,1
4202,1,1,1,38,0,0.0,0.0,0.0,0.0,0.0,,7,1481,1
4203,3,1,1,19,0,0.0,0.0,0.0,0.0,0.0,,6,1762,0
4204,1,0,1,44,0,0.0,0.0,12.0,245.0,534.0,,5,584,1
4205,3,1,1,20,0,0.0,0.0,0.0,0.0,0.0,,6,1869,1
4206,3,1,1,53,0,0.0,0.0,0.0,0.0,0.0,,6,1764,0
4207,1,1,1,27,0,0.0,0.0,0.0,0.0,0.0,,7,1486,1
4208,1,0,2,23,0,383.0,0.0,296.0,0.0,0.0,,7,1487,1
4209,2,0,1,41,0,0.0,1998.0,0.0,1023.0,867.0,,6,82,0
4210,1,0,1,28,0,97.0,0.0,0.0,0.0,1720.0,,7,1472,0
4211,1,0,3,18,0,1181.0,0.0,0.0,3.0,1.0,,6,1767,0
4212,1,0,1,18,0,31.0,0.0,0.0,910.0,3.0,,7,1472,0
4213,1,0,1,52,0,994.0,0.0,173.0,0.0,24.0,,6,1874,1
4214,3,0,1,28,0,1014.0,81.0,1.0,85.0,1.0,,4,293,1
4215,3,1,3,15,0,0.0,0.0,0.0,0.0,0.0,,6,1874,1
4216,1,1,1,28,0,0.0,0.0,0.0,0.0,0.0,,7,1490,1
4217,1,0,1,15,0,0.0,798.0,0.0,95.0,0.0,,7,1492,1
4218,1,1,1,16,0,0.0,0.0,0.0,0.0,0.0,,7,1475,0
4219,2,0,1,17,0,149.0,2045.0,174.90603284902085,1872.0,0.0,,3,304,1
4220,2,0,1,48,0,0.0,7.0,12.0,78.0,1779.0,,3,304,1
4221,2,1,1,26,0,0.0,0.0,0.0,0.0,0.0,,3,304,1
4222,2,1,1,34,0,0.0,0.0,0.0,0.0,0.0,,3,304,1
4223,2,1,1,25,0,0.0,0.0,0.0,0.0,0.0,,4,294,1
4224,2,0,1,29,0,0.0,472.0,438.0,1716.0,2650.0,,4,294,1
4225,2,0,1,36,0,11.0,20.0,0.0,64.0,3108.0,,4,294,1
4226,2,1,3,62,0,0.0,0.0,0.0,0.0,0.0,,1,109,0
4227,2,0,1,29,0,0.0,5718.0,0.0,1444.0,5.0,,3,305,1
4228,2,1,3,19,0,0.0,0.0,0.0,0.0,0.0,,3,306,1
4229,2,1,3,28,0,0.0,0.0,0.0,0.0,0.0,,3,306,1
4230,1,0,1,14,0,0.0,0.0,174.90603284902085,1377.0,29.0,,6,1776,0
4231,3,0,1,40,0,0.0,451.96167494677076,1311.0,0.0,48.0,,5,589,1
4232,3,0,1,30,0,179.0,0.0,71.0,1038.0,0.0,,6,1879,1
4233,1,1,1,41,0,0.0,0.0,0.0,0.0,0.0,,7,1482,0
4234,2,0,1,31,0,0.0,54.0,33.0,1812.0,690.0,,4,277,0
4235,1,0,2,17,0,867.0,0.0,4.0,0.0,2.0,,5,591,1
4236,1,0,1,25,0,1033.0,515.0,0.0,0.0,1.0,,6,1781,0
4237,2,0,1,27,0,0.0,5980.0,5.0,168.0,21.0,,2,352,0
4238,2,0,1,47,0,0.0,697.0,0.0,63.0,3093.0,,2,352,0
4239,2,0,3,32,0,0.0,0.0,0.0,0.0,0.0,,2,352,0
4240,2,0,1,18,0,0.0,4038.0,0.0,951.0,1.0,,3,340,0
4241,1,0,3,33,0,222.89785157787045,319.0,0.0,0.0,0.0,,6,1881,1
4242,1,0,1,19,0,547.0,0.0,0.0,0.0,275.0,,6,1882,1
4243,1,0,1,13,0,2835.0,4.0,152.0,0.0,334.0,,6,1883,1
4244,1,1,1,40,0,0.0,0.0,0.0,0.0,0.0,,7,1495,1
4245,2,0,1,32,0,523.0,2.0,0.0,16.0,14834.0,,3,341,0
4246,2,1,1,42,0,0.0,0.0,0.0,0.0,0.0,,1,96,1
4247,1,0,1,22,0,0.0,147.0,3.0,0.0,494.0,,6,1885,1
4248,3,1,1,24,0,0.0,0.0,174.90603284902085,0.0,0.0,,6,82,0
4249,3,1,1,17,0,0.0,0.0,0.0,0.0,0.0,,6,82,0
4250,1,0,1,21,0,640.0,0.0,21.0,0.0,76.0,,6,1887,1
4251,3,0,1,24,0,222.89785157787045,32.0,282.0,1.0,0.0,,5,605,0
4252,1,0,1,41,0,652.0,0.0,112.0,10.0,0.0,,7,1499,1
4253,1,0,1,13,0,0.0,873.0,0.0,1.0,0.0,,6,1790,0
4254,1,0,1,10,0,0.0,0.0,0.0,0.0,0.0,,7,1501,1
4255,1,1,3,3,0,222.89785157787045,0.0,0.0,0.0,0.0,,7,1501,1
4256,1,1,1,16,0,0.0,0.0,0.0,0.0,0.0,,7,1501,1
4257,1,0,1,26,0,882.0,2.0,0.0,0.0,0.0,,7,1501,1
4258,1,1,1,14,0,0.0,0.0,0.0,0.0,0.0,,6,82,0
4259,1,0,3,0,0,0.0,0.0,0.0,0.0,0.0,,7,1501,1
4260,1,0,1,32,0,115.0,0.0,2156.0,486.0,0.0,,6,1890,1
4261,1,0,1,15,0,0.0,0.0,4.0,0.0,618.0,,5,594,1
4262,2,0,1,35,0,0.0,4813.0,0.0,142.0,523.0,,5,596,1
4263,1,0,1,20,0,1272.0,3.0,543.0,0.0,0.0,,6,1791,0
4264,1,0,1,21,0,147.0,603.0,20.0,0.0,0.0,,7,1492,0
4265,3,0,1,32,0,46.0,3.0,1258.0,0.0,0.0,,6,1794,0
4266,2,1,1,29,0,0.0,0.0,0.0,0.0,0.0,,5,598,1
4267,1,1,3,3,0,0.0,0.0,0.0,0.0,0.0,,7,1503,1
4268,1,0,3,20,0,0.0,601.0,103.0,35.0,0.0,,6,1795,0
4269,1,1,1,43,0,0.0,0.0,0.0,0.0,0.0,,7,1495,0
4270,3,0,1,43,0,47.0,0.0,3851.0,0.0,0.0,,4,278,0
4271,1,0,1,40,0,0.0,865.0,0.0,3.0,0.0,,6,1796,0
4272,1,1,1,34,0,0.0,0.0,0.0,0.0,0.0,,7,1496,0
4273,1,0,1,42,0,0.0,847.0,17.0,10.0,144.0,,6,82,0
4274,3,1,3,28,0,0.0,0.0,0.0,0.0,0.0,,4,296,1
4275,2,0,1,28,0,0.0,2680.0,0.0,0.0,523.0,,4,297,1
4276,1,1,2,43,0,0.0,0.0,0.0,0.0,0.0,,7,1498,0
